# VHH-NNLO scan points
# process: WplusHH
# energy_tev: 14
# scan_axis: kappa_2w
# scan_x_key: kappa_2w
# vmin: 0.7
# vmax: 1.3
# n_points: 400
# fixed_kappa: 1,1,1
#
kappa_2w	sigma_lo	sigma_nnlo	k	sigma_heft_over_sm_lo	sigma_heft_over_sm_nnlo
0.7	0.2156472193	0.25975485	1.204536051	0.694262315	0.6941581862
0.7015037594	0.216045761	0.2602339422	1.204531581	0.6955453943	0.6954384923
0.7030075188	0.2164450834	0.2607139872	1.204527186	0.6968309868	0.6967213448
0.7045112782	0.2168451864	0.2611949851	1.204522864	0.6981190926	0.6980067438
0.7060150376	0.2172460701	0.2616769358	1.204518617	0.6994097117	0.6992946893
0.707518797	0.2176477344	0.2621598395	1.204514443	0.700702844	0.7005851812
0.7090225564	0.2180501793	0.2626436961	1.204510342	0.7019984896	0.7018782196
0.7105263158	0.2184534049	0.2631285055	1.204506314	0.7032966484	0.7031738044
0.7120300752	0.2188574112	0.2636142678	1.204502358	0.7045973205	0.7044719357
0.7135338346	0.2192621981	0.264100983	1.204498474	0.7059005058	0.7057726134
0.715037594	0.2196677656	0.2645886511	1.204494662	0.7072062044	0.7070758376
0.7165413534	0.2200741138	0.2650772721	1.204490921	0.7085144163	0.7083816082
0.7180451128	0.2204812427	0.265566846	1.204487251	0.7098251414	0.7096899253
0.7195488722	0.2208891522	0.2660573728	1.204483652	0.7111383797	0.7110007889
0.7210526316	0.2212978423	0.2665488524	1.204480123	0.7124541313	0.7123141989
0.722556391	0.2217073132	0.2670412849	1.204476664	0.7137723962	0.7136301553
0.7240601504	0.2221175646	0.2675346703	1.204473274	0.7150931743	0.7149486583
0.7255639098	0.2225285967	0.2680290087	1.204469954	0.7164164656	0.7162697076
0.7270676692	0.2229404095	0.2685242998	1.204466702	0.7177422703	0.7175933034
0.7285714286	0.2233530029	0.2690205439	1.204463519	0.7190705881	0.7189194457
0.730075188	0.2237663769	0.2695177409	1.204460404	0.7204014192	0.7202481344
0.7315789474	0.2241805317	0.2700158907	1.204457357	0.7217347636	0.7215793696
0.7330827068	0.224595467	0.2705149935	1.204454378	0.7230706213	0.7229131513
0.7345864662	0.225011183	0.2710150491	1.204451465	0.7244089921	0.7242494793
0.7360902256	0.2254276797	0.2715160576	1.204448619	0.7257498763	0.7255883539
0.737593985	0.225844957	0.272018019	1.20444584	0.7270932737	0.7269297749
0.7390977444	0.226263015	0.2725209333	1.204443127	0.7284391843	0.7282737423
0.7406015038	0.2266818536	0.2730248004	1.20444048	0.7297876082	0.7296202563
0.7421052632	0.2271014728	0.2735296205	1.204437898	0.7311385454	0.7309693166
0.7436090226	0.2275218727	0.2740353934	1.204435381	0.7324919958	0.7323209234
0.745112782	0.2279430533	0.2745421192	1.204432929	0.7338479594	0.7336750767
0.7466165414	0.2283650145	0.275049798	1.204430541	0.7352064363	0.7350317764
0.7481203008	0.2287877564	0.2755584296	1.204428217	0.7365674265	0.7363910226
0.7496240602	0.2292112789	0.276068014	1.204425957	0.7379309299	0.7377528152
0.7511278195	0.2296355821	0.2765785514	1.204423761	0.7392969466	0.7391171543
0.7526315789	0.2300606659	0.2770900417	1.204421628	0.7406654765	0.7404840399
0.7541353383	0.2304865303	0.2776024848	1.204419557	0.7420365197	0.7418534719
0.7556390977	0.2309131755	0.2781158808	1.204417549	0.7434100761	0.7432254503
0.7571428571	0.2313406012	0.2786302298	1.204415603	0.7447861458	0.7445999752
0.7586466165	0.2317688076	0.2791455316	1.204413719	0.7461647288	0.7459770466
0.7601503759	0.2321977947	0.2796617862	1.204411896	0.747545825	0.7473566644
0.7616541353	0.2326275624	0.2801789938	1.204410135	0.7489294344	0.7487388286
0.7631578947	0.2330581108	0.2806971543	1.204408434	0.7503155571	0.7501235394
0.7646616541	0.2334894398	0.2812162676	1.204406794	0.7517041931	0.7515107965
0.7661654135	0.2339215495	0.2817363339	1.204405214	0.7530953423	0.7529006002
0.7676691729	0.2343544398	0.282257353	1.204403694	0.7544890047	0.7542929502
0.7691729323	0.2347881108	0.282779325	1.204402233	0.7558851805	0.7556878468
0.7706766917	0.2352225624	0.2833022499	1.204400832	0.7572838694	0.7570852898
0.7721804511	0.2356577947	0.2838261276	1.20439949	0.7586850717	0.7584852792
0.7736842105	0.2360938076	0.2843509583	1.204398206	0.7600887871	0.7598878151
0.7751879699	0.2365306011	0.2848767419	1.204396981	0.7614950159	0.7612928975
0.7766917293	0.2369681754	0.2854034783	1.204395813	0.7629037578	0.7627005263
0.7781954887	0.2374065302	0.2859311676	1.204394704	0.7643150131	0.7641107015
0.7796992481	0.2378456658	0.2864598098	1.204393651	0.7657287816	0.7655234232
0.7812030075	0.2382855819	0.2869894049	1.204392656	0.7671450633	0.7669386914
0.7827067669	0.2387262788	0.2875199529	1.204391718	0.7685638583	0.768356506
0.7842105263	0.2391677562	0.2880514538	1.204390836	0.7699851666	0.7697768671
0.7857142857	0.2396100144	0.2885839075	1.20439001	0.7714089881	0.7711997746
0.7872180451	0.2400530531	0.2891173142	1.20438924	0.7728353228	0.7726252286
0.7887218045	0.2404968726	0.2896516737	1.204388525	0.7742641708	0.7740532291
0.7902255639	0.2409414726	0.2901869861	1.204387866	0.7756955321	0.775483776
0.7917293233	0.2413868534	0.2907232514	1.204387262	0.7771294066	0.7769168693
0.7932330827	0.2418330147	0.2912604696	1.204386713	0.7785657944	0.7783525091
0.7947368421	0.2422799568	0.2917986407	1.204386217	0.7800046954	0.7797906954
0.7962406015	0.2427276794	0.2923377646	1.204385776	0.7814461097	0.7812314281
0.7977443609	0.2431761828	0.2928778415	1.204385389	0.7828900373	0.7826747072
0.7992481203	0.2436254667	0.2934188712	1.204385055	0.784336478	0.7841205329
0.8007518797	0.2440755314	0.2939608538	1.204384775	0.7857854321	0.7855689049
0.8022556391	0.2445263766	0.2945037893	1.204384547	0.7872368994	0.7870198235
0.8037593985	0.2449780026	0.2950476777	1.204384372	0.7886908799	0.7884732884
0.8052631579	0.2454304091	0.295592519	1.204384249	0.7901473737	0.7899292999
0.8067669173	0.2458835964	0.2961383132	1.204384178	0.7916063808	0.7913878578
0.8082706767	0.2463375643	0.2966850602	1.204384159	0.7930679011	0.7928489621
0.8097744361	0.2467923128	0.2972327601	1.204384192	0.7945319347	0.7943126129
0.8112781955	0.247247842	0.297781413	1.204384275	0.7959984815	0.7957788102
0.8127819549	0.2477041518	0.2983310187	1.20438441	0.7974675416	0.7972475539
0.8142857143	0.2481612423	0.2988815773	1.204384595	0.7989391149	0.798718844
0.8157894737	0.2486191134	0.2994330887	1.20438483	0.8004132015	0.8001926806
0.8172932331	0.2490777652	0.2999855531	1.204385116	0.8018898013	0.8016690637
0.8187969925	0.2495371976	0.3005389704	1.204385451	0.8033689144	0.8031479932
0.8203007519	0.2499974107	0.3010933405	1.204385836	0.8048505407	0.8046294692
0.8218045113	0.2504584044	0.3016486635	1.20438627	0.8063346803	0.8061134916
0.8233082707	0.2509201788	0.3022049394	1.204386753	0.8078213332	0.8076000605
0.8248120301	0.2513827339	0.3027621682	1.204387285	0.8093104992	0.8090891759
0.8263157895	0.2518460695	0.3033203499	1.204387865	0.8108021786	0.8105808377
0.8278195489	0.2523101859	0.3038794845	1.204388493	0.8122963712	0.8120750459
0.8293233083	0.2527750829	0.3044395719	1.204389169	0.8137930771	0.8135718006
0.8308270677	0.2532407605	0.3050006123	1.204389892	0.8152922962	0.8150711018
0.8323308271	0.2537072188	0.3055626055	1.204390663	0.8167940286	0.8165729494
0.8338345865	0.2541744577	0.3061255516	1.204391481	0.8182982742	0.8180773434
0.8353383459	0.2546424773	0.3066894506	1.204392346	0.819805033	0.819584284
0.8368421053	0.2551112775	0.3072543025	1.204393257	0.8213143052	0.8210937709
0.8383458647	0.2555808584	0.3078201073	1.204394215	0.8228260906	0.8226058044
0.8398496241	0.25605122	0.308386865	1.204395218	0.8243403892	0.8241203842
0.8413533835	0.2565223621	0.3089545755	1.204396268	0.8258572011	0.8256375106
0.8428571429	0.256994285	0.3095232389	1.204397362	0.8273765262	0.8271571834
0.8443609023	0.2574669885	0.3100928553	1.204398502	0.8288983646	0.8286794026
0.8458646617	0.2579404726	0.3106634245	1.204399687	0.8304227163	0.8302041683
0.8473684211	0.2584147374	0.3112349466	1.204400916	0.8319495812	0.8317314805
0.8488721805	0.2588897828	0.3118074215	1.20440219	0.8334789593	0.8332613391
0.8503759398	0.2593656089	0.3123808494	1.204403509	0.8350108507	0.8347937441
0.8518796992	0.2598422157	0.3129552302	1.204404871	0.8365452554	0.8363286956
0.8533834586	0.2603196031	0.3135305638	1.204406276	0.8380821733	0.8378661936
0.854887218	0.2607977711	0.3141068503	1.204407725	0.8396216045	0.839406238
0.8563909774	0.2612767198	0.3146840897	1.204409218	0.8411635489	0.8409488289
0.8578947368	0.2617564491	0.315262282	1.204410753	0.8427080066	0.8424939662
0.8593984962	0.2622369591	0.3158414272	1.204412331	0.8442549775	0.84404165
0.8609022556	0.2627182498	0.3164215253	1.204413951	0.8458044617	0.8455918803
0.862406015	0.2632003211	0.3170025762	1.204415614	0.8473564592	0.8471446569
0.8639097744	0.263683173	0.3175845801	1.204417318	0.8489109699	0.8486999801
0.8654135338	0.2641668056	0.3181675368	1.204419064	0.8504679938	0.8502578497
0.8669172932	0.2646512189	0.3187514464	1.204420852	0.852027531	0.8518182658
0.8684210526	0.2651364128	0.3193363089	1.20442268	0.8535895815	0.8533812283
0.869924812	0.2656223873	0.3199221243	1.20442455	0.8551541452	0.8549467372
0.8714285714	0.2661091425	0.3205088926	1.20442646	0.8567212221	0.8565147926
0.8729323308	0.2665966783	0.3210966137	1.204428411	0.8582908123	0.8580853945
0.8744360902	0.2670849948	0.3216852878	1.204430402	0.8598629158	0.8596585428
0.8759398496	0.267574092	0.3222749147	1.204432433	0.8614375325	0.8612342376
0.877443609	0.2680639698	0.3228654945	1.204434504	0.8630146625	0.8628124789
0.8789473684	0.2685546282	0.3234570272	1.204436614	0.8645943057	0.8643932665
0.8804511278	0.2690460673	0.3240495128	1.204438764	0.8661764622	0.8659766007
0.8819548872	0.2695382871	0.3246429513	1.204440953	0.867761132	0.8675624813
0.8834586466	0.2700312875	0.3252373427	1.20444318	0.869348315	0.8691509083
0.884962406	0.2705250685	0.3258326869	1.204445446	0.8709380112	0.8707418818
0.8864661654	0.2710196302	0.326428984	1.204447751	0.8725302207	0.8723354018
0.8879699248	0.2715149726	0.3270262341	1.204450093	0.8741249434	0.8739314682
0.8894736842	0.2720110956	0.327624437	1.204452474	0.8757221794	0.8755300811
0.8909774436	0.2725079992	0.3282235928	1.204454892	0.8773219287	0.8771312404
0.892481203	0.2730056835	0.3288237014	1.204457348	0.8789241912	0.8787349462
0.8939849624	0.2735041485	0.329424763	1.20445984	0.880528967	0.8803411984
0.8954887218	0.2740033941	0.3300267775	1.20446237	0.882136256	0.8819499971
0.8969924812	0.2745034203	0.3306297448	1.204464937	0.8837460583	0.8835613422
0.8984962406	0.2750042272	0.331233665	1.20446754	0.8853583738	0.8851752338
0.9	0.2755058148	0.3318385381	1.204470179	0.8869732026	0.8867916719
0.9015037594	0.276008183	0.3324443641	1.204472855	0.8885905446	0.8884106564
0.9030075188	0.2765113319	0.333051143	1.204475566	0.8902103999	0.8900321873
0.9045112782	0.2770152614	0.3336588748	1.204478313	0.8918327684	0.8916562647
0.9060150376	0.2775199715	0.3342675595	1.204481096	0.8934576502	0.8932828886
0.907518797	0.2780254623	0.334877197	1.204483914	0.8950850453	0.8949120589
0.9090225564	0.2785317338	0.3354877874	1.204486767	0.8967149536	0.8965437757
0.9105263158	0.2790387859	0.3360993307	1.204489654	0.8983473751	0.8981780389
0.9120300752	0.2795466186	0.3367118269	1.204492577	0.89998231	0.8998148486
0.9135338346	0.280055232	0.337325276	1.204495533	0.901619758	0.9014542047
0.915037594	0.2805646261	0.337939678	1.204498524	0.9032597193	0.9030961073
0.9165413534	0.2810748008	0.3385550329	1.204501549	0.9049021939	0.9047405564
0.9180451128	0.2815857562	0.3391713406	1.204504607	0.9065471817	0.9063875519
0.9195488722	0.2820974922	0.3397886013	1.204507699	0.9081946828	0.9080370938
0.9210526316	0.2826100088	0.3404068148	1.204510825	0.9098446971	0.9096891822
0.922556391	0.2831233061	0.3410259812	1.204513983	0.9114972247	0.9113438171
0.9240601504	0.2836373841	0.3416461005	1.204517174	0.9131522656	0.9130009984
0.9255639098	0.2841522427	0.3422671727	1.204520399	0.9148098196	0.9146607261
0.9270676692	0.284667882	0.3428891977	1.204523655	0.916469887	0.9163230004
0.9285714286	0.2851843019	0.3435121757	1.204526944	0.9181324676	0.917987821
0.930075188	0.2857015025	0.3441361065	1.204530265	0.9197975614	0.9196551882
0.9315789474	0.2862194837	0.3447609902	1.204533618	0.9214651685	0.9213251018
0.9330827068	0.2867382455	0.3453868268	1.204537003	0.9231352889	0.9229975618
0.9345864662	0.287257788	0.3460136163	1.204540419	0.9248079225	0.9246725683
0.9360902256	0.2877781112	0.3466413587	1.204543866	0.9264830694	0.9263501212
0.937593985	0.288299215	0.347270054	1.204547345	0.9281607295	0.9280302206
0.9390977444	0.2888210995	0.3478997021	1.204550854	0.9298409029	0.9297128665
0.9406015038	0.2893437646	0.3485303032	1.204554395	0.9315235895	0.9313980588
0.9421052632	0.2898672104	0.3491618571	1.204557965	0.9332087894	0.9330857976
0.9436090226	0.2903914368	0.3497943639	1.204561566	0.9348965025	0.9347760828
0.945112782	0.2909164438	0.3504278236	1.204565198	0.9365867289	0.9364689144
0.9466165414	0.2914422316	0.3510622362	1.204568859	0.9382794685	0.9381642926
0.9481203008	0.2919687999	0.3516976017	1.20457255	0.9399747214	0.9398622172
0.9496240602	0.2924961489	0.3523339201	1.20457627	0.9416724876	0.9415626882
0.9511278195	0.2930242786	0.3529711913	1.20458002	0.943372767	0.9432657057
0.9526315789	0.2935531889	0.3536094154	1.204583799	0.9450755596	0.9449712696
0.9541353383	0.2940828799	0.3542485924	1.204587607	0.9467808656	0.94667938
0.9556390977	0.2946133515	0.3548887224	1.204591443	0.9484886847	0.9483900369
0.9571428571	0.2951446038	0.3555298051	1.204595309	0.9501990171	0.9501032402
0.9586466165	0.2956766367	0.3561718408	1.204599203	0.9519118628	0.9518189899
0.9601503759	0.2962094503	0.3568148294	1.204603125	0.9536272217	0.9535372861
0.9616541353	0.2967430445	0.3574587708	1.204607075	0.9553450939	0.9552581288
0.9631578947	0.2972774194	0.3581036652	1.204611053	0.9570654793	0.9569815179
0.9646616541	0.2978125749	0.3587495124	1.204615059	0.958788378	0.9587074535
0.9661654135	0.298348511	0.3593963125	1.204619092	0.96051379	0.9604359355
0.9676691729	0.2988852279	0.3600440655	1.204623153	0.9622417152	0.962166964
0.9691729323	0.2994227253	0.3606927714	1.204627241	0.9639721536	0.963900539
0.9706766917	0.2999610035	0.3613424301	1.204631355	0.9657051053	0.9656366603
0.9721804511	0.3005000622	0.3619930418	1.204635497	0.9674405703	0.9673753282
0.9736842105	0.3010399017	0.3626446063	1.204639665	0.9691785485	0.9691165425
0.9751879699	0.3015805217	0.3632971238	1.20464386	0.9709190399	0.9708603032
0.9766917293	0.3021219225	0.3639505941	1.204648081	0.9726620446	0.9726066104
0.9781954887	0.3026641038	0.3646050173	1.204652328	0.9744075626	0.9743554641
0.9796992481	0.3032070659	0.3652603934	1.204656601	0.9761555938	0.9761068642
0.9812030075	0.3037508085	0.3659167223	1.2046609	0.9779061383	0.9778608108
0.9827067669	0.3042953319	0.3665740042	1.204665224	0.979659196	0.9796173038
0.9842105263	0.3048406358	0.3672322389	1.204669574	0.981414767	0.9813763433
0.9857142857	0.3053867205	0.3678914266	1.204673949	0.9831728512	0.9831379292
0.9872180451	0.3059335857	0.3685515671	1.204678349	0.9849334487	0.9849020616
0.9887218045	0.3064812317	0.3692126605	1.204682775	0.9866965595	0.9866687405
0.9902255639	0.3070296582	0.3698747068	1.204687224	0.9884621835	0.9884379658
0.9917293233	0.3075788655	0.370537706	1.204691699	0.9902303207	0.9902097375
0.9932330827	0.3081288533	0.371201658	1.204696198	0.9920009712	0.9919840557
0.9947368421	0.3086796219	0.371866563	1.204700721	0.993774135	0.9937609204
0.9962406015	0.309231171	0.3725324208	1.204705268	0.995549812	0.9955403315
0.9977443609	0.3097835009	0.3731992315	1.204709839	0.9973280023	0.997322289
0.9992481203	0.3103366114	0.3738669951	1.204714434	0.9991087058	0.9991067931
1.00075188	0.3108905025	0.3745357116	1.204719053	1.000891923	1.000893844
1.002255639	0.3114451743	0.375205381	1.204723695	1.002677653	1.00268344
1.003759398	0.3120006267	0.3758760033	1.20472836	1.004465896	1.004475584
1.005263158	0.3125568598	0.3765475784	1.204733048	1.006256652	1.006270274
1.006766917	0.3131138735	0.3772201065	1.20473776	1.008049922	1.00806751
1.008270677	0.3136716679	0.3778935874	1.204742494	1.009845705	1.009867293
1.009774436	0.3142302429	0.3785680212	1.204747251	1.011644001	1.011669622
1.011278195	0.3147895986	0.3792434079	1.20475203	1.013444811	1.013474498
1.012781955	0.3153497349	0.3799197475	1.204756831	1.015248134	1.01528192
1.014285714	0.3159106519	0.3805970399	1.204761655	1.01705397	1.017091888
1.015789474	0.3164723496	0.3812752853	1.204766501	1.018862319	1.018904403
1.017293233	0.3170348278	0.3819544835	1.204771369	1.020673182	1.020719465
1.018796992	0.3175980868	0.3826346347	1.204776258	1.022486558	1.022537073
1.020300752	0.3181621264	0.3833157387	1.204781169	1.024302447	1.024357227
1.021804511	0.3187269466	0.3839977956	1.204786102	1.026120849	1.026179928
1.023308271	0.3192925475	0.3846808054	1.204791056	1.027941765	1.028005175
1.02481203	0.319858929	0.385364768	1.204796031	1.029765193	1.029832969
1.026315789	0.3204260912	0.3860496836	1.204801026	1.031591135	1.031663309
1.027819549	0.320994034	0.3867355521	1.204806043	1.033419591	1.033496196
1.029323308	0.3215627575	0.3874223734	1.204811081	1.035250559	1.035331629
1.030827068	0.3221322617	0.3881101476	1.204816139	1.037084041	1.037169608
1.032330827	0.3227025465	0.3887988747	1.204821217	1.038920036	1.039010134
1.033834586	0.3232736119	0.3894885547	1.204826315	1.040758545	1.040853207
1.035338346	0.323845458	0.3901791876	1.204831434	1.042599566	1.042698826
1.036842105	0.3244180847	0.3908707733	1.204836573	1.044443101	1.044546991
1.038345865	0.3249914921	0.391563312	1.204841731	1.046289149	1.046397703
1.039849624	0.3255656802	0.3922568035	1.204846909	1.048137711	1.048250961
1.041353383	0.3261406488	0.392951248	1.204852107	1.049988785	1.050106766
1.042857143	0.3267163982	0.3936466453	1.204857324	1.051842373	1.051965117
1.044360902	0.3272929282	0.3943429955	1.20486256	1.053698474	1.053826015
1.045864662	0.3278702388	0.3950402985	1.204867816	1.055557089	1.055689459
1.047368421	0.3284483301	0.3957385545	1.20487309	1.057418216	1.05755545
1.04887218	0.3290272021	0.3964377634	1.204878384	1.059281857	1.059423987
1.05037594	0.3296068547	0.3971379251	1.204883696	1.061148011	1.06129507
1.051879699	0.3301872879	0.3978390397	1.204889026	1.063016679	1.0631687
1.053383459	0.3307685018	0.3985411072	1.204894375	1.064887859	1.065044876
1.054887218	0.3313504963	0.3992441276	1.204899742	1.066761553	1.066923599
1.056390977	0.3319332715	0.3999481009	1.204905128	1.06863776	1.068804868
1.057894737	0.3325168274	0.4006530271	1.204910531	1.070516481	1.070688684
1.059398496	0.3331011639	0.4013589062	1.204915953	1.072397714	1.072575046
1.060902256	0.333686281	0.4020657381	1.204921392	1.074281461	1.074463955
1.062406015	0.3342721788	0.4027735229	1.204926848	1.076167722	1.07635541
1.063909774	0.3348588573	0.4034822606	1.204932323	1.078056495	1.078249412
1.065413534	0.3354463164	0.4041919513	1.204937814	1.079947782	1.08014596
1.066917293	0.3360345561	0.4049025947	1.204943323	1.081841582	1.082045054
1.068421053	0.3366235765	0.4056141911	1.204948849	1.083737895	1.083946695
1.069924812	0.3372133775	0.4063267404	1.204954392	1.085636721	1.085850882
1.071428571	0.3378039592	0.4070402425	1.204959952	1.087538061	1.087757616
1.072932331	0.3383953216	0.4077546976	1.204965529	1.089441914	1.089666896
1.07443609	0.3389874646	0.4084701055	1.204971122	1.09134828	1.091578723
1.07593985	0.3395803882	0.4091864663	1.204976731	1.093257159	1.093493096
1.077443609	0.3401740925	0.40990378	1.204982357	1.095168552	1.095410016
1.078947368	0.3407685775	0.4106220466	1.204988	1.097082458	1.097329482
1.080451128	0.3413638431	0.411341266	1.204993658	1.098998877	1.099251495
1.081954887	0.3419598893	0.4120614384	1.204999332	1.10091781	1.101176054
1.083458647	0.3425567162	0.4127825636	1.205005023	1.102839256	1.103103159
1.084962406	0.3431543238	0.4135046417	1.205010729	1.104763214	1.105032811
1.086466165	0.343752712	0.4142276728	1.20501645	1.106689687	1.106965009
1.087969925	0.3443518809	0.4149516567	1.205022187	1.108618672	1.108899754
1.089473684	0.3449518304	0.4156765934	1.20502794	1.110550171	1.110837045
1.090977444	0.3455525605	0.4164024831	1.205033707	1.112484183	1.112776883
1.092481203	0.3461540713	0.4171293257	1.20503949	1.114420708	1.114719267
1.093984962	0.3467563628	0.4178571211	1.205045288	1.116359747	1.116664198
1.095488722	0.3473594349	0.4185858694	1.205051101	1.118301298	1.118611675
1.096992481	0.3479632876	0.4193155707	1.205056929	1.120245363	1.120561699
1.098496241	0.348567921	0.4200462248	1.205062771	1.122191942	1.122514269
1.1	0.3491733351	0.4207778317	1.205068628	1.124141033	1.124469385
1.101503759	0.3497795298	0.4215103916	1.205074499	1.126092638	1.126427048
1.103007519	0.3503865052	0.4222439044	1.205080385	1.128046756	1.128387257
1.104511278	0.3509942612	0.42297837	1.205086284	1.130003387	1.130350013
1.106015038	0.3516027978	0.4237137886	1.205092198	1.131962532	1.132315315
1.107518797	0.3522121151	0.42445016	1.205098126	1.13392419	1.134283164
1.109022556	0.3528222131	0.4251874843	1.205104068	1.135888361	1.136253559
1.110526316	0.3534330917	0.4259257615	1.205110024	1.137855045	1.138226501
1.112030075	0.354044751	0.4266649916	1.205115993	1.139824242	1.140201989
1.113533835	0.3546571909	0.4274051745	1.205121976	1.141795953	1.142180023
1.115037594	0.3552704114	0.4281463104	1.205127972	1.143770177	1.144160604
1.116541353	0.3558844126	0.4288883991	1.205133981	1.145746914	1.146143732
1.118045113	0.3564991945	0.4296314407	1.205140004	1.147726165	1.148129406
1.119548872	0.357114757	0.4303754352	1.20514604	1.149707929	1.150117626
1.121052632	0.3577311002	0.4311203826	1.205152089	1.151692206	1.152108393
1.122556391	0.358348224	0.4318662829	1.205158151	1.153678996	1.154101706
1.12406015	0.3589661284	0.4326131361	1.205164225	1.1556683	1.156097566
1.12556391	0.3595848136	0.4333609421	1.205170313	1.157660117	1.158095972
1.127067669	0.3602042793	0.4341097011	1.205176412	1.159654447	1.160096925
1.128571429	0.3608245257	0.4348594129	1.205182525	1.16165129	1.162100424
1.130075188	0.3614455528	0.4356100776	1.205188649	1.163650647	1.164106469
1.131578947	0.3620673605	0.4363616952	1.205194786	1.165652516	1.166115061
1.133082707	0.3626899489	0.4371142657	1.205200936	1.1676569	1.1681262
1.134586466	0.3633133179	0.4378677891	1.205207097	1.169663796	1.170139885
1.136090226	0.3639374676	0.4386222653	1.20521327	1.171673205	1.172156116
1.137593985	0.3645623979	0.4393776945	1.205219455	1.173685128	1.174174894
1.139097744	0.3651881088	0.4401340765	1.205225652	1.175699564	1.176196218
1.140601504	0.3658146005	0.4408914114	1.20523186	1.177716514	1.178220089
1.142105263	0.3664418727	0.4416496992	1.20523808	1.179735976	1.180246506
1.143609023	0.3670699256	0.4424089399	1.205244312	1.181757952	1.18227547
1.145112782	0.3676987592	0.4431691335	1.205250555	1.183782441	1.18430698
1.146616541	0.3683283734	0.44393028	1.205256809	1.185809444	1.186341036
1.148120301	0.3689587683	0.4446923793	1.205263074	1.187838959	1.188377639
1.14962406	0.3695899438	0.4454554316	1.205269351	1.189870988	1.190416789
1.15112782	0.3702219	0.4462194367	1.205275638	1.19190553	1.192458484
1.152631579	0.3708546368	0.4469843947	1.205281936	1.193942586	1.194502727
1.154135338	0.3714881543	0.4477503056	1.205288245	1.195982154	1.196549516
1.155639098	0.3721224524	0.4485171694	1.205294565	1.198024236	1.198598851
1.157142857	0.3727575312	0.449284986	1.205300895	1.200068831	1.200650733
1.158646617	0.3733933906	0.4500537556	1.205307236	1.20211594	1.202705161
1.160150376	0.3740300307	0.450823478	1.205313587	1.204165561	1.204762135
1.161654135	0.3746674514	0.4515941533	1.205319949	1.206217696	1.206821656
1.163157895	0.3753056528	0.4523657816	1.205326321	1.208272345	1.208883724
1.164661654	0.3759446348	0.4531383627	1.205332703	1.210329506	1.210948338
1.166165414	0.3765843975	0.4539118966	1.205339095	1.212389181	1.213015498
1.167669173	0.3772249408	0.4546863835	1.205345496	1.214451369	1.215085205
1.169172932	0.3778662648	0.4554618233	1.205351908	1.21651607	1.217157459
1.170676692	0.3785083694	0.4562382159	1.20535833	1.218583284	1.219232258
1.172180451	0.3791512547	0.4570155614	1.205364761	1.220653012	1.221309605
1.173684211	0.3797949206	0.4577938599	1.205371202	1.222725253	1.223389497
1.17518797	0.3804393672	0.4585731112	1.205377652	1.224800007	1.225471936
1.176691729	0.3810845944	0.4593533153	1.205384112	1.226877274	1.227556922
1.178195489	0.3817306023	0.4601344724	1.205390581	1.228957055	1.229644454
1.179699248	0.3823773908	0.4609165824	1.205397059	1.231039349	1.231734533
1.181203008	0.38302496	0.4616996452	1.205403547	1.233124156	1.233827158
1.182706767	0.3836733098	0.462483661	1.205410043	1.235211477	1.235922329
1.184210526	0.3843224403	0.4632686296	1.205416549	1.23730131	1.238020047
1.185714286	0.3849723514	0.4640545511	1.205423063	1.239393657	1.240120311
1.187218045	0.3856230432	0.4648414255	1.205429586	1.241488518	1.242223122
1.188721805	0.3862745156	0.4656292528	1.205436118	1.243585891	1.244328479
1.190225564	0.3869267687	0.4664180329	1.205442659	1.245685778	1.246436383
1.191729323	0.3875798024	0.467207766	1.205449208	1.247788178	1.248546833
1.193233083	0.3882336168	0.4679984519	1.205455766	1.249893091	1.25065983
1.194736842	0.3888882118	0.4687900907	1.205462332	1.252000517	1.252775373
1.196240602	0.3895435875	0.4695826825	1.205468906	1.254110457	1.254893462
1.197744361	0.3901997438	0.470376227	1.205475489	1.25622291	1.257014098
1.19924812	0.3908566808	0.4711707245	1.20548208	1.258337876	1.259137281
1.20075188	0.3915143985	0.4719661749	1.205488679	1.260455356	1.26126301
1.202255639	0.3921728967	0.4727625782	1.205495286	1.262575349	1.263391285
1.203759398	0.3928321757	0.4735599343	1.2055019	1.264697855	1.265522107
1.205263158	0.3934922353	0.4743582433	1.205508523	1.266822874	1.267655475
1.206766917	0.3941530755	0.4751575052	1.205515153	1.268950407	1.26979139
1.208270677	0.3948146964	0.47595772	1.205521791	1.271080452	1.271929851
1.209774436	0.3954770979	0.4767588877	1.205528437	1.273213011	1.274070858
1.211278195	0.3961402801	0.4775610083	1.20553509	1.275348084	1.276214412
1.212781955	0.3968042429	0.4783640818	1.205541751	1.277485669	1.278360513
1.214285714	0.3974689864	0.4791681081	1.205548419	1.279625768	1.28050916
1.215789474	0.3981345106	0.4799730873	1.205555094	1.28176838	1.282660353
1.217293233	0.3988008153	0.4807790195	1.205561777	1.283913505	1.284814093
1.218796992	0.3994679008	0.4815859045	1.205568466	1.286061144	1.286970379
1.220300752	0.4001357669	0.4823937423	1.205575163	1.288211296	1.289129212
1.221804511	0.4008044136	0.4832025331	1.205581867	1.290363961	1.291290591
1.223308271	0.401473841	0.4840122768	1.205588577	1.292519139	1.293454517
1.22481203	0.402144049	0.4848229733	1.205595295	1.29467683	1.295620989
1.226315789	0.4028150377	0.4856346228	1.205602019	1.296837035	1.297790008
1.227819549	0.4034868071	0.4864472251	1.20560875	1.298999753	1.299961573
1.229323308	0.4041593571	0.4872607803	1.205615488	1.301164985	1.302135684
1.230827068	0.4048326877	0.4880752884	1.205622232	1.303332729	1.304312342
1.232330827	0.405506799	0.4888907494	1.205628982	1.305502987	1.306491547
1.233834586	0.4061816909	0.4897071632	1.205635739	1.307675758	1.308673298
1.235338346	0.4068573635	0.49052453	1.205642503	1.309851042	1.310857595
1.236842105	0.4075338168	0.4913428496	1.205649272	1.31202884	1.313044439
1.238345865	0.4082110507	0.4921621222	1.205656048	1.314209151	1.315233829
1.239849624	0.4088890652	0.4929823476	1.20566283	1.316391975	1.317425766
1.241353383	0.4095678604	0.4938035259	1.205669618	1.318577312	1.319620249
1.242857143	0.4102474362	0.4946256571	1.205676412	1.320765163	1.321817278
1.244360902	0.4109277927	0.4954487411	1.205683212	1.322955527	1.324016855
1.245864662	0.4116089299	0.4962727781	1.205690018	1.325148404	1.326218977
1.247368421	0.4122908477	0.4970977679	1.20569683	1.327343794	1.328423646
1.24887218	0.4129735461	0.4979237107	1.205703647	1.329541698	1.330630861
1.25037594	0.4136570252	0.4987506063	1.20571047	1.331742115	1.332840623
1.251879699	0.414341285	0.4995784548	1.205717299	1.333945045	1.335052932
1.253383459	0.4150263254	0.5004072562	1.205724133	1.336150488	1.337267786
1.254887218	0.4157121464	0.5012370105	1.205730972	1.338358445	1.339485188
1.256390977	0.4163987481	0.5020677176	1.205737817	1.340568915	1.341705135
1.257894737	0.4170861304	0.5028993777	1.205744667	1.342781898	1.343927629
1.259398496	0.4177742934	0.5037319906	1.205751523	1.344997394	1.34615267
1.260902256	0.4184632371	0.5045655564	1.205758384	1.347215404	1.348380257
1.262406015	0.4191529614	0.5054000751	1.20576525	1.349435927	1.35061039
1.263909774	0.4198434663	0.5062355467	1.205772121	1.351658963	1.35284307
1.265413534	0.4205347519	0.5070719712	1.205778997	1.353884512	1.355078297
1.266917293	0.4212268182	0.5079093486	1.205785877	1.356112575	1.35731607
1.268421053	0.4219196651	0.5087476788	1.205792763	1.358343151	1.359556389
1.269924812	0.4226132926	0.509586962	1.205799654	1.36057624	1.361799255
1.271428571	0.4233077008	0.510427198	1.205806549	1.362811843	1.364044667
1.272932331	0.4240028897	0.5112683869	1.205813449	1.365049958	1.366292626
1.27443609	0.4246988592	0.5121105287	1.205820354	1.367290587	1.368543131
1.27593985	0.4253956094	0.5129536234	1.205827263	1.369533729	1.370796182
1.277443609	0.4260931402	0.5137976709	1.205834177	1.371779385	1.37305178
1.278947368	0.4267914516	0.5146426714	1.205841095	1.374027553	1.375309925
1.280451128	0.4274905437	0.5154886247	1.205848018	1.376278235	1.377570616
1.281954887	0.4281904165	0.516335531	1.205854945	1.378531431	1.379833853
1.283458647	0.4288910699	0.5171833901	1.205861876	1.380787139	1.382099637
1.284962406	0.4295925039	0.5180322021	1.205868811	1.383045361	1.384367967
1.286466165	0.4302947186	0.518881967	1.205875751	1.385306096	1.386638844
1.287969925	0.430997714	0.5197326847	1.205882695	1.387569344	1.388912267
1.289473684	0.43170149	0.5205843554	1.205889642	1.389835105	1.391188237
1.290977444	0.4324060466	0.5214369789	1.205896594	1.39210338	1.393466753
1.292481203	0.433111384	0.5222905554	1.20590355	1.394374168	1.395747816
1.293984962	0.4338175019	0.5231450847	1.205910509	1.396647469	1.398031425
1.295488722	0.4345244005	0.5240005669	1.205917473	1.398923284	1.40031758
1.296992481	0.4352320798	0.524857002	1.20592444	1.401201611	1.402606282
1.298496241	0.4359405397	0.52571439	1.205931411	1.403482452	1.404897531
1.3	0.4366497802	0.5265727308	1.205938385	1.405765807	1.407191325
