# VHH-NNLO scan points
# process: WplusHH
# energy_tev: 14
# scan_axis: kappa_w
# scan_x_key: kappa_w
# vmin: 0.8
# vmax: 1.2
# n_points: 400
# fixed_kappa: 1,1,1
#
kappa_w	sigma_lo	sigma_nnlo	k	sigma_heft_over_sm_lo	sigma_heft_over_sm_nnlo
0.8	0.2596984547	0.3134066097	1.206809683	0.8360824263	0.8375349438
0.8010025063	0.2598831287	0.3136253516	1.206793812	0.8366769722	0.8381195007
0.8020050125	0.2600683745	0.3138447892	1.206777986	0.837273359	0.8387059168
0.8030075188	0.2602541941	0.314064925	1.206762205	0.8378715933	0.8392941986
0.8040100251	0.2604405895	0.3142857614	1.206746468	0.8384716812	0.8398843526
0.8050125313	0.2606275626	0.3145073007	1.206730775	0.8390736293	0.8404763853
0.8060150376	0.2608151156	0.3147295456	1.206715128	0.8396774439	0.8410703032
0.8070175439	0.2610032503	0.3149524983	1.206699526	0.8402831314	0.8416661129
0.8080200501	0.2611919687	0.3151761613	1.206683969	0.8408906983	0.8422638209
0.8090225564	0.2613812729	0.3154005372	1.206668457	0.8415001508	0.8428634337
0.8100250627	0.2615711648	0.3156256283	1.206652991	0.8421114955	0.843464958
0.8110275689	0.2617616464	0.3158514371	1.206637571	0.8427247388	0.8440684001
0.8120300752	0.2619527198	0.3160779661	1.206622197	0.8433398872	0.8446737669
0.8130325815	0.2621443868	0.3163052177	1.206606869	0.843956947	0.8452810647
0.8140350877	0.2623366497	0.3165331944	1.206591587	0.8445759248	0.8458903003
0.815037594	0.2625295102	0.3167618987	1.206576352	0.845196827	0.8465014802
0.8160401003	0.2627229706	0.316991333	1.206561163	0.8458196601	0.8471146109
0.8170426065	0.2629170327	0.3172214998	1.206546021	0.8464444305	0.8477296993
0.8180451128	0.2631116986	0.3174524016	1.206530927	0.8470711448	0.8483467517
0.819047619	0.2633069703	0.3176840409	1.206515879	0.8476998095	0.848965775
0.8200501253	0.2635028499	0.3179164201	1.206500879	0.8483304311	0.8495867757
0.8210526316	0.2636993393	0.3181495418	1.206485927	0.8489630161	0.8502097605
0.8220551378	0.2638964406	0.3183834084	1.206471022	0.849597571	0.8508347361
0.8230576441	0.2640941558	0.3186180225	1.206456165	0.8502341025	0.8514617091
0.8240601504	0.264292487	0.3188533865	1.206441356	0.8508726169	0.8520906862
0.8250626566	0.2644914362	0.3190895029	1.206426596	0.8515131209	0.8527216741
0.8260651629	0.2646910053	0.3193263743	1.206411884	0.852155621	0.8533546795
0.8270676692	0.2648911966	0.3195640032	1.20639722	0.8528001239	0.8539897091
0.8280701754	0.265092012	0.319802392	1.206382605	0.8534466361	0.8546267696
0.8290726817	0.2652934535	0.3200415433	1.206368039	0.8540951641	0.8552658677
0.830075188	0.2654955233	0.3202814596	1.206353522	0.8547457146	0.8559070102
0.8310776942	0.2656982233	0.3205221435	1.206339055	0.8553982943	0.8565502039
0.8320802005	0.2659015556	0.3207635974	1.206324636	0.8560529096	0.8571954554
0.8330827068	0.2661055223	0.3210058239	1.206310268	0.8567095673	0.8578427715
0.834085213	0.2663101255	0.3212488255	1.206295949	0.8573682739	0.858492159
0.8350877193	0.2665153671	0.3214926048	1.20628168	0.8580290362	0.8591436247
0.8360902256	0.2667212494	0.3217371642	1.206267461	0.8586918607	0.8597971753
0.8370927318	0.2669277742	0.3219825064	1.206253292	0.8593567541	0.8604528177
0.8380952381	0.2671349438	0.3222286339	1.206239174	0.8600237232	0.8611105586
0.8390977444	0.2673427601	0.3224755492	1.206225106	0.8606927745	0.8617704049
0.8401002506	0.2675512253	0.3227232549	1.206211089	0.8613639147	0.8624323634
0.8411027569	0.2677603414	0.3229717535	1.206197123	0.8620371506	0.863096441
0.8421052632	0.2679701106	0.3232210476	1.206183208	0.8627124889	0.8637626443
0.8431077694	0.2681805349	0.3234711398	1.206169344	0.8633899362	0.8644309804
0.8441102757	0.2683916163	0.3237220326	1.206155532	0.8640694994	0.8651014561
0.845112782	0.268603357	0.3239737287	1.206141771	0.864751185	0.8657740782
0.8461152882	0.2688157591	0.3242262304	1.206128061	0.8654349999	0.8664488536
0.8471177945	0.2690288247	0.3244795406	1.206114404	0.8661209508	0.8671257892
0.8481203008	0.2692425559	0.3247336616	1.206100799	0.8668090444	0.8678048919
0.849122807	0.2694569547	0.3249885962	1.206087245	0.8674992876	0.8684861686
0.8501253133	0.2696720233	0.3252443469	1.206073744	0.8681916871	0.8691696261
0.8511278195	0.2698877638	0.3255009162	1.206060296	0.8688862496	0.8698552715
0.8521303258	0.2701041782	0.3257583069	1.2060469	0.869582982	0.8705431117
0.8531328321	0.2703212688	0.3260165214	1.206033557	0.8702818911	0.8712331535
0.8541353383	0.2705390376	0.3262755623	1.206020267	0.8709829837	0.8719254039
0.8551378446	0.2707574867	0.3265354324	1.20600703	0.8716862665	0.87261987
0.8561403509	0.2709766183	0.3267961341	1.205993846	0.8723917465	0.8733165586
0.8571428571	0.2711964344	0.3270576701	1.205980716	0.8730994304	0.8740154767
0.8581453634	0.2714169373	0.3273200431	1.205967639	0.8738093252	0.8747166313
0.8591478697	0.271638129	0.3275832555	1.205954616	0.8745214375	0.8754200294
0.8601503759	0.2718600116	0.3278473101	1.205941647	0.8752357744	0.876125678
0.8611528822	0.2720825874	0.3281122094	1.205928731	0.8759523426	0.8768335842
0.8621553885	0.2723058583	0.3283779562	1.20591587	0.8766711492	0.8775437548
0.8631578947	0.2725298267	0.3286445529	1.205903064	0.8773922008	0.878256197
0.864160401	0.2727544945	0.3289120023	1.205890311	0.8781155045	0.8789709178
0.8651629073	0.2729798641	0.329180307	1.205877613	0.8788410671	0.8796879241
0.8661654135	0.2732059374	0.3294494696	1.20586497	0.8795688956	0.8804072232
0.8671679198	0.2734327166	0.3297194927	1.205852382	0.8802989968	0.881128822
0.8681704261	0.273660204	0.3299903791	1.205839849	0.8810313777	0.8818527277
0.8691729323	0.2738884017	0.3302621314	1.205827371	0.8817660453	0.8825789472
0.8701754386	0.2741173117	0.3305347521	1.205814949	0.8825030065	0.8833074877
0.8711779449	0.2743469364	0.3308082441	1.205802581	0.8832422682	0.8840383563
0.8721804511	0.2745772777	0.3310826098	1.20579027	0.8839838374	0.8847715601
0.8731829574	0.274808338	0.3313578521	1.205778014	0.8847277211	0.8855071061
0.8741854637	0.2750401194	0.3316339735	1.205765814	0.8854739263	0.8862450016
0.8751879699	0.275272624	0.3319109767	1.20575367	0.8862224599	0.8869852537
0.8761904762	0.2755058541	0.3321888644	1.205741582	0.886973329	0.8877278694
0.8771929825	0.2757398117	0.3324676393	1.205729551	0.8877265406	0.888472856
0.8781954887	0.2759744991	0.3327473041	1.205717576	0.8884821016	0.8892202206
0.879197995	0.2762099185	0.3330278614	1.205705657	0.8892400191	0.8899699704
0.8802005013	0.2764460721	0.3333093139	1.205693796	0.8900003002	0.8907221125
0.8812030075	0.2766829619	0.3335916643	1.205681991	0.8907629518	0.8914766542
0.8822055138	0.2769205903	0.3338749154	1.205670243	0.8915279811	0.8922336026
0.8832080201	0.2771589594	0.3341590697	1.205658552	0.8922953951	0.892992965
0.8842105263	0.2773980715	0.33444413	1.205646918	0.8930652008	0.8937547485
0.8852130326	0.2776379286	0.334730099	1.205635342	0.8938374054	0.8945189604
0.8862155388	0.277878533	0.3350169795	1.205623824	0.894612016	0.8952856079
0.8872180451	0.278119887	0.335304774	1.205612362	0.8953890395	0.8960546982
0.8882205514	0.2783619927	0.3355934854	1.205600959	0.8961684832	0.8968262386
0.8892230576	0.2786048523	0.3358831163	1.205589614	0.8969503541	0.8976002364
0.8902255639	0.2788484681	0.3361736695	1.205578326	0.8977346594	0.8983766988
0.8912280702	0.2790928422	0.3364651477	1.205567097	0.8985214061	0.8991556331
0.8922305764	0.279337977	0.3367575536	1.205555926	0.8993106015	0.8999370466
0.8932330827	0.2795838745	0.3370508899	1.205544814	0.9001022527	0.9007209465
0.894235589	0.279830537	0.3373451594	1.20553376	0.9008963668	0.9015073402
0.8952380952	0.2800779668	0.3376403648	1.205522765	0.901692951	0.902296235
0.8962406015	0.280326166	0.3379365089	1.205511828	0.9024920125	0.9030876382
0.8972431078	0.280575137	0.3382335943	1.20550095	0.9032935584	0.9038815571
0.898245614	0.2808248819	0.3385316239	1.205490132	0.904097596	0.9046779991
0.8992481203	0.281075403	0.3388306003	1.205479372	0.9049041325	0.9054769715
0.9002506266	0.2813267024	0.3391305264	1.205468672	0.905713175	0.9062784817
0.9012531328	0.2815787826	0.3394314049	1.205458031	0.9065247307	0.907082537
0.9022556391	0.2818316456	0.3397332386	1.20544745	0.907338807	0.9078891448
0.9032581454	0.2820852938	0.3400360301	1.205436928	0.908155411	0.9086983125
0.9042606516	0.2823397294	0.3403397823	1.205426466	0.9089745499	0.9095100475
0.9052631579	0.2825949546	0.340644498	1.205416064	0.9097962311	0.9103243571
0.9062656642	0.2828509718	0.3409501799	1.205405722	0.9106204618	0.9111412489
0.9072681704	0.2831077831	0.3412568308	1.20539544	0.9114472493	0.9119607301
0.9082706767	0.2833653908	0.3415644535	1.205385218	0.9122766007	0.9127828083
0.909273183	0.2836237973	0.3418730507	1.205375057	0.9131085235	0.9136074908
0.9102756892	0.2838830046	0.3421826253	1.205364956	0.913943025	0.9144347852
0.9112781955	0.2841430152	0.34249318	1.205354915	0.9147801123	0.9152646988
0.9122807018	0.2844038313	0.3428047176	1.205344935	0.9156197929	0.9160972391
0.913283208	0.2846654552	0.3431172409	1.205335016	0.916462074	0.9169324137
0.9142857143	0.2849278891	0.3434307528	1.205325158	0.9173069631	0.9177702299
0.9152882206	0.2851911353	0.343745256	1.20531536	0.9181544673	0.9186106952
0.9162907268	0.2854551961	0.3440607533	1.205305624	0.9190045941	0.9194538172
0.9172932331	0.2857200739	0.3443772475	1.205295949	0.9198573509	0.9202996034
0.9182957393	0.2859857708	0.3446947415	1.205286335	0.9207127449	0.9211480613
0.9192982456	0.2862522891	0.345013238	1.205276782	0.9215707837	0.9219991984
0.9203007519	0.2865196313	0.3453327399	1.205267291	0.9224314744	0.9228530222
0.9213032581	0.2867877995	0.3456532501	1.205257862	0.9232948247	0.9237095402
0.9223057644	0.287056796	0.3459747712	1.205248494	0.9241608417	0.9245687602
0.9233082707	0.2873266232	0.3462973062	1.205239188	0.925029533	0.9254306895
0.9243107769	0.2875972834	0.3466208579	1.205229944	0.925900906	0.9262953357
0.9253132832	0.2878687789	0.3469454291	1.205220762	0.9267749681	0.9271627065
0.9263157895	0.2881411119	0.3472710227	1.205211642	0.9276517267	0.9280328094
0.9273182957	0.2884142848	0.3475976415	1.205202585	0.9285311893	0.9289056521
0.928320802	0.2886882999	0.3479252884	1.205193589	0.9294133633	0.929781242
0.9293233083	0.2889631596	0.3482539661	1.205184656	0.9302982562	0.9306595869
0.9303258145	0.2892388661	0.3485836776	1.205175785	0.9311858754	0.9315406944
0.9313283208	0.2895154217	0.3489144257	1.205166977	0.9320762285	0.932424572
0.9323308271	0.2897928289	0.3492462133	1.205158232	0.9329693229	0.9333112274
0.9333333333	0.2900710898	0.3495790431	1.205149549	0.9338651662	0.9342006683
0.9343358396	0.2903502069	0.3499129182	1.205140929	0.9347637657	0.9350929024
0.9353383459	0.2906301825	0.3502478414	1.205132372	0.9356651291	0.9359879372
0.9363408521	0.290911019	0.3505838154	1.205123878	0.9365692639	0.9368857806
0.9373433584	0.2911927185	0.3509208433	1.205115448	0.9374761775	0.93778644
0.9383458647	0.2914752836	0.3512589279	1.20510708	0.9383858775	0.9386899234
0.9393483709	0.2917587165	0.3515980721	1.205098775	0.9392983716	0.9395962382
0.9403508772	0.2920430197	0.3519382787	1.205090534	0.9402136671	0.9405053924
0.9413533835	0.2923281953	0.3522795506	1.205082357	0.9411317718	0.9414173935
0.9423558897	0.2926142459	0.3526218908	1.205074243	0.9420526931	0.9423322493
0.943358396	0.2929011737	0.3529653021	1.205066192	0.9429764387	0.9432499676
0.9443609023	0.2931889811	0.3533097874	1.205058205	0.9439030162	0.944170556
0.9453634085	0.2934776705	0.3536553497	1.205050282	0.944832433	0.9450940224
0.9463659148	0.2937672442	0.3540019918	1.205042423	0.945764697	0.9460203745
0.9473684211	0.2940577047	0.3543497166	1.205034628	0.9466998156	0.9469496201
0.9483709273	0.2943490542	0.3546985271	1.205026896	0.9476377965	0.947881767
0.9493734336	0.2946412951	0.3550484262	1.205019229	0.9485786473	0.9488168229
0.9503759398	0.2949344298	0.3553994168	1.205011626	0.9495223757	0.9497547957
0.9513784461	0.2952284608	0.3557515018	1.205004087	0.9504689894	0.9506956931
0.9523809524	0.2955233903	0.3561046841	1.204996612	0.9514184959	0.951639523
0.9533834586	0.2958192207	0.3564589667	1.204989202	0.952370903	0.9525862932
0.9543859649	0.2961159545	0.3568143524	1.204981856	0.9533262183	0.9535360116
0.9553884712	0.2964135941	0.3571708444	1.204974574	0.9542844496	0.9544886859
0.9563909774	0.2967121417	0.3575284454	1.204967358	0.9552456044	0.9554443241
0.9573934837	0.2970115999	0.3578871584	1.204960205	0.9562096907	0.956402934
0.95839599	0.2973119709	0.3582469863	1.204953118	0.9571767159	0.9573645235
0.9593984962	0.2976132573	0.3586079322	1.204946095	0.9581466879	0.9583291004
0.9604010025	0.2979154614	0.3589699989	1.204939137	0.9591196144	0.9592966726
0.9614035088	0.2982185855	0.3593331894	1.204932244	0.9600955031	0.9602672481
0.962406015	0.2985226322	0.3596975068	1.204925416	0.9610743619	0.9612408347
0.9634085213	0.2988276038	0.3600629538	1.204918653	0.9620561983	0.9622174404
0.9644110276	0.2991335028	0.3604295336	1.204911955	0.9630410203	0.963197073
0.9654135338	0.2994403315	0.360797249	1.204905322	0.9640288355	0.9641797406
0.9664160401	0.2997480924	0.361166103	1.204898754	0.9650196518	0.965165451
0.9674185464	0.3000567878	0.3615360987	1.204892252	0.9660134769	0.9661542122
0.9684210526	0.3003664203	0.361907239	1.204885814	0.9670103187	0.9671460322
0.9694235589	0.3006769922	0.3622795268	1.204879443	0.968010185	0.9681409189
0.9704260652	0.300988506	0.3626529652	1.204873136	0.9690130835	0.9691388803
0.9714285714	0.3013009641	0.3630275571	1.204866895	0.9700190222	0.9701399245
0.9724310777	0.3016143689	0.3634033056	1.20486072	0.9710280087	0.9711440593
0.973433584	0.3019287229	0.3637802136	1.20485461	0.9720400511	0.9721512928
0.9744360902	0.3022440285	0.3641582842	1.204848566	0.9730551571	0.973161633
0.9754385965	0.3025602881	0.3645375203	1.204842587	0.9740733346	0.9741750879
0.9764411028	0.3028775042	0.3649179249	1.204836674	0.9750945915	0.9751916656
0.977443609	0.3031956793	0.3652995011	1.204830827	0.9761189356	0.9762113741
0.9784461153	0.3035148158	0.3656822518	1.204825046	0.9771463749	0.9772342215
0.9794486216	0.3038349161	0.3660661802	1.20481933	0.9781769172	0.9782602157
0.9804511278	0.3041559827	0.3664512891	1.204813681	0.9792105704	0.979289365
0.9814536341	0.3044780181	0.3668375816	1.204808097	0.9802473425	0.9803216772
0.9824561404	0.3048010246	0.3672250607	1.20480258	0.9812872413	0.9813571606
0.9834586466	0.3051250049	0.3676137296	1.204797128	0.9823302749	0.9823958232
0.9844611529	0.3054499613	0.3680035911	1.204791743	0.983376451	0.9834376732
0.9854636591	0.3057758963	0.3683946484	1.204786423	0.9844257778	0.9844827185
0.9864661654	0.3061028124	0.3687869044	1.20478117	0.9854782632	0.9855309675
0.9874686717	0.3064307121	0.3691803623	1.204775983	0.986533915	0.9865824281
0.9884711779	0.3067595978	0.369575025	1.204770862	0.9875927413	0.9876371085
0.9894736842	0.307089472	0.3699708956	1.204765807	0.9886547501	0.9886950169
0.9904761905	0.3074203373	0.3703679772	1.204760819	0.9897199494	0.9897561614
0.9914786967	0.307752196	0.3707662728	1.204755897	0.9907883471	0.9908205502
0.992481203	0.3080850507	0.3711657855	1.204751041	0.9918599514	0.9918881914
0.9934837093	0.3084189038	0.3715665183	1.204746251	0.9929347701	0.9929590933
0.9944862155	0.3087537579	0.3719684743	1.204741529	0.9940128113	0.994033264
0.9954887218	0.3090896155	0.3723716565	1.204736872	0.995094083	0.9951107117
0.9964912281	0.309426479	0.3727760682	1.204732282	0.9961785934	0.9961914447
0.9974937343	0.309764351	0.3731817122	1.204727758	0.9972663504	0.9972754711
0.9984962406	0.3101032339	0.3735885917	1.204723301	0.9983573622	0.9983627992
0.9994987469	0.3104431303	0.3739967098	1.204718911	0.9994516367	0.9994534372
1.000501253	0.3107840427	0.3744060695	1.204714587	1.000549182	1.000547393
1.001503759	0.3111259735	0.374816674	1.204710329	1.001650006	1.001644676
1.002506266	0.3114689254	0.3752285264	1.204706139	1.002754118	1.002745293
1.003508772	0.3118129008	0.3756416296	1.204702014	1.003861524	1.003849253
1.004511278	0.3121579022	0.3760559869	1.204697957	1.004972234	1.004956565
1.005513784	0.3125039321	0.3764716013	1.204693966	1.006086255	1.006067236
1.006516291	0.3128509932	0.376888476	1.204690042	1.007203596	1.007181274
1.007518797	0.3131990879	0.377306614	1.204686184	1.008324264	1.008298689
1.008521303	0.3135482187	0.3777260185	1.204682393	1.009448268	1.009419489
1.00952381	0.3138983882	0.3781466925	1.204678669	1.010575617	1.010543681
1.010526316	0.3142495989	0.3785686392	1.204675012	1.011706317	1.011671274
1.011528822	0.3146018534	0.3789918618	1.204671421	1.012840377	1.012802276
1.012531328	0.3149551541	0.3794163633	1.204667897	1.013977806	1.013936696
1.013533835	0.3153095037	0.3798421468	1.20466444	1.015118612	1.015074543
1.014536341	0.3156649048	0.3802692155	1.20466105	1.016262803	1.016215824
1.015538847	0.3160213597	0.3806975726	1.204657726	1.017410386	1.017360548
1.016541353	0.3163788711	0.3811272211	1.204654469	1.018561371	1.018508723
1.01754386	0.3167374416	0.3815581643	1.204651279	1.019715766	1.019660357
1.018546366	0.3170970737	0.3819904051	1.204648156	1.020873578	1.02081546
1.019548872	0.3174577699	0.3824239469	1.2046451	1.022034817	1.021974039
1.020551378	0.3178195329	0.3828587928	1.20464211	1.023199489	1.023136104
1.021553885	0.3181823652	0.3832949458	1.204639187	1.024367604	1.024301661
1.022556391	0.3185462694	0.3837324093	1.204636331	1.02553917	1.02547072
1.023558897	0.3189112479	0.3841711862	1.204633542	1.026714195	1.02664329
1.024561404	0.3192773035	0.3846112798	1.20463082	1.027892688	1.027819378
1.02556391	0.3196444387	0.3850526933	1.204628164	1.029074656	1.028998993
1.026566416	0.3200126561	0.3854954299	1.204625575	1.030260108	1.030182144
1.027568922	0.3203819582	0.3859394926	1.204623053	1.031449052	1.031368839
1.028571429	0.3207523476	0.3863848847	1.204620598	1.032641497	1.032559087
1.029573935	0.321123827	0.3868316094	1.204618209	1.033837451	1.033752895
1.030576441	0.3214963988	0.3872796698	1.204615888	1.035036922	1.034950274
1.031578947	0.3218700658	0.3877290692	1.204613633	1.036239919	1.03615123
1.032581454	0.3222448305	0.3881798107	1.204611444	1.037446449	1.037355773
1.03358396	0.3226206955	0.3886318975	1.204609323	1.038656522	1.038563911
1.034586466	0.3229976634	0.3890853329	1.204607268	1.039870146	1.039775653
1.035588972	0.3233757368	0.3895401199	1.20460528	1.041087329	1.040991008
1.036591479	0.3237549183	0.3899962619	1.204603359	1.04230808	1.042209983
1.037593985	0.3241352105	0.390453762	1.204601504	1.043532406	1.043432587
1.038596491	0.3245166161	0.3909126235	1.204599716	1.044760317	1.04465883
1.039598997	0.3248991376	0.3913728495	1.204597994	1.04599182	1.045888719
1.040601504	0.3252827777	0.3918344433	1.20459634	1.047226924	1.047122263
1.04160401	0.325667539	0.3922974081	1.204594751	1.048465639	1.048359471
1.042606516	0.3260534241	0.3927617472	1.20459323	1.049707971	1.049600352
1.043609023	0.3264404356	0.3932274636	1.204591775	1.050953929	1.050844913
1.044611529	0.3268285762	0.3936945608	1.204590386	1.052203523	1.052093165
1.045614035	0.3272178485	0.3941630419	1.204589064	1.05345676	1.053345114
1.046616541	0.3276082551	0.3946329101	1.204587809	1.054713649	1.054600771
1.047619048	0.3279997987	0.3951041687	1.20458662	1.055974198	1.055860143
1.048621554	0.3283924819	0.395576821	1.204585497	1.057238416	1.05712324
1.04962406	0.3287863073	0.3960508702	1.204584441	1.058506312	1.058390069
1.050626566	0.3291812777	0.3965263195	1.204583451	1.059777894	1.05966064
1.051629073	0.3295773955	0.3970031722	1.204582528	1.06105317	1.060934962
1.052631579	0.3299746636	0.3974814315	1.204581671	1.062332148	1.062213042
1.053634085	0.3303730845	0.3979611008	1.20458088	1.063614839	1.063494891
1.054636591	0.3307726609	0.3984421832	1.204580155	1.064901249	1.064780516
1.055639098	0.3311733955	0.3989246821	1.204579497	1.066191388	1.066069926
1.056641604	0.3315752909	0.3994086007	1.204578905	1.067485265	1.06736313
1.05764411	0.3319783497	0.3998939422	1.204578379	1.068782887	1.068660137
1.058646617	0.3323825747	0.4003807101	1.204577919	1.070084263	1.069960955
1.059649123	0.3327879686	0.4008689075	1.204577525	1.071389402	1.071265594
1.060651629	0.3331945339	0.4013585377	1.204577197	1.072698313	1.072574062
1.061654135	0.3336022733	0.4018496041	1.204576935	1.074011004	1.073886367
1.062656642	0.3340111897	0.4023421098	1.20457674	1.075327484	1.075202519
1.063659148	0.3344212855	0.4028360583	1.20457661	1.076647761	1.076522527
1.064661654	0.3348325635	0.4033314528	1.204576546	1.077971844	1.077846399
1.06566416	0.3352450264	0.4038282966	1.204576548	1.079299742	1.079174144
1.066666667	0.3356586769	0.4043265929	1.204576615	1.080631463	1.08050577
1.067669173	0.3360735177	0.4048263452	1.204576749	1.081967016	1.081841288
1.068671679	0.3364895514	0.4053275568	1.204576948	1.08330641	1.083180705
1.069674185	0.3369067808	0.4058302308	1.204577212	1.084649653	1.084524031
1.070676692	0.3373252085	0.4063343708	1.204577543	1.085996754	1.085871273
1.071679198	0.3377448373	0.4068399799	1.204577939	1.087347722	1.087222442
1.072681704	0.3381656699	0.4073470615	1.2045784	1.088702565	1.088577547
1.073684211	0.3385877089	0.407855619	1.204578927	1.090061292	1.089936595
1.074686717	0.3390109571	0.4083656556	1.204579519	1.091423912	1.091299595
1.075689223	0.3394354171	0.4088771747	1.204580176	1.092790434	1.092666558
1.076691729	0.3398610918	0.4093901796	1.204580899	1.094160866	1.094037491
1.077694236	0.3402879838	0.4099046737	1.204581687	1.095535218	1.095412404
1.078696742	0.3407160958	0.4104206604	1.204582541	1.096913497	1.096791306
1.079699248	0.3411454306	0.4109381429	1.204583459	1.098295712	1.098174205
1.080701754	0.3415759909	0.4114571246	1.204584442	1.099681874	1.09956111
1.081704261	0.3420077794	0.4119776089	1.204585491	1.101071989	1.100952031
1.082706767	0.3424407989	0.4124995991	1.204586604	1.102466067	1.102346976
1.083709273	0.342875052	0.4130230986	1.204587783	1.103864117	1.103745955
1.084711779	0.3433105416	0.4135481108	1.204589026	1.105266148	1.105148976
1.085714286	0.3437472703	0.414074639	1.204590334	1.106672167	1.106556048
1.086716792	0.3441852409	0.4146026866	1.204591706	1.108082186	1.107967181
1.087719298	0.3446244562	0.4151322569	1.204593143	1.109496211	1.109382383
1.088721805	0.3450649188	0.4156633534	1.204594645	1.110914252	1.110801663
1.089724311	0.3455066316	0.4161959794	1.204596211	1.112336318	1.112225031
1.090726817	0.3459495973	0.4167301384	1.204597842	1.113762417	1.113652496
1.091729323	0.3463938186	0.4172658336	1.204599537	1.115192559	1.115084065
1.09273183	0.3468392984	0.4178030685	1.204601296	1.116626753	1.11651975
1.093734336	0.3472860393	0.4183418465	1.20460312	1.118065006	1.117959558
1.094736842	0.3477340442	0.418882171	1.204605008	1.119507329	1.119403499
1.095739348	0.3481833157	0.4194240454	1.20460696	1.12095373	1.120851582
1.096741855	0.3486338567	0.419967473	1.204608975	1.122404217	1.122303816
1.097744361	0.34908567	0.4205124573	1.204611055	1.123858801	1.123760209
1.098746867	0.3495387583	0.4210590018	1.204613199	1.12531749	1.125220772
1.099749373	0.3499931244	0.4216071097	1.204615406	1.126780292	1.126685513
1.10075188	0.350448771	0.4221567846	1.204617677	1.128247217	1.128154442
1.101754386	0.350905701	0.4227080298	1.204620012	1.129718273	1.129627567
1.102756892	0.3513639171	0.4232608488	1.204622411	1.131193471	1.131104898
1.103759398	0.3518234222	0.4238152451	1.204624872	1.132672818	1.132586444
1.104761905	0.352284219	0.4243712219	1.204627398	1.134156323	1.134072213
1.105764411	0.3527463103	0.4249287828	1.204629986	1.135643996	1.135562216
1.106766917	0.3532096989	0.4254879313	1.204632638	1.137135846	1.137056461
1.107769424	0.3536743876	0.4260486707	1.204635353	1.138631881	1.138554958
1.10877193	0.3541403792	0.4266110044	1.204638131	1.140132111	1.140057716
1.109774436	0.3546076765	0.4271749361	1.204640972	1.141636545	1.141564744
1.110776942	0.3550762824	0.427740469	1.204643876	1.143145191	1.143076051
1.111779449	0.3555461996	0.4283076066	1.204646842	1.144658059	1.144591646
1.112781955	0.3560174309	0.4288763524	1.204649872	1.146175158	1.146111539
1.113784461	0.3564899792	0.42944671	1.204652964	1.147696497	1.147635739
1.114786967	0.3569638472	0.4300186826	1.204656118	1.149222084	1.149164255
1.115789474	0.3574390378	0.4305922738	1.204659336	1.15075193	1.150697097
1.11679198	0.3579155539	0.4311674871	1.204662615	1.152286043	1.152234273
1.117794486	0.3583933982	0.4317443259	1.204665957	1.153824432	1.153775793
1.118796992	0.3588725736	0.4323227938	1.204669361	1.155367106	1.155321667
1.119799499	0.3593530829	0.4329028941	1.204672827	1.156914075	1.156871903
1.120802005	0.3598349289	0.4334846304	1.204676355	1.158465347	1.158426512
1.121804511	0.3603181145	0.4340680062	1.204679945	1.160020932	1.159985501
1.122807018	0.3608026424	0.434653025	1.204683597	1.161580838	1.161548881
1.123809524	0.3612885157	0.4352396901	1.20468731	1.163145076	1.163116661
1.12481203	0.3617757371	0.4358280053	1.204691085	1.164713653	1.16468885
1.125814536	0.3622643093	0.4364179739	1.204694922	1.16628658	1.166265458
1.126817043	0.3627542354	0.4370095994	1.20469882	1.167863866	1.167846494
1.127819549	0.3632455182	0.4376028854	1.204702779	1.169445519	1.169431967
1.128822055	0.3637381604	0.4381978354	1.2047068	1.171031549	1.171021887
1.129824561	0.364232165	0.4387944528	1.204710882	1.172621965	1.172616263
1.130827068	0.3647275349	0.4393927413	1.204715025	1.174216776	1.174215104
1.131829574	0.3652242728	0.4399927042	1.204719229	1.175815992	1.175818421
1.13283208	0.3657223817	0.4405943452	1.204723493	1.177419621	1.177426221
1.133834586	0.3662218644	0.4411976678	1.204727819	1.179027674	1.179038516
1.134837093	0.3667227238	0.4418026755	1.204732205	1.180640158	1.180655313
1.135839599	0.3672249627	0.4424093718	1.204736651	1.182257084	1.182276624
1.136842105	0.3677285842	0.4430177603	1.204741158	1.183878461	1.183902456
1.137844612	0.3682335909	0.4436278445	1.204745725	1.185504297	1.18553282
1.138847118	0.3687399858	0.444239628	1.204750353	1.187134603	1.187167725
1.139849624	0.3692477719	0.4448531143	1.20475504	1.188769388	1.188807181
1.14085213	0.3697569519	0.4454683069	1.204759788	1.19040866	1.190451196
1.141854637	0.3702675288	0.4460852094	1.204764595	1.192052429	1.192099781
1.142857143	0.3707795055	0.4467038254	1.204769462	1.193700705	1.193752945
1.143859649	0.3712928848	0.4473241584	1.204774389	1.195353497	1.195410697
1.144862155	0.3718076697	0.447946212	1.204779375	1.197010814	1.197073048
1.145864662	0.372323863	0.4485699898	1.204784421	1.198672665	1.198740006
1.146867168	0.3728414677	0.4491954953	1.204789526	1.20033906	1.200411581
1.147869674	0.3733604867	0.4498227321	1.204794691	1.202010008	1.202087783
1.14887218	0.3738809229	0.4504517038	1.204799914	1.203685519	1.203768621
1.149874687	0.3744027792	0.4510824139	1.204805196	1.205365601	1.205454105
1.150877193	0.3749260585	0.4517148661	1.204810538	1.207050265	1.207144244
1.151879699	0.3754507637	0.4523490638	1.204815938	1.20873952	1.208839048
1.152882206	0.3759768977	0.4529850109	1.204821396	1.210433374	1.210538527
1.153884712	0.3765044636	0.4536227107	1.204826913	1.212131839	1.21224269
1.154887218	0.3770334641	0.4542621669	1.204832489	1.213834922	1.213951546
1.155889724	0.3775639023	0.4549033832	1.204838123	1.215542633	1.215665106
1.156892231	0.378095781	0.455546363	1.204843815	1.217254982	1.217383379
1.157894737	0.3786291032	0.4561911101	1.204849565	1.218971979	1.219106375
1.158897243	0.3791638718	0.456837628	1.204855372	1.220693632	1.220834103
1.159899749	0.3797000898	0.4574859203	1.204861238	1.222419951	1.222566572
1.160902256	0.3802377601	0.4581359907	1.204867162	1.224150946	1.224303794
1.161904762	0.3807768857	0.4587878428	1.204873142	1.225886626	1.226045777
1.162907268	0.3813174695	0.4594414802	1.204879181	1.227627001	1.22779253
1.163909774	0.3818595144	0.4600969065	1.204885276	1.229372079	1.229544065
1.164912281	0.3824030234	0.4607541254	1.204891429	1.231121872	1.231300389
1.165914787	0.3829479995	0.4614131405	1.204897639	1.232876387	1.233061514
1.166917293	0.3834944456	0.4620739554	1.204903906	1.234635635	1.234827449
1.167919799	0.3840423647	0.4627365738	1.20491023	1.236399625	1.236598203
1.168922306	0.3845917597	0.4634009993	1.20491661	1.238168367	1.238373786
1.169924812	0.3851426337	0.4640672355	1.204923047	1.23994187	1.240154209
1.170927318	0.3856949895	0.4647352862	1.20492954	1.241720144	1.24193948
1.171929825	0.3862488301	0.4654051549	1.204936089	1.243503198	1.243729609
1.172932331	0.3868041586	0.4660768454	1.204942695	1.245291043	1.245524607
1.173934837	0.3873609779	0.4667503612	1.204949357	1.247083686	1.247324483
1.174937343	0.387919291	0.4674257061	1.204956074	1.248881139	1.249129247
1.17593985	0.3884791009	0.4681028837	1.204962848	1.250683411	1.250938909
1.176942356	0.3890404105	0.4687818976	1.204969677	1.252490511	1.252753478
1.177944862	0.3896032228	0.4694627517	1.204976561	1.254302449	1.254572964
1.178947368	0.3901675409	0.4701454494	1.204983501	1.256119235	1.256397378
1.179949875	0.3907333677	0.4708299946	1.204990496	1.257940878	1.258226728
1.180952381	0.3913007062	0.4715163909	1.204997547	1.259767387	1.260061025
1.181954887	0.3918695594	0.4722046419	1.205004652	1.261598774	1.261900279
1.182957393	0.3924399303	0.4728947515	1.205011812	1.263435046	1.263744499
1.1839599	0.393011822	0.4735867231	1.205019026	1.265276214	1.265593696
1.184962406	0.3935852374	0.4742805607	1.205026296	1.267122288	1.267447879
1.185964912	0.3941601795	0.4749762678	1.20503362	1.268973278	1.269307058
1.186967419	0.3947366514	0.4756738482	1.205040998	1.270829192	1.271171243
1.187969925	0.3953146561	0.4763733055	1.20504843	1.27269004	1.273040444
1.188972431	0.3958941965	0.4770746436	1.205055916	1.274555833	1.274914671
1.189974937	0.3964752758	0.477777866	1.205063456	1.276426581	1.276793934
1.190977444	0.3970578969	0.4784829766	1.20507105	1.278302292	1.278678242
1.19197995	0.3976420628	0.4791899789	1.205078697	1.280182976	1.280567607
1.192982456	0.3982277766	0.4798988769	1.205086398	1.282068644	1.282462036
1.193984962	0.3988150413	0.4806096741	1.205094152	1.283959305	1.284361542
1.194987469	0.39940386	0.4813223743	1.205101959	1.285854969	1.286266132
1.195989975	0.3999942357	0.4820369813	1.20510982	1.287755645	1.288175819
1.196992481	0.4005861714	0.4827534987	1.205117733	1.289661344	1.29009061
1.197994987	0.4011796702	0.4834719304	1.205125699	1.291572075	1.292010518
1.198997494	0.401774735	0.48419228	1.205133718	1.293487848	1.29393555
1.2	0.4023713691	0.4849145514	1.205141789	1.295408673	1.295865719
