# VHH-NNLO scan points
# process: WplusHH
# energy_tev: 14
# scan_axis: kappa_lambda
# scan_x_key: kappa_lambda
# vmin: -0.7
# vmax: 6.1
# n_points: 400
# fixed_kappa: 1,1,1
#
kappa_lambda	sigma_lo	sigma_nnlo	k	sigma_heft_over_sm_lo	sigma_heft_over_sm_nnlo
-0.7	0.1270156486	0.1539203981	1.211822321	0.4089186891	0.4113305463
-0.6829573935	0.1278823916	0.1549561604	1.21170834	0.4117091121	0.4140984748
-0.665914787	0.1287688578	0.1560156708	1.211594741	0.4145630329	0.416929867
-0.6488721805	0.1296750473	0.1570989295	1.211481567	0.4174804515	0.4198247228
-0.6318295739	0.13060096	0.1582059363	1.211368862	0.4204613679	0.4227830424
-0.6147869674	0.131546596	0.1593366913	1.211256666	0.4235057822	0.4258048256
-0.5977443609	0.1325119554	0.1604911945	1.211145018	0.4266136942	0.4288900726
-0.5807017544	0.1334970379	0.1616694459	1.211033956	0.429785104	0.4320387832
-0.5636591479	0.1345018438	0.1628714455	1.210923515	0.4330200117	0.4352509575
-0.5466165414	0.1355263729	0.1640971933	1.210813731	0.4363184171	0.4385265955
-0.5295739348	0.1365706253	0.1653466893	1.210704636	0.4396803204	0.4418656972
-0.5125313283	0.137634601	0.1666199334	1.210596262	0.4431057214	0.4452682626
-0.4954887218	0.1387182999	0.1679169258	1.210488637	0.4465946203	0.4487342917
-0.4784461153	0.1398217222	0.1692376663	1.21038179	0.450147017	0.4522637844
-0.4614035088	0.1409448676	0.1705821551	1.210275748	0.4537629115	0.4558567409
-0.4443609023	0.1420877364	0.171950392	1.210170535	0.4574423037	0.459513161
-0.4273182957	0.1432503285	0.1733423771	1.210066176	0.4611851938	0.4632330448
-0.4102756892	0.1444326438	0.1747581104	1.209962692	0.4649915817	0.4670163924
-0.3932330827	0.1456346824	0.1761975919	1.209860104	0.4688614674	0.4708632036
-0.3761904762	0.1468564442	0.1776608216	1.209758432	0.472794851	0.4747734785
-0.3591478697	0.1480979293	0.1791477995	1.209657693	0.4767917323	0.4787472171
-0.3421052632	0.1493591378	0.1806585256	1.209557904	0.4808521114	0.4827844193
-0.3250626566	0.1506400694	0.1821929999	1.209459081	0.4849759883	0.4868850853
-0.3080200501	0.1519407244	0.1837512223	1.209361237	0.4891633631	0.491049215
-0.2909774436	0.1532611026	0.185333193	1.209264385	0.4934142356	0.4952768083
-0.2739348371	0.1546012041	0.1869389118	1.209168537	0.4977286059	0.4995678653
-0.2568922306	0.1559610289	0.1885683788	1.209073704	0.5021064741	0.5039223861
-0.2398496241	0.1573405769	0.1902215941	1.208979894	0.5065478401	0.5083403705
-0.2228070175	0.1587398482	0.1918985575	1.208887117	0.5110527038	0.5128218186
-0.205764411	0.1601588428	0.1935992691	1.208795379	0.5156210654	0.5173667304
-0.1887218045	0.1615975607	0.1953237289	1.208704686	0.5202529248	0.5219751059
-0.171679198	0.1630560018	0.1970719368	1.208615044	0.524948282	0.526646945
-0.1546365915	0.1645341662	0.198843893	1.208526457	0.5297071369	0.5313822479
-0.137593985	0.1660320539	0.2006395974	1.208438929	0.5345294897	0.5361810144
-0.1205513784	0.1675496649	0.2024590499	1.208352461	0.5394153403	0.5410432447
-0.1035087719	0.1690869991	0.2043022507	1.208267056	0.5443646888	0.5459689386
-0.08646616541	0.1706440566	0.2061691996	1.208182715	0.549377535	0.5509580962
-0.0694235589	0.1722208374	0.2080598968	1.208099437	0.554453879	0.5560107175
-0.05238095238	0.1738173414	0.2099743421	1.208017223	0.5595937208	0.5611268025
-0.03533834586	0.1754335688	0.2119125356	1.20793607	0.5647970604	0.5663063512
-0.01829573935	0.1770695194	0.2138744773	1.207855977	0.5700638979	0.5715493636
-0.001253132832	0.1787251932	0.2158601672	1.207776941	0.5753942331	0.5768558397
0.01578947368	0.1804005904	0.2178696053	1.207698959	0.5807880662	0.5822257794
0.0328320802	0.1820957108	0.2199027916	1.207622028	0.586245397	0.5876591829
0.04987468672	0.1838105545	0.221959726	1.207546143	0.5917662257	0.59315605
0.06691729323	0.1855451214	0.2240404087	1.207471298	0.5973505522	0.5987163808
0.08395989975	0.1872994117	0.2261448395	1.20739749	0.6029983764	0.6043401754
0.1010025063	0.1890734252	0.2282730186	1.207324712	0.6087096985	0.6100274336
0.1180451128	0.190867162	0.2304249458	1.207252958	0.6144845184	0.6157781555
0.1350877193	0.192680622	0.2326006212	1.207182221	0.6203228361	0.621592341
0.1521303258	0.1945138054	0.2348000448	1.207112495	0.6262246516	0.6274699903
0.1691729323	0.196366712	0.2370232166	1.207043772	0.6321899649	0.6334111033
0.1862155388	0.1982393418	0.2392701366	1.206976044	0.638218776	0.6394156799
0.2032581454	0.200131695	0.2415408048	1.206909305	0.6443110849	0.6454837203
0.2203007519	0.2020437714	0.2438352212	1.206843544	0.6504668917	0.6516152243
0.2373433584	0.2039755711	0.2461533858	1.206778755	0.6566861962	0.657810192
0.2543859649	0.2059270941	0.2484952985	1.206714928	0.6629689985	0.6640686234
0.2714285714	0.2078983403	0.2508609595	1.206652055	0.6693152987	0.6703905185
0.2884711779	0.2098893098	0.2532503686	1.206590125	0.6757250966	0.6767758773
0.3055137845	0.2119000026	0.2556635259	1.206529131	0.6821983924	0.6832246998
0.322556391	0.2139304187	0.2581004315	1.206469062	0.6887351859	0.689736986
0.3395989975	0.215980558	0.2605610852	1.206409908	0.6953354773	0.6963127358
0.356641604	0.2180504206	0.2630454871	1.206351661	0.7019992665	0.7029519494
0.3736842105	0.2201400065	0.2655536372	1.20629431	0.7087265535	0.7096546266
0.390726817	0.2222493156	0.2680855355	1.206237845	0.7155173382	0.7164207675
0.4077694236	0.2243783481	0.2706411819	1.206182255	0.7223716208	0.7232503722
0.4248120301	0.2265271038	0.2732205766	1.206127532	0.7292894012	0.7301434405
0.4418546366	0.2286955827	0.2758237195	1.206073664	0.7362706794	0.7370999725
0.4588972431	0.230883785	0.2784506105	1.206020642	0.7433154554	0.7441199682
0.4759398496	0.2330917105	0.2811012498	1.205968454	0.7504237293	0.7512034275
0.4929824561	0.2353193593	0.2837756372	1.205917091	0.7575955009	0.7583503506
0.5100250627	0.2375667314	0.2864737728	1.205866542	0.7648307703	0.7655607373
0.5270676692	0.2398338267	0.2891956566	1.205816797	0.7721295375	0.7728345878
0.5441102757	0.2421206453	0.2919412886	1.205767845	0.7794918026	0.7801719019
0.5611528822	0.2444271872	0.2947106688	1.205719675	0.7869175654	0.7875726797
0.5781954887	0.2467534524	0.2975037972	1.205672279	0.7944068261	0.7950369213
0.5952380952	0.2490994408	0.3003206738	1.205625644	0.8019595845	0.8025646265
0.6122807018	0.2514651525	0.3031612986	1.205579761	0.8095758408	0.8101557953
0.6293233083	0.2538505875	0.3060256715	1.20553462	0.8172555949	0.8178104279
0.6463659148	0.2562557457	0.3089137927	1.20549021	0.8249988468	0.8255285242
0.6634085213	0.2586806273	0.311825662	1.20544652	0.8328055964	0.8333100842
0.6804511278	0.2611252321	0.3147612795	1.205403542	0.8406758439	0.8411551078
0.6974937343	0.2635895601	0.3177206453	1.205361264	0.8486095892	0.8490635951
0.7145363409	0.2660736115	0.3207037592	1.205319676	0.8566068323	0.8570355462
0.7315789474	0.2685773861	0.3237106213	1.205278769	0.8646675732	0.8650709609
0.7486215539	0.271100884	0.3267412316	1.205238533	0.8727918119	0.8731698393
0.7656641604	0.2736441052	0.3297955901	1.205198957	0.8809795485	0.8813321814
0.7827067669	0.2762070496	0.3328736968	1.205160032	0.8892307828	0.8895579872
0.7997493734	0.2787897173	0.3359755516	1.205121749	0.8975455149	0.8978472567
0.8167919799	0.2813921083	0.3391011547	1.205084097	0.9059237449	0.9061999898
0.8338345865	0.2840142225	0.3422505059	1.205047067	0.9143654726	0.9146161867
0.850877193	0.2866560601	0.3454236054	1.20501065	0.9228706981	0.9230958472
0.8679197995	0.2893176209	0.348620453	1.204974837	0.9314394215	0.9316389715
0.884962406	0.291998905	0.3518410488	1.204939617	0.9400716427	0.9402455594
0.9020050125	0.2946999123	0.3550853928	1.204904983	0.9487673616	0.948915611
0.919047619	0.2974206429	0.358353485	1.204870925	0.9575265784	0.9576491263
0.9360902256	0.3001610968	0.3616453254	1.204837433	0.966349293	0.9664461053
0.9531328321	0.302921274	0.364960914	1.2048045	0.9752355054	0.975306548
0.9701754386	0.3057011744	0.3683002508	1.204772116	0.9841852156	0.9842304543
0.9872180451	0.3085007982	0.3716633358	1.204740273	0.9931984236	0.9932178244
1.004260652	0.3113201451	0.3750501689	1.204708962	1.002275129	1.002268658
1.021303258	0.3141592154	0.3784607503	1.204678175	1.011415333	1.011382956
1.038345865	0.3170180089	0.3818950798	1.204647903	1.020619034	1.020560717
1.055388471	0.3198965258	0.3853531576	1.204618139	1.029886234	1.029801942
1.072431078	0.3227947658	0.3888349835	1.204588874	1.039216931	1.03910663
1.089473684	0.3257127292	0.3923405576	1.2045601	1.048611125	1.048474782
1.106516291	0.3286504158	0.3958698799	1.204531809	1.058068818	1.057906398
1.123558897	0.3316078257	0.3994229504	1.204503994	1.067590009	1.067401478
1.140601504	0.3345849589	0.4029997691	1.204476646	1.077174697	1.076960021
1.15764411	0.3375818153	0.406600336	1.204449759	1.086822883	1.086582028
1.174686717	0.3405983951	0.4102246511	1.204423324	1.096534567	1.096267499
1.191729323	0.3436346981	0.4138727143	1.204397334	1.106309748	1.106016433
1.20877193	0.3466907243	0.4175445258	1.204371783	1.116148428	1.115828831
1.225814536	0.3497664739	0.4212400854	1.204346662	1.126050605	1.125704693
1.242857143	0.3528619467	0.4249593932	1.204321966	1.13601628	1.135644018
1.259899749	0.3559771428	0.4287024493	1.204297686	1.146045453	1.145646807
1.276942356	0.3591120621	0.4324692535	1.204273816	1.156138124	1.15571306
1.293984962	0.3622667048	0.4362598059	1.20425035	1.166294292	1.165842776
1.311027569	0.3654410707	0.4400741065	1.20422728	1.176513959	1.176035957
1.328070175	0.3686351599	0.4439121553	1.2042046	1.186797123	1.1862926
1.345112782	0.3718489723	0.4477739523	1.204182304	1.197143785	1.196612708
1.362155388	0.375082508	0.4516594974	1.204160385	1.207553944	1.206996279
1.379197995	0.378335767	0.4555687908	1.204138838	1.218027602	1.217443314
1.396240602	0.3816087493	0.4595018323	1.204117655	1.228564757	1.227953813
1.413283208	0.3849014549	0.4634586221	1.204096831	1.239165411	1.238527775
1.430325815	0.3882138837	0.46743916	1.20407636	1.249829561	1.249165201
1.447368421	0.3915460358	0.4714434461	1.204056236	1.26055721	1.259866091
1.464411028	0.3948979111	0.4754714805	1.204036454	1.271348357	1.270630444
1.481453634	0.3982695098	0.479523263	1.204017007	1.282203001	1.281458261
1.498496241	0.4016608317	0.4835987937	1.20399789	1.293121143	1.292349542
1.515538847	0.4050718769	0.4876980726	1.203979097	1.304102783	1.303304286
1.532581454	0.4085026453	0.4918210996	1.203960624	1.315147921	1.314322494
1.54962406	0.4119531371	0.4959678749	1.203942464	1.326256557	1.325404166
1.566666667	0.4154233521	0.5001383984	1.203924613	1.33742869	1.336549302
1.583709273	0.4189132903	0.50433267	1.203907065	1.348664321	1.347757901
1.60075188	0.4224229519	0.5085506899	1.203889816	1.35996345	1.359029964
1.617794486	0.4259523367	0.5127924579	1.20387286	1.371326077	1.37036549
1.634837093	0.4295014448	0.5170579741	1.203856193	1.382752202	1.381764481
1.651879699	0.4330702762	0.5213472385	1.203839809	1.394241824	1.393226935
1.668922306	0.4366588308	0.5256602512	1.203823704	1.405794945	1.404752852
1.685964912	0.4402671088	0.5299970119	1.203807873	1.417411563	1.416342234
1.703007519	0.4438951099	0.5343575209	1.203792313	1.429091678	1.427995079
1.720050125	0.4475428344	0.5387417781	1.203777017	1.440835292	1.439711387
1.737092732	0.4512102822	0.5431497835	1.203761982	1.452642404	1.45149116
1.754135338	0.4548974532	0.5475815371	1.203747203	1.464513013	1.463334396
1.771177945	0.4586043474	0.5520370388	1.203732677	1.47644712	1.475241096
1.788220551	0.462330965	0.5565162888	1.203718398	1.488444725	1.487211259
1.805263158	0.4660773058	0.5610192869	1.203704364	1.500505827	1.499244886
1.822305764	0.4698433699	0.5655460332	1.203690569	1.512630428	1.511341977
1.839348371	0.4736291573	0.5700965277	1.20367701	1.524818526	1.523502532
1.856390977	0.477434668	0.5746707704	1.203663682	1.537070122	1.53572655
1.873433584	0.4812599019	0.5792687613	1.203650583	1.549385216	1.548014032
1.89047619	0.4851048591	0.5838905004	1.203637707	1.561763808	1.560364977
1.907518797	0.4889695396	0.5885359877	1.203625052	1.574205898	1.572779387
1.924561404	0.4928539433	0.5932052232	1.203612614	1.586711485	1.58525726
1.94160401	0.4967580703	0.5978982068	1.203600389	1.59928057	1.597798596
1.958646617	0.5006819206	0.6026149387	1.203588374	1.611913153	1.610403397
1.975689223	0.5046254942	0.6073554187	1.203576565	1.624609234	1.623071661
1.99273183	0.508588791	0.612119647	1.203564958	1.637368812	1.635803388
2.009774436	0.5125718111	0.6169076234	1.203553551	1.650191889	1.64859858
2.026817043	0.5165745545	0.621719348	1.20354234	1.663078463	1.661457235
2.043859649	0.5205970211	0.6265548208	1.203531322	1.676028535	1.674379354
2.060902256	0.5246392111	0.6314140418	1.203520493	1.689042105	1.687364936
2.077944862	0.5287011243	0.636297011	1.20350985	1.702119172	1.700413983
2.094987469	0.5327827608	0.6412037284	1.203499392	1.715259738	1.713526492
2.112030075	0.5368841205	0.646134194	1.203489113	1.728463801	1.726702466
2.129072682	0.5410052035	0.6510884077	1.203479012	1.741731362	1.739941903
2.146115288	0.5451460098	0.6560663697	1.203469085	1.755062421	1.753244804
2.163157895	0.5493065394	0.6610680798	1.20345933	1.768456977	1.766611169
2.180200501	0.5534867922	0.6660935382	1.203449744	1.781915032	1.780040997
2.197243108	0.5576867683	0.6711427447	1.203440323	1.795436584	1.793534289
2.214285714	0.5619064677	0.6762156994	1.203431066	1.809021634	1.807091045
2.231328321	0.5661458904	0.6813124023	1.203421969	1.822670182	1.820711264
2.248370927	0.5704050363	0.6864328534	1.203413031	1.836382227	1.834394947
2.265413534	0.5746839055	0.6915770527	1.203404247	1.850157771	1.848142094
2.28245614	0.578982498	0.6967450002	1.203395617	1.863996812	1.861952705
2.299498747	0.5833008138	0.7019366959	1.203387136	1.877899351	1.875826779
2.316541353	0.5876388528	0.7071521397	1.203378804	1.891865388	1.889764317
2.33358396	0.5919966151	0.7123913318	1.203370617	1.905894923	1.903765318
2.350626566	0.5963741007	0.7176542721	1.203362573	1.919987955	1.917829783
2.367669173	0.6007713095	0.7229409605	1.203354669	1.934144486	1.931957712
2.384711779	0.6051882416	0.7282513971	1.203346904	1.948364514	1.946149105
2.401754386	0.609624897	0.7335855819	1.203339276	1.96264804	1.960403961
2.418796992	0.6140812757	0.7389435149	1.203331781	1.976995063	1.974722281
2.435839599	0.6185573776	0.7443251961	1.203324418	1.991405585	1.989104065
2.452882206	0.6230532028	0.7497306255	1.203317184	2.005879604	2.003549312
2.469924812	0.6275687513	0.7551598031	1.203310078	2.020417121	2.018058023
2.486967419	0.6321040231	0.7606127289	1.203303097	2.035018136	2.032630198
2.504010025	0.6366590181	0.7660894029	1.20329624	2.049682649	2.047265836
2.521052632	0.6412337364	0.771589825	1.203289505	2.064410659	2.061964939
2.538095238	0.645828178	0.7771139954	1.203282888	2.079202168	2.076727504
2.555137845	0.6504423429	0.7826619139	1.20327639	2.094057174	2.091553534
2.572180451	0.655076231	0.7882335806	1.203270006	2.108975678	2.106443027
2.589223058	0.6597298424	0.7938289955	1.203263737	2.12395768	2.121395984
2.606265664	0.6644031771	0.7994481587	1.20325758	2.139003179	2.136412405
2.623308271	0.669096235	0.80509107	1.203251532	2.154112177	2.151492289
2.640350877	0.6738090162	0.8107577295	1.203245593	2.169284672	2.166635637
2.657393484	0.6785415207	0.8164481371	1.203239761	2.184520665	2.181842448
2.67443609	0.6832937485	0.822162293	1.203234033	2.199820156	2.197112724
2.691478697	0.6880656995	0.8279001971	1.203228409	2.215183144	2.212446463
2.708521303	0.6928573738	0.8336618493	1.203222887	2.230609631	2.227843665
2.72556391	0.6976687714	0.8394472498	1.203217464	2.246099615	2.243304332
2.742606516	0.7024998923	0.8452563984	1.20321214	2.261653097	2.258828462
2.759649123	0.7073507364	0.8510892952	1.203206912	2.277270077	2.274416056
2.776691729	0.7122213038	0.8569459403	1.20320178	2.292950554	2.290067113
2.793734336	0.7171115945	0.8628263335	1.203196741	2.30869453	2.305781634
2.810776942	0.7220216084	0.8687304749	1.203191795	2.324502003	2.321559619
2.827819549	0.7269513456	0.8746583645	1.203186939	2.340372974	2.337401068
2.844862155	0.7319008061	0.8806100023	1.203182173	2.356307443	2.35330598
2.861904762	0.7368699899	0.8865853882	1.203177494	2.37230541	2.369274356
2.878947368	0.741858897	0.8925845224	1.203172903	2.388366874	2.385306195
2.895989975	0.7468675273	0.8986074048	1.203168396	2.404491836	2.401401499
2.913032581	0.7518958809	0.9046540353	1.203163973	2.420680297	2.417560266
2.930075188	0.7569439577	0.910724414	1.203159633	2.436932254	2.433782496
2.947117794	0.7620117579	0.916818541	1.203155373	2.45324771	2.450068191
2.964160401	0.7670992813	0.9229364161	1.203151194	2.469626664	2.466417349
2.981203008	0.772206528	0.9290780394	1.203147093	2.486069115	2.48282997
2.998245614	0.7773334979	0.9352434109	1.20314307	2.502575064	2.499306056
3.015288221	0.7824801911	0.9414325306	1.203139123	2.519144511	2.515845605
3.032330827	0.7876466076	0.9476453985	1.20313525	2.535777456	2.532448618
3.049373434	0.7928327474	0.9538820146	1.203131452	2.552473898	2.549115094
3.06641604	0.7980386105	0.9601423788	1.203127726	2.569233839	2.565845034
3.083458647	0.8032641968	0.9664264913	1.203124072	2.586057277	2.582638438
3.100501253	0.8085095064	0.9727343519	1.203120488	2.602944213	2.599495306
3.11754386	0.8137745392	0.9790659608	1.203116973	2.619894646	2.616415637
3.134586466	0.8190592954	0.9854213178	1.203113527	2.636908578	2.633399432
3.151629073	0.8243637748	0.991800423	1.203110148	2.653986007	2.650446691
3.168671679	0.8296879775	0.9982032764	1.203106835	2.671126935	2.667557413
3.185714286	0.8350319035	1.004629878	1.203103587	2.68833136	2.684731599
3.202756892	0.8403955527	1.011080228	1.203100403	2.705599282	2.701969249
3.219799499	0.8457789252	1.017554326	1.203097282	2.722930703	2.719270362
3.236842105	0.851182021	1.024052172	1.203094223	2.740325621	2.736634939
3.253884712	0.85660484	1.030573766	1.203091225	2.757784038	2.75406298
3.270927318	0.8620473824	1.037119109	1.203088287	2.775305952	2.771554484
3.287969925	0.867509648	1.0436882	1.203085409	2.792891363	2.789109453
3.305012531	0.8729916368	1.050281039	1.203082589	2.810540273	2.806727884
3.322055138	0.878493349	1.056897626	1.203079826	2.82825268	2.82440978
3.339097744	0.8840147844	1.063537961	1.20307712	2.846028586	2.842155139
3.356140351	0.8895559431	1.070202045	1.20307447	2.863867989	2.859963962
3.373182957	0.8951168251	1.076889876	1.203071874	2.88177089	2.877836249
3.390225564	0.9006974303	1.083601456	1.203069332	2.899737288	2.895771999
3.40726817	0.9062977588	1.090336784	1.203066844	2.917767185	2.913771213
3.424310777	0.9119178106	1.097095861	1.203064408	2.935860579	2.931833891
3.441353383	0.9175575857	1.103878685	1.203062023	2.954017471	2.949960032
3.45839599	0.923217084	1.110685258	1.203059689	2.972237861	2.968149637
3.475438596	0.9288963056	1.117515579	1.203057405	2.990521749	2.986402706
3.492481203	0.9345952505	1.124369648	1.20305517	3.008869134	3.004719238
3.50952381	0.9403139186	1.131247465	1.203052983	3.027280017	3.023099234
3.526566416	0.94605231	1.13814903	1.203050844	3.045754399	3.041542694
3.543609023	0.9518104247	1.145074344	1.203048752	3.064292278	3.060049618
3.560651629	0.9575882627	1.152023406	1.203046706	3.082893654	3.078620005
3.577694236	0.963385824	1.158996216	1.203044706	3.101558529	3.097253856
3.594736842	0.9692031085	1.165992774	1.203042751	3.120286901	3.11595117
3.611779449	0.9750401163	1.17301308	1.20304084	3.139078771	3.134711948
3.628822055	0.9808968473	1.180057135	1.203038972	3.157934139	3.15353619
3.645864662	0.9867733017	1.187124937	1.203037147	3.176853005	3.172423896
3.662907268	0.9926694793	1.194216488	1.203035364	3.195835368	3.191375065
3.679949875	0.9985853802	1.201331788	1.203033623	3.21488123	3.210389698
3.696992481	1.004521004	1.208470835	1.203031922	3.233990589	3.229467795
3.714035088	1.010476352	1.21563363	1.203030262	3.253163446	3.248609355
3.731077694	1.016451422	1.222820174	1.203028642	3.272399801	3.26781438
3.748120301	1.022446216	1.230030466	1.20302706	3.291699653	3.287082867
3.765162907	1.028460734	1.237264506	1.203025517	3.311063004	3.306414819
3.782205514	1.034494974	1.244522294	1.203024012	3.330489852	3.325810234
3.79924812	1.040548938	1.251803831	1.203022544	3.349980198	3.345269113
3.816290727	1.046622625	1.259109116	1.203021113	3.369534042	3.364791455
3.833333333	1.052716035	1.266438148	1.203019718	3.389151383	3.384377261
3.85037594	1.058829169	1.273790929	1.203018359	3.408832223	3.404026531
3.867418546	1.064962026	1.281167459	1.203017035	3.42857656	3.423739265
3.884461153	1.071114606	1.288567736	1.203015745	3.448384395	3.443515462
3.901503759	1.07728691	1.295991762	1.20301449	3.468255728	3.463355123
3.918546366	1.083478936	1.303439536	1.203013268	3.488190559	3.483258248
3.935588972	1.089690686	1.310911058	1.203012079	3.508188887	3.503224836
3.952631579	1.095922159	1.318406328	1.203010922	3.528250713	3.523254888
3.969674185	1.102173356	1.325925346	1.203009798	3.548376037	3.543348404
3.986716792	1.108444276	1.333468113	1.203008705	3.568564859	3.563505383
4.003759398	1.114734919	1.341034628	1.203007643	3.588817179	3.583725827
4.020802005	1.121045285	1.348624891	1.203006612	3.609132996	3.604009733
4.037844612	1.127375375	1.356238902	1.203005611	3.629512312	3.624357104
4.054887218	1.133725188	1.363876661	1.20300464	3.649955125	3.644767938
4.071929825	1.140094724	1.371538169	1.203003698	3.670461436	3.665242236
4.088972431	1.146483983	1.379223424	1.203002784	3.691031244	3.685779997
4.106015038	1.152892966	1.386932428	1.2030019	3.711664551	3.706381223
4.123057644	1.159321672	1.39466518	1.203001043	3.732361355	3.727045912
4.140100251	1.165770101	1.402421681	1.203000213	3.753121657	3.747774064
4.157142857	1.172238254	1.410201929	1.202999411	3.773945457	3.768565681
4.174185464	1.17872613	1.418005926	1.202998636	3.794832755	3.789420761
4.19122807	1.185233729	1.425833671	1.202997886	3.815783551	3.810339304
4.208270677	1.191761051	1.433685164	1.202997163	3.836797844	3.831321312
4.225313283	1.198308097	1.441560405	1.202996465	3.857875635	3.852366783
4.24235589	1.204874866	1.449459394	1.202995793	3.879016924	3.873475717
4.259398496	1.211461358	1.457382132	1.202995145	3.900221711	3.894648116
4.276441103	1.218067573	1.465328618	1.202994522	3.921489995	3.915883978
4.293483709	1.224693512	1.473298852	1.202993923	3.942821778	3.937183304
4.310526316	1.231339174	1.481292834	1.202993347	3.964217058	3.958546093
4.327568922	1.238004559	1.489310564	1.202992795	3.985675836	3.979972347
4.344611529	1.244689668	1.497352043	1.202992265	4.007198112	4.001462064
4.361654135	1.2513945	1.50541727	1.202991759	4.028783885	4.023015244
4.378696742	1.258119055	1.513506245	1.202991274	4.050433157	4.044631888
4.395739348	1.264863333	1.521618968	1.202990812	4.072145926	4.066311996
4.412781955	1.271627335	1.529755439	1.202990371	4.093922193	4.088055568
4.429824561	1.27841106	1.537915659	1.202989952	4.115761958	4.109862603
4.446867168	1.285214508	1.546099627	1.202989553	4.13766522	4.131733102
4.463909774	1.292037679	1.554307342	1.202989176	4.159631981	4.153667065
4.480952381	1.298880574	1.562538807	1.202988818	4.181662239	4.175664492
4.497994987	1.305743192	1.570794019	1.202988481	4.203755995	4.197725382
4.515037594	1.312625533	1.579072979	1.202988163	4.225913249	4.219849735
4.532080201	1.319527598	1.587375688	1.202987865	4.248134001	4.242037553
4.549122807	1.326449386	1.595702145	1.202987587	4.27041825	4.264288834
4.566165414	1.333390897	1.60405235	1.202987327	4.292765998	4.286603579
4.58320802	1.340352131	1.612426303	1.202987085	4.315177243	4.308981788
4.600250627	1.347333089	1.620824005	1.202986862	4.337651986	4.33142346
4.617293233	1.35433377	1.629245454	1.202986657	4.360190226	4.353928596
4.63433584	1.361354174	1.637690652	1.20298647	4.382791965	4.376497195
4.651378446	1.368394301	1.646159598	1.202986301	4.405457201	4.399129259
4.668421053	1.375454152	1.654652292	1.202986148	4.428185935	4.421824786
4.685463659	1.382533726	1.663168735	1.202986013	4.450978167	4.444583776
4.702506266	1.389633023	1.671708925	1.202985895	4.473833897	4.467406231
4.719548872	1.396752044	1.680272864	1.202985792	4.496753124	4.490292149
4.736591479	1.403890788	1.688860551	1.202985707	4.51973585	4.513241531
4.753634085	1.411049255	1.697471986	1.202985637	4.542782073	4.536254376
4.770676692	1.418227445	1.70610717	1.202985583	4.565891794	4.559330685
4.787719298	1.425425359	1.714766101	1.202985545	4.589065013	4.582470458
4.804761905	1.432642996	1.723448781	1.202985521	4.612301729	4.605673695
4.821804511	1.439880356	1.732155209	1.202985513	4.635601943	4.628940395
4.838847118	1.447137439	1.740885385	1.20298552	4.658965656	4.652270559
4.855889724	1.454414246	1.749639309	1.202985542	4.682392866	4.675664186
4.872932331	1.461710776	1.758416982	1.202985577	4.705883573	4.699121277
4.889974937	1.469027029	1.767218403	1.202985628	4.729437779	4.722641832
4.907017544	1.476363006	1.776043572	1.202985692	4.753055482	4.746225851
4.92406015	1.483718706	1.784892489	1.202985769	4.776736684	4.769873333
4.941102757	1.491094129	1.793765154	1.202985861	4.800481383	4.793584279
4.958145363	1.498489275	1.802661567	1.202985965	4.824289579	4.817358689
4.97518797	1.505904145	1.811581729	1.202986083	4.848161274	4.841196563
4.992230576	1.513338738	1.820525639	1.202986214	4.872096467	4.8650979
5.009273183	1.520793054	1.829493297	1.202986358	4.896095157	4.889062701
5.026315789	1.528267093	1.838484703	1.202986514	4.920157345	4.913090965
5.043358396	1.535760856	1.847499858	1.202986683	4.944283031	4.937182693
5.060401003	1.543274342	1.85653876	1.202986863	4.968472214	4.961337885
5.077443609	1.550807551	1.865601411	1.202987056	4.992724896	4.985556541
5.094486216	1.558360484	1.87468781	1.202987261	5.017041075	5.00983866
5.111528822	1.56593314	1.883797957	1.202987477	5.041420752	5.034184243
5.128571429	1.573525519	1.892931852	1.202987705	5.065863927	5.058593289
5.145614035	1.581137621	1.902089496	1.202987944	5.0903706	5.0830658
5.162656642	1.588769447	1.911270888	1.202988194	5.11494077	5.107601774
5.179699248	1.596420996	1.920476028	1.202988455	5.139574439	5.132201211
5.196741855	1.604092268	1.929704916	1.202988727	5.164271605	5.156864113
5.213784461	1.611783264	1.938957552	1.20298901	5.189032269	5.181590478
5.230827068	1.619493982	1.948233937	1.202989303	5.21385643	5.206380307
5.247869674	1.627224424	1.957534069	1.202989606	5.23874409	5.231233599
5.264912281	1.63497459	1.96685795	1.20298992	5.263695247	5.256150355
5.281954887	1.642744478	1.976205579	1.202990243	5.288709902	5.281130575
5.298997494	1.65053409	1.985576957	1.202990577	5.313788055	5.306174258
5.3160401	1.658343425	1.994972082	1.20299092	5.338929706	5.331281406
5.333082707	1.666172484	2.004390956	1.202991272	5.364134854	5.356452017
5.350125313	1.674021265	2.013833578	1.202991634	5.389403501	5.381686091
5.36716792	1.68188977	2.023299948	1.202992006	5.414735645	5.406983629
5.384210526	1.689777998	2.032790066	1.202992386	5.440131287	5.432344631
5.401253133	1.69768595	2.042303932	1.202992775	5.465590427	5.457769097
5.418295739	1.705613625	2.051841547	1.202993174	5.491113064	5.483257026
5.435338346	1.713561023	2.06140291	1.20299358	5.5166992	5.508808419
5.452380952	1.721528144	2.070988021	1.202993996	5.542348833	5.534423276
5.469423559	1.729514988	2.08059688	1.20299442	5.568061964	5.560101597
5.486466165	1.737521556	2.090229487	1.202994852	5.593838593	5.585843381
5.503508772	1.745547847	2.099885843	1.202995292	5.619678719	5.611648628
5.520551378	1.753593862	2.109565947	1.202995741	5.645582344	5.63751734
5.537593985	1.761659599	2.119269799	1.202996197	5.671549466	5.663449515
5.554636591	1.76974506	2.128997399	1.202996661	5.697580086	5.689445154
5.571679198	1.777850245	2.138748747	1.202997133	5.723674204	5.715504256
5.588721805	1.785975152	2.148523844	1.202997612	5.74983182	5.741626823
5.605764411	1.794119783	2.158322688	1.202998099	5.776052933	5.767812853
5.622807018	1.802284137	2.168145281	1.202998593	5.802337544	5.794062346
5.639849624	1.810468214	2.177991622	1.202999095	5.828685653	5.820375304
5.656892231	1.818672015	2.187861712	1.202999603	5.85509726	5.846751725
5.673934837	1.826895539	2.197755549	1.203000118	5.881572365	5.873191609
5.690977444	1.835138786	2.207673135	1.203000641	5.908110967	5.899694958
5.70802005	1.843401756	2.217614469	1.20300117	5.934713068	5.92626177
5.725062657	1.85168445	2.227579551	1.203001705	5.961378666	5.952892045
5.742105263	1.859986867	2.237568381	1.203002248	5.988107762	5.979585785
5.75914787	1.868309007	2.24758096	1.203002796	6.014900355	6.006342988
5.776190476	1.87665087	2.257617286	1.203003351	6.041756447	6.033163655
5.793233083	1.885012457	2.267677361	1.203003912	6.068676036	6.060047785
5.810275689	1.893393767	2.277761184	1.20300448	6.095659123	6.08699538
5.827318296	1.901794801	2.287868755	1.203005053	6.122705708	6.114006437
5.844360902	1.910215557	2.298000075	1.203005633	6.149815791	6.141080959
5.861403509	1.918656037	2.308155142	1.203006218	6.176989372	6.168218944
5.878446115	1.92711624	2.318333958	1.203006809	6.20422645	6.195420393
5.895488722	1.935596167	2.328536522	1.203007405	6.231527026	6.222685306
5.912531328	1.944095816	2.338762834	1.203008007	6.2588911	6.250013682
5.929573935	1.952615189	2.349012894	1.203008615	6.286318672	6.277405522
5.946616541	1.961154285	2.359286703	1.203009228	6.313809741	6.304860826
5.963659148	1.969713105	2.36958426	1.203009846	6.341364309	6.332379593
5.980701754	1.978291648	2.379905565	1.20301047	6.368982374	6.359961824
5.997744361	1.986889914	2.390250618	1.203011099	6.396663937	6.387607519
6.014786967	1.995507903	2.400619419	1.203011732	6.424408998	6.415316678
6.031829574	2.004145616	2.411011968	1.203012371	6.452217556	6.4430893
6.04887218	2.012803051	2.421428266	1.203013014	6.480089613	6.470925386
6.065914787	2.021480211	2.431868312	1.203013663	6.508025167	6.498824935
6.082957393	2.030177093	2.442332106	1.203014316	6.536024219	6.526787949
6.1	2.038893699	2.452819648	1.203014973	6.564086769	6.554814425
