# VHH-NNLO SMEFT scan points
# process: WplusHH
# energy_tev: 13.6
# scan_axis: phiBox
# fixed_wcs: phi=0,phiBox=0,phiD=0,phiW=0,phiq3st=0
#
phiBox	sigma_lo	sigma_nnlo	k	sigma_smeft_over_sm_lo	sigma_smeft_over_sm_nnlo
-1.1	0.04161661091	0.04996250955	1.200542487	0.1402576281	0.139578719
-1.092230576	0.04341840295	0.05213787533	1.200824346	0.146330085	0.1456559711
-1.084461153	0.04522019499	0.05431324111	1.201083744	0.152402542	0.1517332233
-1.076691729	0.04702198703	0.05648860689	1.201323263	0.1584749989	0.1578104754
-1.068922306	0.04882377907	0.05866397267	1.201545103	0.1645474559	0.1638877276
-1.061152882	0.05062557111	0.06083933845	1.201751153	0.1706199128	0.1699649797
-1.053383459	0.05242736315	0.06301470423	1.20194304	0.1766923697	0.1760422319
-1.045614035	0.05422915519	0.06519007001	1.202122175	0.1827648267	0.1821194841
-1.037844612	0.05603094723	0.06736543579	1.20228979	0.1888372836	0.1881967362
-1.030075188	0.05783273927	0.06954080157	1.202446961	0.1949097406	0.1942739884
-1.022305764	0.05963453132	0.07171616735	1.202594634	0.2009821975	0.2003512405
-1.014536341	0.06143632336	0.07389153313	1.202733645	0.2070546545	0.2064284927
-1.006766917	0.0632381154	0.07606689891	1.202864735	0.2131271114	0.2125057448
-0.9989974937	0.06503990744	0.07824226469	1.202988561	0.2191995684	0.218582997
-0.9912280702	0.06684169948	0.08041763047	1.203105712	0.2252720253	0.2246602491
-0.9834586466	0.06864349152	0.08259299625	1.203216713	0.2313444822	0.2307375013
-0.9756892231	0.07044528356	0.08476836202	1.203322036	0.2374169392	0.2368147535
-0.9679197995	0.0722470756	0.0869437278	1.203422105	0.2434893961	0.2428920056
-0.9601503759	0.07404886764	0.08911909358	1.203517305	0.2495618531	0.2489692578
-0.9523809524	0.07585065968	0.09129445936	1.203607981	0.25563431	0.2550465099
-0.9446115288	0.07765245172	0.09346982514	1.20369445	0.261706767	0.2611237621
-0.9368421053	0.07945424376	0.09564519092	1.203776997	0.2677792239	0.2672010142
-0.9290726817	0.0812560358	0.0978205567	1.203855883	0.2738516809	0.2732782664
-0.9213032581	0.08305782784	0.09999592248	1.203931346	0.2799241378	0.2793555186
-0.9135338346	0.08485961989	0.1021712883	1.204003605	0.2859965947	0.2854327707
-0.905764411	0.08666141193	0.104346654	1.204072859	0.2920690517	0.2915100229
-0.8979949875	0.08846320397	0.1065220198	1.204139292	0.2981415086	0.297587275
-0.8902255639	0.09026499601	0.1086973856	1.204203073	0.3042139656	0.3036645272
-0.8824561404	0.09206678805	0.1108727514	1.204264358	0.3102864225	0.3097417793
-0.8746867168	0.09386858009	0.1130481172	1.20432329	0.3163588795	0.3158190315
-0.8669172932	0.09567037213	0.1152234829	1.204380002	0.3224313364	0.3218962836
-0.8591478697	0.09747216417	0.1173988487	1.204434617	0.3285037934	0.3279735358
-0.8513784461	0.09927395621	0.1195742145	1.20448725	0.3345762503	0.334050788
-0.8436090226	0.1010757483	0.1217495803	1.204538006	0.3406487072	0.3401280401
-0.835839599	0.1028775403	0.1239249461	1.204586985	0.3467211642	0.3462052923
-0.8280701754	0.1046793323	0.1261003118	1.204634277	0.3527936211	0.3522825444
-0.8203007519	0.1064811244	0.1282756776	1.204679969	0.3588660781	0.3583597966
-0.8125313283	0.1082829164	0.1304510434	1.20472414	0.364938535	0.3644370487
-0.8047619048	0.1100847085	0.1326264092	1.204766866	0.371010992	0.3705143009
-0.7969924812	0.1118865005	0.134801775	1.204808215	0.3770834489	0.376591553
-0.7892230576	0.1136882925	0.1369771407	1.204848254	0.3831559059	0.3826688052
-0.7814536341	0.1154900846	0.1391525065	1.204887043	0.3892283628	0.3887460574
-0.7736842105	0.1172918766	0.1413278723	1.204924641	0.3953008197	0.3948233095
-0.765914787	0.1190936687	0.1435032381	1.204961101	0.4013732767	0.4009005617
-0.7581453634	0.1208954607	0.1456786039	1.204996474	0.4074457336	0.4069778138
-0.7503759398	0.1226972527	0.1478539696	1.205030808	0.4135181906	0.413055066
-0.7426065163	0.1244990448	0.1500293354	1.205064149	0.4195906475	0.4191323181
-0.7348370927	0.1263008368	0.1522047012	1.205096538	0.4256631045	0.4252095703
-0.7270676692	0.1281026289	0.154380067	1.205128016	0.4317355614	0.4312868224
-0.7192982456	0.1299044209	0.1565554328	1.205158621	0.4378080184	0.4373640746
-0.7115288221	0.1317062129	0.1587307985	1.205188389	0.4438804753	0.4434413268
-0.7037593985	0.133508005	0.1609061643	1.205217353	0.4499529322	0.4495185789
-0.6959899749	0.135309797	0.1630815301	1.205245545	0.4560253892	0.4555958311
-0.6882205514	0.1371115891	0.1652568959	1.205272997	0.4620978461	0.4616730832
-0.6804511278	0.1389133811	0.1674322617	1.205299737	0.4681703031	0.4677503354
-0.6726817043	0.1407151731	0.1696076274	1.205325791	0.47424276	0.4738275875
-0.6649122807	0.1425169652	0.1717829932	1.205351187	0.480315217	0.4799048397
-0.6571428571	0.1443187572	0.173958359	1.205375949	0.4863876739	0.4859820918
-0.6493734336	0.1461205493	0.1761337248	1.205400101	0.4924601309	0.492059344
-0.64160401	0.1479223413	0.1783090906	1.205423663	0.4985325878	0.4981365962
-0.6338345865	0.1497241334	0.1804844563	1.205446659	0.5046050447	0.5042138483
-0.6260651629	0.1515259254	0.1826598221	1.205469108	0.5106775017	0.5102911005
-0.6182957393	0.1533277174	0.1848351879	1.205491029	0.5167499586	0.5163683526
-0.6105263158	0.1551295095	0.1870105537	1.205512441	0.5228224156	0.5224456048
-0.6027568922	0.1569313015	0.1891859195	1.205533362	0.5288948725	0.5285228569
-0.5949874687	0.1587330936	0.1913612852	1.205553807	0.5349673295	0.5346001091
-0.5872180451	0.1605348856	0.193536651	1.205573794	0.5410397864	0.5406773613
-0.5794486216	0.1623366776	0.1957120168	1.205593336	0.5471122434	0.5467546134
-0.571679198	0.1641384697	0.1978873826	1.20561245	0.5531847003	0.5528318656
-0.5639097744	0.1659402617	0.2000627484	1.205631149	0.5592571572	0.5589091177
-0.5561403509	0.1677420538	0.2022381141	1.205649446	0.5653296142	0.5649863699
-0.5483709273	0.1695438458	0.2044134799	1.205667354	0.5714020711	0.571063622
-0.5406015038	0.1713456378	0.2065888457	1.205684885	0.5774745281	0.5771408742
-0.5328320802	0.1731474299	0.2087642115	1.205702052	0.583546985	0.5832181263
-0.5250626566	0.1749492219	0.2109395773	1.205718865	0.589619442	0.5892953785
-0.5172932331	0.176751014	0.213114943	1.205735335	0.5956918989	0.5953726307
-0.5095238095	0.178552806	0.2152903088	1.205751473	0.6017643559	0.6014498828
-0.501754386	0.180354598	0.2174656746	1.205767288	0.6078368128	0.607527135
-0.4939849624	0.1821563901	0.2196410404	1.205782791	0.6139092697	0.6136043871
-0.4862155388	0.1839581821	0.2218164062	1.20579799	0.6199817267	0.6196816393
-0.4784461153	0.1857599742	0.2239917719	1.205812893	0.6260541836	0.6257588914
-0.4706766917	0.1875617662	0.2261671377	1.205827511	0.6321266406	0.6318361436
-0.4629072682	0.1893635582	0.2283425035	1.205841851	0.6381990975	0.6379133957
-0.4551378446	0.1911653503	0.2305178693	1.20585592	0.6442715545	0.6439906479
-0.4473684211	0.1929671423	0.2326932351	1.205869726	0.6503440114	0.6500679001
-0.4395989975	0.1947689344	0.2348686008	1.205883277	0.6564164684	0.6561451522
-0.4318295739	0.1965707264	0.2370439666	1.20589658	0.6624889253	0.6622224044
-0.4240601504	0.1983725185	0.2392193324	1.20590964	0.6685613823	0.6682996565
-0.4162907268	0.2001743105	0.2413946982	1.205922466	0.6746338392	0.6743769087
-0.4085213033	0.2019761025	0.243570064	1.205935063	0.6807062961	0.6804541608
-0.4007518797	0.2037778946	0.2457454297	1.205947437	0.6867787531	0.686531413
-0.3929824561	0.2055796866	0.2479207955	1.205959595	0.69285121	0.6926086651
-0.3852130326	0.2073814787	0.2500961613	1.205971541	0.698923667	0.6986859173
-0.377443609	0.2091832707	0.2522715271	1.205983281	0.7049961239	0.7047631695
-0.3696741855	0.2109850627	0.2544468929	1.20599482	0.7110685809	0.7108404216
-0.3619047619	0.2127868548	0.2566222586	1.206006165	0.7171410378	0.7169176738
-0.3541353383	0.2145886468	0.2587976244	1.206017319	0.7232134948	0.7229949259
-0.3463659148	0.2163904389	0.2609729902	1.206028287	0.7292859517	0.7290721781
-0.3385964912	0.2181922309	0.263148356	1.206039073	0.7353584086	0.7351494302
-0.3308270677	0.2199940229	0.2653237218	1.206049684	0.7414308656	0.7412266824
-0.3230576441	0.221795815	0.2674990875	1.206060121	0.7475033225	0.7473039346
-0.3152882206	0.223597607	0.2696744533	1.206070391	0.7535757795	0.7533811867
-0.307518797	0.2253993991	0.2718498191	1.206080496	0.7596482364	0.7594584389
-0.2997493734	0.2272011911	0.2740251849	1.206090441	0.7657206934	0.765535691
-0.2919799499	0.2290029831	0.2762005507	1.20610023	0.7717931503	0.7716129432
-0.2842105263	0.2308047752	0.2783759164	1.206109866	0.7778656073	0.7776901953
-0.2764411028	0.2326065672	0.2805512822	1.206119352	0.7839380642	0.7837674475
-0.2686716792	0.2344083593	0.282726648	1.206128693	0.7900105211	0.7898446996
-0.2609022556	0.2362101513	0.2849020138	1.206137891	0.7960829781	0.7959219518
-0.2531328321	0.2380119433	0.2870773796	1.20614695	0.802155435	0.801999204
-0.2453634085	0.2398137354	0.2892527453	1.206155873	0.808227892	0.8080764561
-0.237593985	0.2416155274	0.2914281111	1.206164663	0.8143003489	0.8141537083
-0.2298245614	0.2434173195	0.2936034769	1.206173322	0.8203728059	0.8202309604
-0.2220551378	0.2452191115	0.2957788427	1.206181854	0.8264452628	0.8263082126
-0.2142857143	0.2470209036	0.2979542085	1.206190262	0.8325177198	0.8323854647
-0.2065162907	0.2488226956	0.3001295742	1.206198548	0.8385901767	0.8384627169
-0.1987468672	0.2506244876	0.30230494	1.206206715	0.8446626336	0.844539969
-0.1909774436	0.2524262797	0.3044803058	1.206214766	0.8507350906	0.8506172212
-0.1832080201	0.2542280717	0.3066556716	1.206222702	0.8568075475	0.8566944734
-0.1754385965	0.2560298638	0.3088310374	1.206230527	0.8628800045	0.8627717255
-0.1676691729	0.2578316558	0.3110064031	1.206238242	0.8689524614	0.8688489777
-0.1598997494	0.2596334478	0.3131817689	1.20624585	0.8750249184	0.8749262298
-0.1521303258	0.2614352399	0.3153571347	1.206253353	0.8810973753	0.881003482
-0.1443609023	0.2632370319	0.3175325005	1.206260754	0.8871698323	0.8870807341
-0.1365914787	0.265038824	0.3197078663	1.206268053	0.8932422892	0.8931579863
-0.1288220551	0.266840616	0.321883232	1.206275255	0.8993147461	0.8992352384
-0.1210526316	0.268642408	0.3240585978	1.206282359	0.9053872031	0.9053124906
-0.113283208	0.2704442001	0.3262339636	1.206289369	0.91145966	0.9113897428
-0.1055137845	0.2722459921	0.3284093294	1.206296287	0.917532117	0.9174669949
-0.0977443609	0.2740477842	0.3305846952	1.206303113	0.9236045739	0.9235442471
-0.08997493734	0.2758495762	0.3327600609	1.20630985	0.9296770309	0.9296214992
-0.08220551378	0.2776513682	0.3349354267	1.2063165	0.9357494878	0.9356987514
-0.07443609023	0.2794531603	0.3371107925	1.206323064	0.9418219448	0.9417760035
-0.06666666667	0.2812549523	0.3392861583	1.206329544	0.9478944017	0.9478532557
-0.05889724311	0.2830567444	0.3414615241	1.206335941	0.9539668586	0.9539305079
-0.05112781955	0.2848585364	0.3436368898	1.206342257	0.9600393156	0.96000776
-0.04335839599	0.2866603284	0.3458122556	1.206348494	0.9661117725	0.9660850122
-0.03558897243	0.2884621205	0.3479876214	1.206354653	0.9721842295	0.9721622643
-0.02781954887	0.2902639125	0.3501629872	1.206360736	0.9782566864	0.9782395165
-0.02005012531	0.2920657046	0.352338353	1.206366744	0.9843291434	0.9843167686
-0.01228070175	0.2938674966	0.3545137187	1.206372678	0.9904016003	0.9903940208
-0.004511278195	0.2956692887	0.3566890845	1.206378539	0.9964740573	0.9964712729
0.003258145363	0.2974710807	0.3588644503	1.20638433	1.002546514	1.002548525
0.01102756892	0.2992728727	0.3610398161	1.206390051	1.008618971	1.008625777
0.01879699248	0.3010746648	0.3632151819	1.206395703	1.014691428	1.014703029
0.02656641604	0.3028764568	0.3653905476	1.206401288	1.020763885	1.020780282
0.0343358396	0.3046782489	0.3675659134	1.206406807	1.026836342	1.026857534
0.04210526316	0.3064800409	0.3697412792	1.206412261	1.032908799	1.032934786
0.04987468672	0.3082818329	0.371916645	1.206417652	1.038981256	1.039012038
0.05764411028	0.310083625	0.3740920108	1.20642298	1.045053713	1.04508929
0.06541353383	0.311885417	0.3762673765	1.206428246	1.05112617	1.051166542
0.07318295739	0.3136872091	0.3784427423	1.206433452	1.057198627	1.057243795
0.08095238095	0.3154890011	0.3806181081	1.206438598	1.063271084	1.063321047
0.08872180451	0.3172907931	0.3827934739	1.206443686	1.069343541	1.069398299
0.09649122807	0.3190925852	0.3849688397	1.206448716	1.075415998	1.075475551
0.1042606516	0.3208943772	0.3871442054	1.20645369	1.081488454	1.081552803
0.1120300752	0.3226961693	0.3893195712	1.206458608	1.087560911	1.087630055
0.1197994987	0.3244979613	0.391494937	1.206463472	1.093633368	1.093707307
0.1275689223	0.3262997533	0.3936703028	1.206468282	1.099705825	1.09978456
0.1353383459	0.3281015454	0.3958456686	1.206473039	1.105778282	1.105861812
0.1431077694	0.3299033374	0.3980210343	1.206477744	1.111850739	1.111939064
0.150877193	0.3317051295	0.4001964001	1.206482398	1.117923196	1.118016316
0.1586466165	0.3335069215	0.4023717659	1.206487002	1.123995653	1.124093568
0.1664160401	0.3353087136	0.4045471317	1.206491556	1.13006811	1.13017082
0.1741854637	0.3371105056	0.4067224975	1.206496062	1.136140567	1.136248073
0.1819548872	0.3389122976	0.4088978632	1.20650052	1.142213024	1.142325325
0.1897243108	0.3407140897	0.411073229	1.20650493	1.148285481	1.148402577
0.1974937343	0.3425158817	0.4132485948	1.206509294	1.154357938	1.154479829
0.2052631579	0.3443176738	0.4154239606	1.206513613	1.160430395	1.160557081
0.2130325815	0.3461194658	0.4175993264	1.206517887	1.166502852	1.166634333
0.220802005	0.3479212578	0.4197746921	1.206522116	1.172575309	1.172711585
0.2285714286	0.3497230499	0.4219500579	1.206526302	1.178647766	1.178788838
0.2363408521	0.3515248419	0.4241254237	1.206530444	1.184720223	1.18486609
0.2441102757	0.353326634	0.4263007895	1.206534545	1.190792679	1.190943342
0.2518796992	0.355128426	0.4284761553	1.206538604	1.196865136	1.197020594
0.2596491228	0.356930218	0.430651521	1.206542622	1.202937593	1.203097846
0.2674185464	0.3587320101	0.4328268868	1.206546599	1.20901005	1.209175098
0.2751879699	0.3605338021	0.4350022526	1.206550537	1.215082507	1.215252351
0.2829573935	0.3623355942	0.4371776184	1.206554436	1.221154964	1.221329603
0.290726817	0.3641373862	0.4393529842	1.206558296	1.227227421	1.227406855
0.2984962406	0.3659391782	0.4415283499	1.206562118	1.233299878	1.233484107
0.3062656642	0.3677409703	0.4437037157	1.206565903	1.239372335	1.239561359
0.3140350877	0.3695427623	0.4458790815	1.20656965	1.245444792	1.245638611
0.3218045113	0.3713445544	0.4480544473	1.206573362	1.251517249	1.251715863
0.3295739348	0.3731463464	0.4502298131	1.206577037	1.257589706	1.257793116
0.3373433584	0.3749481384	0.4524051788	1.206580677	1.263662163	1.263870368
0.345112782	0.3767499305	0.4545805446	1.206584283	1.26973462	1.26994762
0.3528822055	0.3785517225	0.4567559104	1.206587854	1.275807077	1.276024872
0.3606516291	0.3803535146	0.4589312762	1.206591391	1.281879534	1.282102124
0.3684210526	0.3821553066	0.461106642	1.206594895	1.287951991	1.288179376
0.3761904762	0.3839570987	0.4632820077	1.206598366	1.294024448	1.294256629
0.3839598997	0.3857588907	0.4654573735	1.206601804	1.300096904	1.300333881
0.3917293233	0.3875606827	0.4676327393	1.206605211	1.306169361	1.306411133
0.3994987469	0.3893624748	0.4698081051	1.206608586	1.312241818	1.312488385
0.4072681704	0.3911642668	0.4719834709	1.20661193	1.318314275	1.318565637
0.415037594	0.3929660589	0.4741588366	1.206615243	1.324386732	1.324642889
0.4228070175	0.3947678509	0.4763342024	1.206618526	1.330459189	1.330720142
0.4305764411	0.3965696429	0.4785095682	1.206621779	1.336531646	1.336797394
0.4383458647	0.398371435	0.480684934	1.206625003	1.342604103	1.342874646
0.4461152882	0.400173227	0.4828602998	1.206628198	1.34867656	1.348951898
0.4538847118	0.4019750191	0.4850356655	1.206631364	1.354749017	1.35502915
0.4616541353	0.4037768111	0.4872110313	1.206634502	1.360821474	1.361106402
0.4694235589	0.4055786031	0.4893863971	1.206637612	1.366893931	1.367183654
0.4771929825	0.4073803952	0.4915617629	1.206640694	1.372966388	1.373260907
0.484962406	0.4091821872	0.4937371287	1.20664375	1.379038845	1.379338159
0.4927318296	0.4109839793	0.4959124944	1.206646778	1.385111302	1.385415411
0.5005012531	0.4127857713	0.4980878602	1.20664978	1.391183759	1.391492663
0.5082706767	0.4145875633	0.500263226	1.206652756	1.397256216	1.397569915
0.5160401003	0.4163893554	0.5024385918	1.206655706	1.403328673	1.403647167
0.5238095238	0.4181911474	0.5046139576	1.206658631	1.409401129	1.40972442
0.5315789474	0.4199929395	0.5067893233	1.206661531	1.415473586	1.415801672
0.5393483709	0.4217947315	0.5089646891	1.206664406	1.421546043	1.421878924
0.5471177945	0.4235965235	0.5111400549	1.206667256	1.4276185	1.427956176
0.554887218	0.4253983156	0.5133154207	1.206670083	1.433690957	1.434033428
0.5626566416	0.4272001076	0.5154907865	1.206672885	1.439763414	1.44011068
0.5704260652	0.4290018997	0.5176661522	1.206675664	1.445835871	1.446187932
0.5781954887	0.4308036917	0.519841518	1.20667842	1.451908328	1.452265185
0.5859649123	0.4326054838	0.5220168838	1.206681153	1.457980785	1.458342437
0.5937343358	0.4344072758	0.5241922496	1.206683863	1.464053242	1.464419689
0.6015037594	0.4362090678	0.5263676154	1.20668655	1.470125699	1.470496941
0.609273183	0.4380108599	0.5285429811	1.206689216	1.476198156	1.476574193
0.6170426065	0.4398126519	0.5307183469	1.20669186	1.482270613	1.482651445
0.6248120301	0.441614444	0.5328937127	1.206694482	1.48834307	1.488728698
0.6325814536	0.443416236	0.5350690785	1.206697083	1.494415527	1.49480595
0.6403508772	0.445218028	0.5372444443	1.206699663	1.500487984	1.500883202
0.6481203008	0.4470198201	0.53941981	1.206702222	1.506560441	1.506960454
0.6558897243	0.4488216121	0.5415951758	1.20670476	1.512632898	1.513037706
0.6636591479	0.4506234042	0.5437705416	1.206707278	1.518705354	1.519114958
0.6714285714	0.4524251962	0.5459459074	1.206709776	1.524777811	1.525192211
0.679197995	0.4542269882	0.5481212732	1.206712255	1.530850268	1.531269463
0.6869674185	0.4560287803	0.5502966389	1.206714713	1.536922725	1.537346715
0.6947368421	0.4578305723	0.5524720047	1.206717153	1.542995182	1.543423967
0.7025062657	0.4596323644	0.5546473705	1.206719573	1.549067639	1.549501219
0.7102756892	0.4614341564	0.5568227363	1.206721974	1.555140096	1.555578471
0.7180451128	0.4632359484	0.5589981021	1.206724357	1.561212553	1.561655723
0.7258145363	0.4650377405	0.5611734678	1.206726721	1.56728501	1.567732976
0.7335839599	0.4668395325	0.5633488336	1.206729067	1.573357467	1.573810228
0.7413533835	0.4686413246	0.5655241994	1.206731395	1.579429924	1.57988748
0.749122807	0.4704431166	0.5676995652	1.206733705	1.585502381	1.585964732
0.7568922306	0.4722449086	0.569874931	1.206735998	1.591574838	1.592041984
0.7646616541	0.4740467007	0.5720502967	1.206738273	1.597647295	1.598119236
0.7724310777	0.4758484927	0.5742256625	1.20674053	1.603719752	1.604196489
0.7802005013	0.4776502848	0.5764010283	1.206742771	1.609792209	1.610273741
0.7879699248	0.4794520768	0.5785763941	1.206744995	1.615864666	1.616350993
0.7957393484	0.4812538689	0.5807517599	1.206747202	1.621937123	1.622428245
0.8035087719	0.4830556609	0.5829271256	1.206749393	1.628009579	1.628505497
0.8112781955	0.4848574529	0.5851024914	1.206751568	1.634082036	1.634582749
0.819047619	0.486659245	0.5872778572	1.206753726	1.640154493	1.640660001
0.8268170426	0.488461037	0.589453223	1.206755869	1.64622695	1.646737254
0.8345864662	0.4902628291	0.5916285888	1.206757995	1.652299407	1.652814506
0.8423558897	0.4920646211	0.5938039545	1.206760106	1.658371864	1.658891758
0.8501253133	0.4938664131	0.5959793203	1.206762202	1.664444321	1.66496901
0.8578947368	0.4956682052	0.5981546861	1.206764283	1.670516778	1.671046262
0.8656641604	0.4974699972	0.6003300519	1.206766348	1.676589235	1.677123514
0.873433584	0.4992717893	0.6025054177	1.206768399	1.682661692	1.683200767
0.8812030075	0.5010735813	0.6046807834	1.206770435	1.688734149	1.689278019
0.8889724311	0.5028753733	0.6068561492	1.206772456	1.694806606	1.695355271
0.8967418546	0.5046771654	0.609031515	1.206774463	1.700879063	1.701432523
0.9045112782	0.5064789574	0.6112068808	1.206776455	1.70695152	1.707509775
0.9122807018	0.5082807495	0.6133822466	1.206778433	1.713023977	1.713587027
0.9200501253	0.5100825415	0.6155576123	1.206780398	1.719096434	1.719664279
0.9278195489	0.5118843335	0.6177329781	1.206782348	1.725168891	1.725741532
0.9355889724	0.5136861256	0.6199083439	1.206784285	1.731241348	1.731818784
0.943358396	0.5154879176	0.6220837097	1.206786209	1.737313804	1.737896036
0.9511278195	0.5172897097	0.6242590755	1.206788119	1.743386261	1.743973288
0.9588972431	0.5190915017	0.6264344412	1.206790015	1.749458718	1.75005054
0.9666666667	0.5208932937	0.628609807	1.206791899	1.755531175	1.756127792
0.9744360902	0.5226950858	0.6307851728	1.206793769	1.761603632	1.762205045
0.9822055138	0.5244968778	0.6329605386	1.206795627	1.767676089	1.768282297
0.9899749373	0.5262986699	0.6351359044	1.206797472	1.773748546	1.774359549
0.9977443609	0.5281004619	0.6373112701	1.206799304	1.779821003	1.780436801
1.005513784	0.529902254	0.6394866359	1.206801124	1.78589346	1.786514053
1.013283208	0.531704046	0.6416620017	1.206802932	1.791965917	1.792591305
1.021052632	0.533505838	0.6438373675	1.206804727	1.798038374	1.798668558
1.028822055	0.5353076301	0.6460127333	1.206806511	1.804110831	1.80474581
1.036591479	0.5371094221	0.648188099	1.206808282	1.810183288	1.810823062
1.044360902	0.5389112142	0.6503634648	1.206810042	1.816255745	1.816900314
1.052130326	0.5407130062	0.6525388306	1.206811789	1.822328202	1.822977566
1.059899749	0.5425147982	0.6547141964	1.206813526	1.828400659	1.829054818
1.067669173	0.5443165903	0.6568895622	1.20681525	1.834473116	1.83513207
1.075438596	0.5461183823	0.6590649279	1.206816964	1.840545573	1.841209323
1.08320802	0.5479201744	0.6612402937	1.206818666	1.846618029	1.847286575
1.090977444	0.5497219664	0.6634156595	1.206820357	1.852690486	1.853363827
1.098746867	0.5515237584	0.6655910253	1.206822036	1.858762943	1.859441079
1.106516291	0.5533255505	0.6677663911	1.206823705	1.8648354	1.865518331
1.114285714	0.5551273425	0.6699417568	1.206825363	1.870907857	1.871595583
1.122055138	0.5569291346	0.6721171226	1.206827011	1.876980314	1.877672836
1.129824561	0.5587309266	0.6742924884	1.206828647	1.883052771	1.883750088
1.137593985	0.5605327186	0.6764678542	1.206830274	1.889125228	1.88982734
1.145363409	0.5623345107	0.67864322	1.206831889	1.895197685	1.895904592
1.153132832	0.5641363027	0.6808185857	1.206833495	1.901270142	1.901981844
1.160902256	0.5659380948	0.6829939515	1.20683509	1.907342599	1.908059096
1.168671679	0.5677398868	0.6851693173	1.206836675	1.913415056	1.914136348
1.176441103	0.5695416788	0.6873446831	1.20683825	1.919487513	1.920213601
1.184210526	0.5713434709	0.6895200489	1.206839815	1.92555997	1.926290853
1.19197995	0.5731452629	0.6916954146	1.206841371	1.931632427	1.932368105
1.199749373	0.574947055	0.6938707804	1.206842916	1.937704884	1.938445357
1.207518797	0.576748847	0.6960461462	1.206844452	1.943777341	1.944522609
1.215288221	0.5785506391	0.698221512	1.206845978	1.949849798	1.950599861
1.223057644	0.5803524311	0.7003968778	1.206847495	1.955922255	1.956677114
1.230827068	0.5821542231	0.7025722435	1.206849003	1.961994711	1.962754366
1.238596491	0.5839560152	0.7047476093	1.206850501	1.968067168	1.968831618
1.246365915	0.5857578072	0.7069229751	1.20685199	1.974139625	1.97490887
1.254135338	0.5875595993	0.7090983409	1.206853469	1.980212082	1.980986122
1.261904762	0.5893613913	0.7112737067	1.20685494	1.986284539	1.987063374
1.269674185	0.5911631833	0.7134490724	1.206856402	1.992356996	1.993140627
1.277443609	0.5929649754	0.7156244382	1.206857855	1.998429453	1.999217879
1.285213033	0.5947667674	0.717799804	1.206859299	2.00450191	2.005295131
1.292982456	0.5965685595	0.7199751698	1.206860734	2.010574367	2.011372383
1.30075188	0.5983703515	0.7221505356	1.206862161	2.016646824	2.017449635
1.308521303	0.6001721435	0.7243259013	1.206863579	2.022719281	2.023526887
1.316290727	0.6019739356	0.7265012671	1.206864989	2.028791738	2.029604139
1.32406015	0.6037757276	0.7286766329	1.20686639	2.034864195	2.035681392
1.331829574	0.6055775197	0.7308519987	1.206867783	2.040936652	2.041758644
1.339598997	0.6073793117	0.7330273645	1.206869168	2.047009109	2.047835896
1.347368421	0.6091811037	0.7352027302	1.206870544	2.053081566	2.053913148
1.355137845	0.6109828958	0.737378096	1.206871913	2.059154023	2.0599904
1.362907268	0.6127846878	0.7395534618	1.206873273	2.06522648	2.066067652
1.370676692	0.6145864799	0.7417288276	1.206874625	2.071298936	2.072144905
1.378446115	0.6163882719	0.7439041934	1.20687597	2.077371393	2.078222157
1.386215539	0.6181900639	0.7460795591	1.206877306	2.08344385	2.084299409
1.393984962	0.619991856	0.7482549249	1.206878635	2.089516307	2.090376661
1.401754386	0.621793648	0.7504302907	1.206879956	2.095588764	2.096453913
1.40952381	0.6235954401	0.7526056565	1.20688127	2.101661221	2.102531165
1.417293233	0.6253972321	0.7547810223	1.206882576	2.107733678	2.108608417
1.425062657	0.6271990242	0.756956388	1.206883874	2.113806135	2.11468567
1.43283208	0.6290008162	0.7591317538	1.206885165	2.119878592	2.120762922
1.440601504	0.6308026082	0.7613071196	1.206886449	2.125951049	2.126840174
1.448370927	0.6326044003	0.7634824854	1.206887725	2.132023506	2.132917426
1.456140351	0.6344061923	0.7656578512	1.206888994	2.138095963	2.138994678
1.463909774	0.6362079844	0.7678332169	1.206890256	2.14416842	2.14507193
1.471679198	0.6380097764	0.7700085827	1.20689151	2.150240877	2.151149183
1.479448622	0.6398115684	0.7721839485	1.206892758	2.156313334	2.157226435
1.487218045	0.6416133605	0.7743593143	1.206893999	2.162385791	2.163303687
1.494987469	0.6434151525	0.7765346801	1.206895232	2.168458248	2.169380939
1.502756892	0.6452169446	0.7787100458	1.206896459	2.174530705	2.175458191
1.510526316	0.6470187366	0.7808854116	1.206897679	2.180603161	2.181535443
1.518295739	0.6488205286	0.7830607774	1.206898892	2.186675618	2.187612695
1.526065163	0.6506223207	0.7852361432	1.206900099	2.192748075	2.193689948
1.533834586	0.6524241127	0.787411509	1.206901299	2.198820532	2.1997672
1.54160401	0.6542259048	0.7895868747	1.206902492	2.204892989	2.205844452
1.549373434	0.6560276968	0.7917622405	1.206903679	2.210965446	2.211921704
1.557142857	0.6578294888	0.7939376063	1.206904859	2.217037903	2.217998956
1.564912281	0.6596312809	0.7961129721	1.206906032	2.22311036	2.224076208
1.572681704	0.6614330729	0.7982883379	1.2069072	2.229182817	2.230153461
1.580451128	0.663234865	0.8004637036	1.206908361	2.235255274	2.236230713
1.588220551	0.665036657	0.8026390694	1.206909515	2.241327731	2.242307965
1.595989975	0.666838449	0.8048144352	1.206910664	2.247400188	2.248385217
1.603759398	0.6686402411	0.806989801	1.206911806	2.253472645	2.254462469
1.611528822	0.6704420331	0.8091651668	1.206912942	2.259545102	2.260539721
1.619298246	0.6722438252	0.8113405325	1.206914072	2.265617559	2.266616974
1.627067669	0.6740456172	0.8135158983	1.206915196	2.271690016	2.272694226
1.634837093	0.6758474093	0.8156912641	1.206916314	2.277762473	2.278771478
1.642606516	0.6776492013	0.8178666299	1.206917426	2.28383493	2.28484873
1.65037594	0.6794509933	0.8200419957	1.206918532	2.289907386	2.290925982
1.658145363	0.6812527854	0.8222173614	1.206919633	2.295979843	2.297003234
1.665914787	0.6830545774	0.8243927272	1.206920727	2.3020523	2.303080486
1.673684211	0.6848563695	0.826568093	1.206921816	2.308124757	2.309157739
1.681453634	0.6866581615	0.8287434588	1.206922899	2.314197214	2.315234991
1.689223058	0.6884599535	0.8309188246	1.206923976	2.320269671	2.321312243
1.696992481	0.6902617456	0.8330941903	1.206925048	2.326342128	2.327389495
1.704761905	0.6920635376	0.8352695561	1.206926114	2.332414585	2.333466747
1.712531328	0.6938653297	0.8374449219	1.206927175	2.338487042	2.339543999
1.720300752	0.6956671217	0.8396202877	1.20692823	2.344559499	2.345621252
1.728070175	0.6974689137	0.8417956534	1.206929279	2.350631956	2.351698504
1.735839599	0.6992707058	0.8439710192	1.206930324	2.356704413	2.357775756
1.743609023	0.7010724978	0.846146385	1.206931363	2.36277687	2.363853008
1.751378446	0.7028742899	0.8483217508	1.206932396	2.368849327	2.36993026
1.75914787	0.7046760819	0.8504971166	1.206933424	2.374921784	2.376007512
1.766917293	0.7064778739	0.8526724823	1.206934447	2.380994241	2.382084764
1.774686717	0.708279666	0.8548478481	1.206935465	2.387066698	2.388162017
1.78245614	0.710081458	0.8570232139	1.206936478	2.393139155	2.394239269
1.790225564	0.7118832501	0.8591985797	1.206937485	2.399211611	2.400316521
1.797994987	0.7136850421	0.8613739455	1.206938488	2.405284068	2.406393773
1.805764411	0.7154868341	0.8635493112	1.206939485	2.411356525	2.412471025
1.813533835	0.7172886262	0.865724677	1.206940478	2.417428982	2.418548277
1.821303258	0.7190904182	0.8679000428	1.206941465	2.423501439	2.42462553
1.829072682	0.7208922103	0.8700754086	1.206942447	2.429573896	2.430702782
1.836842105	0.7226940023	0.8722507744	1.206943425	2.435646353	2.436780034
1.844611529	0.7244957944	0.8744261401	1.206944398	2.44171881	2.442857286
1.852380952	0.7262975864	0.8766015059	1.206945366	2.447791267	2.448934538
1.860150376	0.7280993784	0.8787768717	1.206946329	2.453863724	2.45501179
1.867919799	0.7299011705	0.8809522375	1.206947287	2.459936181	2.461089043
1.875689223	0.7317029625	0.8831276033	1.206948241	2.466008638	2.467166295
1.883458647	0.7335047546	0.885302969	1.20694919	2.472081095	2.473243547
1.89122807	0.7353065466	0.8874783348	1.206950134	2.478153552	2.479320799
1.898997494	0.7371083386	0.8896537006	1.206951074	2.484226009	2.485398051
1.906766917	0.7389101307	0.8918290664	1.206952009	2.490298466	2.491475303
1.914536341	0.7407119227	0.8940044322	1.206952939	2.496370923	2.497552555
1.922305764	0.7425137148	0.8961797979	1.206953865	2.50244338	2.503629808
1.930075188	0.7443155068	0.8983551637	1.206954787	2.508515836	2.50970706
1.937844612	0.7461172988	0.9005305295	1.206955704	2.514588293	2.515784312
1.945614035	0.7479190909	0.9027058953	1.206956616	2.52066075	2.521861564
1.953383459	0.7497208829	0.9048812611	1.206957525	2.526733207	2.527938816
1.961152882	0.751522675	0.9070566268	1.206958429	2.532805664	2.534016068
1.968922306	0.753324467	0.9092319926	1.206959328	2.538878121	2.540093321
1.976691729	0.755126259	0.9114073584	1.206960224	2.544950578	2.546170573
1.984461153	0.7569280511	0.9135827242	1.206961115	2.551023035	2.552247825
1.992230576	0.7587298431	0.91575809	1.206962001	2.557095492	2.558325077
2	0.7605316352	0.9179334557	1.206962884	2.563167949	2.564402329
