# VHH-NNLO SMEFT scan points
# process: WplusHH
# energy_tev: 13.6
# scan_axis: phi
# fixed_wcs: phi=0,phiBox=0,phiD=0,phiW=0,phiq3st=0
#
phi	sigma_lo	sigma_nnlo	k	sigma_smeft_over_sm_lo	sigma_smeft_over_sm_nnlo
-15	1.415458244	1.703593743	1.203563405	4.770422473	4.759277196
-14.95488722	1.412093604	1.699546701	1.203565186	4.759082857	4.747971099
-14.90977444	1.408728964	1.695499659	1.203566975	4.747743241	4.736665002
-14.86466165	1.405364324	1.691452617	1.203568774	4.736403624	4.725358905
-14.81954887	1.401999685	1.687405574	1.203570581	4.725064008	4.714052809
-14.77443609	1.398635045	1.683358532	1.203572396	4.713724391	4.702746712
-14.72932331	1.395270405	1.67931149	1.20357422	4.702384775	4.691440615
-14.68421053	1.391905765	1.675264448	1.203576054	4.691045158	4.680134518
-14.63909774	1.388541125	1.671217405	1.203577896	4.679705542	4.668828421
-14.59398496	1.385176485	1.667170363	1.203579747	4.668365925	4.657522324
-14.54887218	1.381811845	1.663123321	1.203581607	4.657026309	4.646216228
-14.5037594	1.378447206	1.659076279	1.203583476	4.645686692	4.634910131
-14.45864662	1.375082566	1.655029236	1.203585354	4.634347076	4.623604034
-14.41353383	1.371717926	1.650982194	1.203587241	4.623007459	4.612297937
-14.36842105	1.368353286	1.646935152	1.203589138	4.611667843	4.60099184
-14.32330827	1.364988646	1.64288811	1.203591044	4.600328227	4.589685743
-14.27819549	1.361624006	1.638841068	1.20359296	4.58898861	4.578379647
-14.23308271	1.358259366	1.634794025	1.203594885	4.577648994	4.56707355
-14.18796992	1.354894727	1.630746983	1.203596819	4.566309377	4.555767453
-14.14285714	1.351530087	1.626699941	1.203598763	4.554969761	4.544461356
-14.09774436	1.348165447	1.622652899	1.203600717	4.543630144	4.533155259
-14.05263158	1.344800807	1.618605856	1.203602681	4.532290528	4.521849162
-14.0075188	1.341436167	1.614558814	1.203604654	4.520950911	4.510543066
-13.96240602	1.338071527	1.610511772	1.203606638	4.509611295	4.499236969
-13.91729323	1.334706887	1.60646473	1.203608631	4.498271678	4.487930872
-13.87218045	1.331342248	1.602417687	1.203610635	4.486932062	4.476624775
-13.82706767	1.327977608	1.598370645	1.203612648	4.475592445	4.465318678
-13.78195489	1.324612968	1.594323603	1.203614672	4.464252829	4.454012581
-13.73684211	1.321248328	1.590276561	1.203616706	4.452913213	4.442706485
-13.69172932	1.317883688	1.586229518	1.203618751	4.441573596	4.431400388
-13.64661654	1.314519048	1.582182476	1.203620806	4.43023398	4.420094291
-13.60150376	1.311154408	1.578135434	1.203622872	4.418894363	4.408788194
-13.55639098	1.307789769	1.574088392	1.203624948	4.407554747	4.397482097
-13.5112782	1.304425129	1.57004135	1.203627035	4.39621513	4.386176
-13.46616541	1.301060489	1.565994307	1.203629132	4.384875514	4.374869904
-13.42105263	1.297695849	1.561947265	1.203631241	4.373535897	4.363563807
-13.37593985	1.294331209	1.557900223	1.203633361	4.362196281	4.35225771
-13.33082707	1.290966569	1.553853181	1.203635491	4.350856664	4.340951613
-13.28571429	1.287601929	1.549806138	1.203637633	4.339517048	4.329645516
-13.2406015	1.284237289	1.545759096	1.203639786	4.328177431	4.318339419
-13.19548872	1.28087265	1.541712054	1.20364195	4.316837815	4.307033323
-13.15037594	1.27750801	1.537665012	1.203644126	4.305498199	4.295727226
-13.10526316	1.27414337	1.533617969	1.203646313	4.294158582	4.284421129
-13.06015038	1.27077873	1.529570927	1.203648512	4.282818966	4.273115032
-13.01503759	1.26741409	1.525523885	1.203650722	4.271479349	4.261808935
-12.96992481	1.26404945	1.521476843	1.203652944	4.260139733	4.250502839
-12.92481203	1.26068481	1.5174298	1.203655178	4.248800116	4.239196742
-12.87969925	1.257320171	1.513382758	1.203657424	4.2374605	4.227890645
-12.83458647	1.253955531	1.509335716	1.203659683	4.226120883	4.216584548
-12.78947368	1.250590891	1.505288674	1.203661953	4.214781267	4.205278451
-12.7443609	1.247226251	1.501241632	1.203664235	4.20344165	4.193972354
-12.69924812	1.243861611	1.497194589	1.20366653	4.192102034	4.182666258
-12.65413534	1.240496971	1.493147547	1.203668837	4.180762417	4.171360161
-12.60902256	1.237132331	1.489100505	1.203671157	4.169422801	4.160054064
-12.56390977	1.233767692	1.485053463	1.20367349	4.158083185	4.148747967
-12.51879699	1.230403052	1.48100642	1.203675835	4.146743568	4.13744187
-12.47368421	1.227038412	1.476959378	1.203678193	4.135403952	4.126135773
-12.42857143	1.223673772	1.472912336	1.203680564	4.124064335	4.114829677
-12.38345865	1.220309132	1.468865294	1.203682948	4.112724719	4.10352358
-12.33834586	1.216944492	1.464818251	1.203685345	4.101385102	4.092217483
-12.29323308	1.213579852	1.460771209	1.203687756	4.090045486	4.080911386
-12.2481203	1.210215213	1.456724167	1.20369018	4.078705869	4.069605289
-12.20300752	1.206850573	1.452677125	1.203692617	4.067366253	4.058299192
-12.15789474	1.203485933	1.448630082	1.203695069	4.056026636	4.046993096
-12.11278195	1.200121293	1.44458304	1.203697533	4.04468702	4.035686999
-12.06766917	1.196756653	1.440535998	1.203700012	4.033347403	4.024380902
-12.02255639	1.193392013	1.436488956	1.203702505	4.022007787	4.013074805
-11.97744361	1.190027373	1.432441914	1.203705012	4.010668171	4.001768708
-11.93233083	1.186662734	1.428394871	1.203707533	3.999328554	3.990462611
-11.88721805	1.183298094	1.424347829	1.203710068	3.987988938	3.979156515
-11.84210526	1.179933454	1.420300787	1.203712618	3.976649321	3.967850418
-11.79699248	1.176568814	1.416253745	1.203715182	3.965309705	3.956544321
-11.7518797	1.173204174	1.412206702	1.203717762	3.953970088	3.945238224
-11.70676692	1.169839534	1.40815966	1.203720356	3.942630472	3.933932127
-11.66165414	1.166474894	1.404112618	1.203722965	3.931290855	3.92262603
-11.61654135	1.163110255	1.400065576	1.203725589	3.919951239	3.911319934
-11.57142857	1.159745615	1.396018533	1.203728228	3.908611622	3.900013837
-11.52631579	1.156380975	1.391971491	1.203730882	3.897272006	3.88870774
-11.48120301	1.153016335	1.387924449	1.203733553	3.885932389	3.877401643
-11.43609023	1.149651695	1.383877407	1.203736238	3.874592773	3.866095546
-11.39097744	1.146287055	1.379830364	1.20373894	3.863253157	3.854789449
-11.34586466	1.142922415	1.375783322	1.203741657	3.85191354	3.843483353
-11.30075188	1.139557775	1.37173628	1.203744391	3.840573924	3.832177256
-11.2556391	1.136193136	1.367689238	1.20374714	3.829234307	3.820871159
-11.21052632	1.132828496	1.363642196	1.203749906	3.817894691	3.809565062
-11.16541353	1.129463856	1.359595153	1.203752689	3.806555074	3.798258965
-11.12030075	1.126099216	1.355548111	1.203755488	3.795215458	3.786952869
-11.07518797	1.122734576	1.351501069	1.203758304	3.783875841	3.775646772
-11.03007519	1.119369936	1.347454027	1.203761136	3.772536225	3.764340675
-10.98496241	1.116005296	1.343406984	1.203763986	3.761196608	3.753034578
-10.93984962	1.112640657	1.339359942	1.203766853	3.749856992	3.741728481
-10.89473684	1.109276017	1.3353129	1.203769738	3.738517375	3.730422384
-10.84962406	1.105911377	1.331265858	1.20377264	3.727177759	3.719116288
-10.80451128	1.102546737	1.327218815	1.20377556	3.715838143	3.707810191
-10.7593985	1.099182097	1.323171773	1.203778497	3.704498526	3.696504094
-10.71428571	1.095817457	1.319124731	1.203781453	3.69315891	3.685197997
-10.66917293	1.092452817	1.315077689	1.203784427	3.681819293	3.6738919
-10.62406015	1.089088178	1.311030646	1.203787419	3.670479677	3.662585803
-10.57894737	1.085723538	1.306983604	1.20379043	3.65914006	3.651279707
-10.53383459	1.082358898	1.302936562	1.203793459	3.647800444	3.63997361
-10.4887218	1.078994258	1.29888952	1.203796508	3.636460827	3.628667513
-10.44360902	1.075629618	1.294842478	1.203799575	3.625121211	3.617361416
-10.39849624	1.072264978	1.290795435	1.203802662	3.613781594	3.606055319
-10.35338346	1.068900338	1.286748393	1.203805768	3.602441978	3.594749222
-10.30827068	1.065535699	1.282701351	1.203808894	3.591102361	3.583443126
-10.26315789	1.062171059	1.278654309	1.20381204	3.579762745	3.572137029
-10.21804511	1.058806419	1.274607266	1.203815205	3.568423129	3.560830932
-10.17293233	1.055441779	1.270560224	1.203818391	3.557083512	3.549524835
-10.12781955	1.052077139	1.266513182	1.203821597	3.545743896	3.538218738
-10.08270677	1.048712499	1.26246614	1.203824824	3.534404279	3.526912641
-10.03759398	1.045347859	1.258419097	1.203828071	3.523064663	3.515606545
-9.992481203	1.04198322	1.254372055	1.20383134	3.511725046	3.504300448
-9.947368421	1.03861858	1.250325013	1.203834629	3.50038543	3.492994351
-9.902255639	1.03525394	1.246277971	1.20383794	3.489045813	3.481688254
-9.857142857	1.0318893	1.242230929	1.203841273	3.477706197	3.470382157
-9.812030075	1.02852466	1.238183886	1.203844627	3.46636658	3.45907606
-9.766917293	1.02516002	1.234136844	1.203848004	3.455026964	3.447769964
-9.721804511	1.02179538	1.230089802	1.203851403	3.443687347	3.436463867
-9.676691729	1.018430741	1.22604276	1.203854824	3.432347731	3.42515777
-9.631578947	1.015066101	1.221995717	1.203858267	3.421008115	3.413851673
-9.586466165	1.011701461	1.217948675	1.203861734	3.409668498	3.402545576
-9.541353383	1.008336821	1.213901633	1.203865224	3.398328882	3.391239479
-9.496240602	1.004972181	1.209854591	1.203868737	3.386989265	3.379933383
-9.45112782	1.001607541	1.205807548	1.203872274	3.375649649	3.368627286
-9.406015038	0.9982429014	1.201760506	1.203875835	3.364310032	3.357321189
-9.360902256	0.9948782615	1.197713464	1.203879419	3.352970416	3.346015092
-9.315789474	0.9915136216	1.193666422	1.203883029	3.341630799	3.334708995
-9.270676692	0.9881489818	1.189619379	1.203886662	3.330291183	3.323402898
-9.22556391	0.9847843419	1.185572337	1.203890321	3.318951566	3.312096802
-9.180451128	0.9814197021	1.181525295	1.203894004	3.30761195	3.300790705
-9.135338346	0.9780550622	1.177478253	1.203897713	3.296272333	3.289484608
-9.090225564	0.9746904223	1.173431211	1.203901448	3.284932717	3.278178511
-9.045112782	0.9713257825	1.169384168	1.203905208	3.273593101	3.266872414
-9	0.9679611426	1.165337126	1.203908995	3.262253484	3.255566318
-8.954887218	0.9645965028	1.161290084	1.203912808	3.250913868	3.244260221
-8.909774436	0.9612318629	1.157243042	1.203916647	3.239574251	3.232954124
-8.864661654	0.957867223	1.153195999	1.203920514	3.228234635	3.221648027
-8.819548872	0.9545025832	1.149148957	1.203924408	3.216895018	3.21034193
-8.77443609	0.9511379433	1.145101915	1.203928329	3.205555402	3.199035833
-8.729323308	0.9477733035	1.141054873	1.203932278	3.194215785	3.187729737
-8.684210526	0.9444086636	1.13700783	1.203936256	3.182876169	3.17642364
-8.639097744	0.9410440237	1.132960788	1.203940262	3.171536552	3.165117543
-8.593984962	0.9376793839	1.128913746	1.203944296	3.160196936	3.153811446
-8.54887218	0.934314744	1.124866704	1.20394836	3.148857319	3.142505349
-8.503759398	0.9309501042	1.120819661	1.203952453	3.137517703	3.131199252
-8.458646617	0.9275854643	1.116772619	1.203956576	3.126178087	3.119893156
-8.413533835	0.9242208244	1.112725577	1.203960728	3.11483847	3.108587059
-8.368421053	0.9208561846	1.108678535	1.203964911	3.103498854	3.097280962
-8.323308271	0.9174915447	1.104631493	1.203969125	3.092159237	3.085974865
-8.278195489	0.9141269049	1.10058445	1.20397337	3.080819621	3.074668768
-8.233082707	0.910762265	1.096537408	1.203977646	3.069480004	3.063362671
-8.187969925	0.9073976251	1.092490366	1.203981954	3.058140388	3.052056575
-8.142857143	0.9040329853	1.088443324	1.203986294	3.046800771	3.040750478
-8.097744361	0.9006683454	1.084396281	1.203990666	3.035461155	3.029444381
-8.052631579	0.8973037055	1.080349239	1.203995071	3.024121538	3.018138284
-8.007518797	0.8939390657	1.076302197	1.20399951	3.012781922	3.006832187
-7.962406015	0.8905744258	1.072255155	1.204003982	3.001442305	2.99552609
-7.917293233	0.887209786	1.068208112	1.204008487	2.990102689	2.984219994
-7.872180451	0.8838451461	1.06416107	1.204013027	2.978763073	2.972913897
-7.827067669	0.8804805062	1.060114028	1.204017602	2.967423456	2.9616078
-7.781954887	0.8771158664	1.056066986	1.204022212	2.95608384	2.950301703
-7.736842105	0.8737512265	1.052019943	1.204026857	2.944744223	2.938995606
-7.691729323	0.8703865867	1.047972901	1.204031539	2.933404607	2.927689509
-7.646616541	0.8670219468	1.043925859	1.204036256	2.92206499	2.916383413
-7.601503759	0.8636573069	1.039878817	1.204041011	2.910725374	2.905077316
-7.556390977	0.8602926671	1.035831775	1.204045802	2.899385757	2.893771219
-7.511278195	0.8569280272	1.031784732	1.204050631	2.888046141	2.882465122
-7.466165414	0.8535633874	1.02773769	1.204055499	2.876706524	2.871159025
-7.421052632	0.8501987475	1.023690648	1.204060404	2.865366908	2.859852928
-7.37593985	0.8468341076	1.019643606	1.204065349	2.854027291	2.848546832
-7.330827068	0.8434694678	1.015596563	1.204070333	2.842687675	2.837240735
-7.285714286	0.8401048279	1.011549521	1.204075358	2.831348059	2.825934638
-7.240601504	0.8367401881	1.007502479	1.204080422	2.820008442	2.814628541
-7.195488722	0.8333755482	1.003455437	1.204085528	2.808668826	2.803322444
-7.15037594	0.8300109083	0.9994083944	1.204090674	2.797329209	2.792016347
-7.105263158	0.8266462685	0.9953613522	1.204095863	2.785989593	2.780710251
-7.060150376	0.8232816286	0.9913143099	1.204101094	2.774649976	2.769404154
-7.015037594	0.8199169888	0.9872672677	1.204106368	2.76331036	2.758098057
-6.969924812	0.8165523489	0.9832202255	1.204111686	2.751970743	2.74679196
-6.92481203	0.813187709	0.9791731832	1.204117047	2.740631127	2.735485863
-6.879699248	0.8098230692	0.975126141	1.204122454	2.72929151	2.724179767
-6.834586466	0.8064584293	0.9710790987	1.204127905	2.717951894	2.71287367
-6.789473684	0.8030937895	0.9670320565	1.204133402	2.706612277	2.701567573
-6.744360902	0.7997291496	0.9629850143	1.204138945	2.695272661	2.690261476
-6.69924812	0.7963645097	0.958937972	1.204144535	2.683933045	2.678955379
-6.654135338	0.7929998699	0.9548909298	1.204150172	2.672593428	2.667649282
-6.609022556	0.78963523	0.9508438876	1.204155858	2.661253812	2.656343186
-6.563909774	0.7862705902	0.9467968453	1.204161592	2.649914195	2.645037089
-6.518796992	0.7829059503	0.9427498031	1.204167375	2.638574579	2.633730992
-6.473684211	0.7795413104	0.9387027609	1.204173208	2.627234962	2.622424895
-6.428571429	0.7761766706	0.9346557186	1.204179092	2.615895346	2.611118798
-6.383458647	0.7728120307	0.9306086764	1.204185027	2.604555729	2.599812701
-6.338345865	0.7694473909	0.9265616342	1.204191014	2.593216113	2.588506605
-6.293233083	0.766082751	0.9225145919	1.204197054	2.581876496	2.577200508
-6.248120301	0.7627181111	0.9184675497	1.204203147	2.57053688	2.565894411
-6.203007519	0.7593534713	0.9144205075	1.204209294	2.559197263	2.554588314
-6.157894737	0.7559888314	0.9103734652	1.204215496	2.547857647	2.543282217
-6.112781955	0.7526241916	0.906326423	1.204221753	2.536518031	2.53197612
-6.067669173	0.7492595517	0.9022793808	1.204228066	2.525178414	2.520670024
-6.022556391	0.7458949118	0.8982323385	1.204234436	2.513838798	2.509363927
-5.977443609	0.742530272	0.8941852963	1.204240864	2.502499181	2.49805783
-5.932330827	0.7391656321	0.890138254	1.20424735	2.491159565	2.486751733
-5.887218045	0.7358009923	0.8860912118	1.204253896	2.479819948	2.475445636
-5.842105263	0.7324363524	0.8820441696	1.204260502	2.468480332	2.464139539
-5.796992481	0.7290717125	0.8779971273	1.204267169	2.457140715	2.452833443
-5.751879699	0.7257070727	0.8739500851	1.204273898	2.445801099	2.441527346
-5.706766917	0.7223424328	0.8699030429	1.204280689	2.434461482	2.430221249
-5.661654135	0.718977793	0.8658560006	1.204287544	2.423121866	2.418915152
-5.616541353	0.7156131531	0.8618089584	1.204294464	2.411782249	2.407609055
-5.571428571	0.7122485132	0.8577619162	1.204301448	2.400442633	2.396302958
-5.526315789	0.7088838734	0.8537148739	1.2043085	2.389103017	2.384996862
-5.481203008	0.7055192335	0.8496678317	1.204315618	2.3777634	2.373690765
-5.436090226	0.7021545937	0.8456207895	1.204322805	2.366423784	2.362384668
-5.390977444	0.6987899538	0.8415737472	1.20433006	2.355084167	2.351078571
-5.345864662	0.6954253139	0.837526705	1.204337386	2.343744551	2.339772474
-5.30075188	0.6920606741	0.8334796628	1.204344784	2.332404934	2.328466377
-5.255639098	0.6886960342	0.8294326205	1.204352253	2.321065318	2.317160281
-5.210526316	0.6853313944	0.8253855783	1.204359796	2.309725701	2.305854184
-5.165413534	0.6819667545	0.8213385361	1.204367413	2.298386085	2.294548087
-5.120300752	0.6786021146	0.8172914938	1.204375106	2.287046468	2.28324199
-5.07518797	0.6752374748	0.8132444516	1.204382876	2.275706852	2.271935893
-5.030075188	0.6718728349	0.8091974093	1.204390723	2.264367235	2.260629797
-4.984962406	0.668508195	0.8051503671	1.204398649	2.253027619	2.2493237
-4.939849624	0.6651435552	0.8011033249	1.204406656	2.241688003	2.238017603
-4.894736842	0.6617789153	0.7970562826	1.204414744	2.230348386	2.226711506
-4.84962406	0.6584142755	0.7930092404	1.204422914	2.21900877	2.215405409
-4.804511278	0.6550496356	0.7889621982	1.204431169	2.207669153	2.204099312
-4.759398496	0.6516849957	0.7849151559	1.204439508	2.196329537	2.192793216
-4.714285714	0.6483203559	0.7808681137	1.204447935	2.18498992	2.181487119
-4.669172932	0.644955716	0.7768210715	1.204456449	2.173650304	2.170181022
-4.62406015	0.6415910762	0.7727740292	1.204465052	2.162310687	2.158874925
-4.578947368	0.6382264363	0.768726987	1.204473747	2.150971071	2.147568828
-4.533834586	0.6348617964	0.7646799448	1.204482533	2.139631454	2.136262731
-4.488721805	0.6314971566	0.7606329025	1.204491413	2.128291838	2.124956635
-4.443609023	0.6281325167	0.7565858603	1.204500388	2.116952221	2.113650538
-4.398496241	0.6247678769	0.7525388181	1.20450946	2.105612605	2.102344441
-4.353383459	0.621403237	0.7484917758	1.20451863	2.094272989	2.091038344
-4.308270677	0.6180385971	0.7444447336	1.2045279	2.082933372	2.079732247
-4.263157895	0.6146739573	0.7403976913	1.204537271	2.071593756	2.06842615
-4.218045113	0.6113093174	0.7363506491	1.204546746	2.060254139	2.057120054
-4.172932331	0.6079446776	0.7323036069	1.204556325	2.048914523	2.045813957
-4.127819549	0.6045800377	0.7282565646	1.204566011	2.037574906	2.03450786
-4.082706767	0.6012153978	0.7242095224	1.204575806	2.02623529	2.023201763
-4.037593985	0.597850758	0.7201624802	1.204585711	2.014895673	2.011895666
-3.992481203	0.5944861181	0.7161154379	1.204595727	2.003556057	2.000589569
-3.947368421	0.5911214783	0.7120683957	1.204605858	1.99221644	1.989283473
-3.902255639	0.5877568384	0.7080213535	1.204616105	1.980876824	1.977977376
-3.857142857	0.5843921985	0.7039743112	1.20462647	1.969537207	1.966671279
-3.812030075	0.5810275587	0.699927269	1.204636955	1.958197591	1.955365182
-3.766917293	0.5776629188	0.6958802268	1.204647562	1.946857975	1.944059085
-3.721804511	0.574298279	0.6918331845	1.204658293	1.935518358	1.932752988
-3.676691729	0.5709336391	0.6877861423	1.204669151	1.924178742	1.921446892
-3.631578947	0.5675689992	0.6837391001	1.204680138	1.912839125	1.910140795
-3.586466165	0.5642043594	0.6796920578	1.204691255	1.901499509	1.898834698
-3.541353383	0.5608397195	0.6756450156	1.204702506	1.890159892	1.887528601
-3.496240602	0.5574750797	0.6715979734	1.204713893	1.878820276	1.876222504
-3.45112782	0.5541104398	0.6675509311	1.204725418	1.867480659	1.864916407
-3.406015038	0.5507457999	0.6635038889	1.204737084	1.856141043	1.853610311
-3.360902256	0.5473811601	0.6594568466	1.204748893	1.844801426	1.842304214
-3.315789474	0.5440165202	0.6554098044	1.204760848	1.83346181	1.830998117
-3.270676692	0.5406518804	0.6513627622	1.204772953	1.822122193	1.81969202
-3.22556391	0.5372872405	0.6473157199	1.204785208	1.810782577	1.808385923
-3.180451128	0.5339226006	0.6432686777	1.204797618	1.799442961	1.797079826
-3.135338346	0.5305579608	0.6392216355	1.204810186	1.788103344	1.78577373
-3.090225564	0.5271933209	0.6351745932	1.204822914	1.776763728	1.774467633
-3.045112782	0.5238286811	0.631127551	1.204835806	1.765424111	1.763161536
-3	0.5204640412	0.6270805088	1.204848864	1.754084495	1.751855439
-2.954887218	0.5170994013	0.6230334665	1.204862092	1.742744878	1.740549342
-2.909774436	0.5137347615	0.6189864243	1.204875494	1.731405262	1.729243246
-2.864661654	0.5103701216	0.6149393821	1.204889072	1.720065645	1.717937149
-2.819548872	0.5070054818	0.6108923398	1.20490283	1.708726029	1.706631052
-2.77443609	0.5036408419	0.6068452976	1.204916772	1.697386412	1.695324955
-2.729323308	0.500276202	0.6027982554	1.204930902	1.686046796	1.684018858
-2.684210526	0.4969115622	0.5987512131	1.204945223	1.674707179	1.672712761
-2.639097744	0.4935469223	0.5947041709	1.204959739	1.663367563	1.661406665
-2.593984962	0.4901822825	0.5906571287	1.204974455	1.652027947	1.650100568
-2.54887218	0.4868176426	0.5866100864	1.204989374	1.64068833	1.638794471
-2.503759398	0.4834530027	0.5825630442	1.205004501	1.629348714	1.627488374
-2.458646617	0.4800883629	0.5785160019	1.205019839	1.618009097	1.616182277
-2.413533835	0.476723723	0.5744689597	1.205035395	1.606669481	1.60487618
-2.368421053	0.4733590832	0.5704219175	1.205051171	1.595329864	1.593570084
-2.323308271	0.4699944433	0.5663748752	1.205067173	1.583990248	1.582263987
-2.278195489	0.4666298034	0.562327833	1.205083406	1.572650631	1.57095789
-2.233082707	0.4632651636	0.5582807908	1.205099875	1.561311015	1.559651793
-2.187969925	0.4599005237	0.5542337485	1.205116585	1.549971398	1.548345696
-2.142857143	0.4565358838	0.5501867063	1.205133541	1.538631782	1.537039599
-2.097744361	0.453171244	0.5461396641	1.205150749	1.527292165	1.525733503
-2.052631579	0.4498066041	0.5420926218	1.205168214	1.515952549	1.514427406
-2.007518797	0.4464419643	0.5380455796	1.205185943	1.504612933	1.503121309
-1.962406015	0.4430773244	0.5339985374	1.205203941	1.493273316	1.491815212
-1.917293233	0.4397126845	0.5299514951	1.205222214	1.4819337	1.480509115
-1.872180451	0.4363480447	0.5259044529	1.205240769	1.470594083	1.469203018
-1.827067669	0.4329834048	0.5218574107	1.205259612	1.459254467	1.457896922
-1.781954887	0.429618765	0.5178103684	1.205278751	1.44791485	1.446590825
-1.736842105	0.4262541251	0.5137633262	1.205298192	1.436575234	1.435284728
-1.691729323	0.4228894852	0.5097162839	1.205317942	1.425235617	1.423978631
-1.646616541	0.4195248454	0.5056692417	1.205338009	1.413896001	1.412672534
-1.601503759	0.4161602055	0.5016221995	1.2053584	1.402556384	1.401366437
-1.556390977	0.4127955657	0.4975751572	1.205379124	1.391216768	1.390060341
-1.511278195	0.4094309258	0.493528115	1.205400188	1.379877151	1.378754244
-1.466165414	0.4060662859	0.4894810728	1.205421602	1.368537535	1.367448147
-1.421052632	0.4027016461	0.4854340305	1.205443373	1.357197919	1.35614205
-1.37593985	0.3993370062	0.4813869883	1.205465511	1.345858302	1.344835953
-1.330827068	0.3959723664	0.4773399461	1.205488025	1.334518686	1.333529856
-1.285714286	0.3926077265	0.4732929038	1.205510926	1.323179069	1.32222376
-1.240601504	0.3892430866	0.4692458616	1.205534222	1.311839453	1.310917663
-1.195488722	0.3858784468	0.4651988194	1.205557924	1.300499836	1.299611566
-1.15037594	0.3825138069	0.4611517771	1.205582044	1.28916022	1.288305469
-1.105263158	0.3791491671	0.4571047349	1.205606591	1.277820603	1.276999372
-1.060150376	0.3757845272	0.4530576927	1.205631578	1.266480987	1.265693275
-1.015037594	0.3724198873	0.4490106504	1.205657017	1.25514137	1.254387179
-0.969924812	0.3690552475	0.4449636082	1.205682919	1.243801754	1.243081082
-0.9248120301	0.3656906076	0.440916566	1.205709298	1.232462137	1.231774985
-0.8796992481	0.3623259678	0.4368695237	1.205736167	1.221122521	1.220468888
-0.8345864662	0.3589613279	0.4328224815	1.20576354	1.209782905	1.209162791
-0.7894736842	0.355596688	0.4287754392	1.205791431	1.198443288	1.197856695
-0.7443609023	0.3522320482	0.424728397	1.205819854	1.187103672	1.186550598
-0.6992481203	0.3488674083	0.4206813548	1.205848826	1.175764055	1.175244501
-0.6541353383	0.3455027685	0.4166343125	1.205878362	1.164424439	1.163938404
-0.6090225564	0.3421381286	0.4125872703	1.205908479	1.153084822	1.152632307
-0.5639097744	0.3387734887	0.4085402281	1.205939194	1.141745206	1.14132621
-0.5187969925	0.3354088489	0.4044931858	1.205970526	1.130405589	1.130020114
-0.4736842105	0.332044209	0.4004461436	1.206002492	1.119065973	1.118714017
-0.4285714286	0.3286795692	0.3963991014	1.206035113	1.107726356	1.10740792
-0.3834586466	0.3253149293	0.3923520591	1.206068409	1.09638674	1.096101823
-0.3383458647	0.3219502894	0.3883050169	1.2061024	1.085047123	1.084795726
-0.2932330827	0.3185856496	0.3842579747	1.20613711	1.073707507	1.073489629
-0.2481203008	0.3152210097	0.3802109324	1.206172561	1.062367891	1.062183533
-0.2030075188	0.3118563699	0.3761638902	1.206208776	1.051028274	1.050877436
-0.1578947368	0.30849173	0.372116848	1.206245782	1.039688658	1.039571339
-0.1127819549	0.3051270901	0.3680698057	1.206283603	1.028349041	1.028265242
-0.06766917293	0.3017624503	0.3640227635	1.206322268	1.017009425	1.016959145
-0.02255639098	0.2983978104	0.3599757213	1.206361805	1.005669808	1.005653048
0.02255639098	0.2950331706	0.355928679	1.206402244	0.9943301918	0.9943469516
0.06766917293	0.2916685307	0.3518816368	1.206443616	0.9829905753	0.9830408548
0.1127819549	0.2883038908	0.3478345945	1.206485953	0.9716509588	0.9717347579
0.1578947368	0.284939251	0.3437875523	1.20652929	0.9603113424	0.9604286611
0.2030075188	0.2815746111	0.3397405101	1.206573663	0.9489717259	0.9491225643
0.2481203008	0.2782099713	0.3356934678	1.20661911	0.9376321095	0.9378164674
0.2932330827	0.2748453314	0.3316464256	1.206665669	0.926292493	0.9265103706
0.3383458647	0.2714806915	0.3275993834	1.206713382	0.9149528765	0.9152042738
0.3834586466	0.2681160517	0.3235523411	1.206762292	0.9036132601	0.9038981769
0.4285714286	0.2647514118	0.3195052989	1.206812446	0.8922736436	0.8925920801
0.4736842105	0.261386772	0.3154582567	1.206863891	0.8809340272	0.8812859833
0.5187969925	0.2580221321	0.3114112144	1.206916678	0.8695944107	0.8699798865
0.5639097744	0.2546574922	0.3073641722	1.206970859	0.8582547942	0.8586737896
0.6090225564	0.2512928524	0.30331713	1.207026492	0.8469151778	0.8473676928
0.6541353383	0.2479282125	0.2992700877	1.207083634	0.8355755613	0.836061596
0.6992481203	0.2445635726	0.2952230455	1.207142349	0.8242359448	0.8247554991
0.7443609023	0.2411989328	0.2911760033	1.207202701	0.8128963284	0.8134494023
0.7894736842	0.2378342929	0.287128961	1.207264762	0.8015567119	0.8021433055
0.8345864662	0.2344696531	0.2830819188	1.207328603	0.7902170955	0.7908372087
0.8796992481	0.2311050132	0.2790348765	1.207394304	0.778877479	0.7795311118
0.9248120301	0.2277403733	0.2749878343	1.207461946	0.7675378625	0.768225015
0.969924812	0.2243757335	0.2709407921	1.207531616	0.7561982461	0.7569189182
1.015037594	0.2210110936	0.2668937498	1.207603408	0.7448586296	0.7456128213
1.060150376	0.2176464538	0.2628467076	1.207677419	0.7335190132	0.7343067245
1.105263158	0.2142818139	0.2587996654	1.207753755	0.7221793967	0.7230006277
1.15037594	0.210917174	0.2547526231	1.207832526	0.7108397802	0.7116945308
1.195488722	0.2075525342	0.2507055809	1.207913851	0.6995001638	0.700388434
1.240601504	0.2041878943	0.2466585387	1.207997857	0.6881605473	0.6890823372
1.285714286	0.2008232545	0.2426114964	1.208084677	0.6768209308	0.6777762404
1.330827068	0.1974586146	0.2385644542	1.208174456	0.6654813144	0.6664701435
1.37593985	0.1940939747	0.234517412	1.208267347	0.6541416979	0.6551640467
1.421052632	0.1907293349	0.2304703697	1.208363516	0.6428020815	0.6438579499
1.466165414	0.187364695	0.2264233275	1.208463139	0.631462465	0.632551853
1.511278195	0.1840000552	0.2223762853	1.208566405	0.6201228485	0.6212457562
1.556390977	0.1806354153	0.218329243	1.208673519	0.6087832321	0.6099396594
1.601503759	0.1772707754	0.2142822008	1.208784698	0.5974436156	0.5986335625
1.646616541	0.1739061356	0.2102351586	1.20890018	0.5861039992	0.5873274657
1.691729323	0.1705414957	0.2061881163	1.209020218	0.5747643827	0.5760213689
1.736842105	0.1671768559	0.2021410741	1.209145088	0.5634247662	0.5647152721
1.781954887	0.163812216	0.1980940318	1.209275088	0.5520851498	0.5534091752
1.827067669	0.1604475761	0.1940469896	1.209410539	0.5407455333	0.5421030784
1.872180451	0.1570829363	0.1899999474	1.209551794	0.5294059168	0.5307969816
1.917293233	0.1537182964	0.1859529051	1.209699232	0.5180663004	0.5194908847
1.962406015	0.1503536566	0.1819058629	1.209853269	0.5067266839	0.5081847879
2.007518797	0.1469890167	0.1778588207	1.210014358	0.4953870675	0.4968786911
2.052631579	0.1436243768	0.1738117784	1.210182994	0.484047451	0.4855725943
2.097744361	0.140259737	0.1697647362	1.210359722	0.4727078345	0.4742664974
2.142857143	0.1368950971	0.165717694	1.210545136	0.4613682181	0.4629604006
2.187969925	0.1335304573	0.1616706517	1.210739894	0.4500286016	0.4516543038
2.233082707	0.1301658174	0.1576236095	1.210944721	0.4386889851	0.4403482069
2.278195489	0.1268011775	0.1535765673	1.211160419	0.4273493687	0.4290421101
2.323308271	0.1234365377	0.149529525	1.211387875	0.4160097522	0.4177360133
2.368421053	0.1200718978	0.1454824828	1.211628078	0.4046701358	0.4064299164
2.413533835	0.116707258	0.1414354406	1.211882132	0.3933305193	0.3951238196
2.458646617	0.1133426181	0.1373883983	1.212151269	0.3819909028	0.3838177228
2.503759398	0.1099779782	0.1333413561	1.212436873	0.3706512864	0.372511626
2.54887218	0.1066133384	0.1292943139	1.212740505	0.3593116699	0.3612055291
2.593984962	0.1032486985	0.1252472716	1.213063926	0.3479720535	0.3498994323
2.639097744	0.09988405866	0.1212002294	1.213409137	0.336632437	0.3385933355
2.684210526	0.0965194188	0.1171531871	1.213778415	0.3252928205	0.3272872386
2.729323308	0.09315477893	0.1131061449	1.214174369	0.3139532041	0.3159811418
2.77443609	0.08979013907	0.1090591027	1.214599997	0.3026135876	0.304675045
2.819548872	0.08642549921	0.1050120604	1.215058766	0.2912739711	0.2933689481
2.864661654	0.08306085935	0.1009650182	1.215554703	0.2799343547	0.2820628513
2.909774436	0.07969621949	0.09691797597	1.216092515	0.2685947382	0.2707567545
2.954887218	0.07633157963	0.09287093374	1.216677739	0.2572551218	0.2594506577
3	0.07296693977	0.0888238915	1.217316935	0.2459155053	0.2481445608
