# VHH-NNLO SMEFT scan points
# process: WplusHH
# energy_tev: 13.6
# scan_axis: phiW
# fixed_wcs: phi=0,phiBox=0,phiD=0,phiW=0,phiq3st=0
#
phiW	sigma_lo	sigma_nnlo	k	sigma_smeft_over_sm_lo	sigma_smeft_over_sm_nnlo
-0.3	0.01730948967	0.02587072846	1.494597989	0.05833699361	0.07227425464
-0.2967418546	0.02034397423	0.02947729415	1.448944726	0.06856391014	0.08234980576
-0.2934837093	0.02337845878	0.03308385984	1.415142895	0.07879082666	0.09242535688
-0.2902255639	0.02641294333	0.03669042553	1.389107797	0.08901774319	0.102500908
-0.2869674185	0.02944742789	0.04029699122	1.368438404	0.09924465972	0.1125764591
-0.2837092732	0.03248191244	0.04390355691	1.351630911	0.1094715762	0.1226520102
-0.2804511278	0.03551639699	0.04751012261	1.337695449	0.1196984928	0.1327275614
-0.2771929825	0.03855088155	0.0511166883	1.325953811	0.1299254093	0.1428031125
-0.2739348371	0.0415853661	0.05472325399	1.315925748	0.1401523258	0.1528786636
-0.2706766917	0.04461985065	0.05832981968	1.307261652	0.1503792424	0.1629542147
-0.2674185464	0.04765433521	0.06193638537	1.299700963	0.1606061589	0.1730297658
-0.264160401	0.05068881976	0.06554295106	1.293045515	0.1708330754	0.183105317
-0.2609022556	0.05372330431	0.06914951675	1.287141914	0.1810599919	0.1931808681
-0.2576441103	0.05675778887	0.07275608244	1.281869571	0.1912869085	0.2032564192
-0.2543859649	0.05979227342	0.07636264813	1.277132374	0.201513825	0.2133319703
-0.2511278195	0.06282675797	0.07996921382	1.272852784	0.2117407415	0.2234075214
-0.2478696742	0.06586124253	0.08357577951	1.268967549	0.221967658	0.2334830725
-0.2446115288	0.06889572708	0.0871823452	1.265424561	0.2321945746	0.2435586237
-0.2413533835	0.07193021164	0.09078891089	1.262180506	0.2424214911	0.2536341748
-0.2380952381	0.07496469619	0.09439547658	1.259199081	0.2526484076	0.2637097259
-0.2348370927	0.07799918074	0.09800204227	1.256449636	0.2628753242	0.273785277
-0.2315789474	0.0810336653	0.101608608	1.253906109	0.2731022407	0.2838608281
-0.228320802	0.08406814985	0.1052151737	1.251546202	0.2833291572	0.2939363793
-0.2250626566	0.0871026344	0.1088217393	1.249350724	0.2935560737	0.3040119304
-0.2218045113	0.09013711896	0.112428305	1.247303068	0.3037829903	0.3140874815
-0.2185463659	0.09317160351	0.1160348707	1.245388792	0.3140099068	0.3241630326
-0.2152882206	0.09620608806	0.1196414364	1.243595274	0.3242368233	0.3342385837
-0.2120300752	0.09924057262	0.1232480021	1.241911437	0.3344637398	0.3443141349
-0.2087719298	0.1022750572	0.1268545678	1.240327518	0.3446906564	0.354389686
-0.2055137845	0.1053095417	0.1304611335	1.23883488	0.3549175729	0.3644652371
-0.2022556391	0.1083440263	0.1340676992	1.237425853	0.3651444894	0.3745407882
-0.1989974937	0.1113785108	0.1376742649	1.236093604	0.375371406	0.3846163393
-0.1957393484	0.1144129954	0.1412808306	1.234832023	0.3855983225	0.3946918905
-0.192481203	0.1174474799	0.1448873963	1.233635633	0.395825239	0.4047674416
-0.1892230576	0.1204819645	0.1484939619	1.232499508	0.4060521555	0.4148429927
-0.1859649123	0.123516449	0.1521005276	1.231419206	0.4162790721	0.4249185438
-0.1827067669	0.1265509336	0.1557070933	1.230390712	0.4265059886	0.4349940949
-0.1794486216	0.1295854182	0.159313659	1.229410387	0.4367329051	0.4450696461
-0.1761904762	0.1326199027	0.1629202247	1.228474923	0.4469598216	0.4551451972
-0.1729323308	0.1356543873	0.1665267904	1.22758131	0.4571867382	0.4652207483
-0.1696741855	0.1386888718	0.1701333561	1.226726801	0.4674136547	0.4752962994
-0.1664160401	0.1417233564	0.1737399218	1.225908885	0.4776405712	0.4853718505
-0.1631578947	0.1447578409	0.1773464875	1.22512526	0.4878674878	0.4954474016
-0.1598997494	0.1477923255	0.1809530532	1.224373814	0.4980944043	0.5055229528
-0.156641604	0.15082681	0.1845596189	1.223652604	0.5083213208	0.5155985039
-0.1533834586	0.1538612946	0.1881661845	1.222959842	0.5185482373	0.525674055
-0.1501253133	0.1568957791	0.1917727502	1.222293877	0.5287751539	0.5357496061
-0.1468671679	0.1599302637	0.1953793159	1.221653184	0.5390020704	0.5458251572
-0.1436090226	0.1629647482	0.1989858816	1.221036351	0.5492289869	0.5559007084
-0.1403508772	0.1659992328	0.2025924473	1.22044207	0.5594559034	0.5659762595
-0.1370927318	0.1690337173	0.206199013	1.219869126	0.56968282	0.5760518106
-0.1338345865	0.1720682019	0.2098055787	1.219316389	0.5799097365	0.5861273617
-0.1305764411	0.1751026865	0.2134121444	1.218782811	0.590136653	0.5962029128
-0.1273182957	0.178137171	0.2170187101	1.218267411	0.6003635696	0.606278464
-0.1240601504	0.1811716556	0.2206252758	1.217769276	0.6105904861	0.6163540151
-0.120802005	0.1842061401	0.2242318414	1.217287552	0.6208174026	0.6264295662
-0.1175438596	0.1872406247	0.2278384071	1.216821443	0.6310443191	0.6365051173
-0.1142857143	0.1902751092	0.2314449728	1.216370201	0.6412712357	0.6465806684
-0.1110275689	0.1933095938	0.2350515385	1.215933125	0.6514981522	0.6566562196
-0.1077694236	0.1963440783	0.2386581042	1.21550956	0.6617250687	0.6667317707
-0.1045112782	0.1993785629	0.2422646699	1.215098887	0.6719519852	0.6768073218
-0.1012531328	0.2024130474	0.2458712356	1.214700528	0.6821789018	0.6868828729
-0.09799498747	0.205447532	0.2494778013	1.214313936	0.6924058183	0.696958424
-0.09473684211	0.2084820165	0.253084367	1.213938598	0.7026327348	0.7070339751
-0.09147869674	0.2115165011	0.2566909327	1.21357403	0.7128596514	0.7171095263
-0.08822055138	0.2145509857	0.2602974984	1.213219774	0.7230865679	0.7271850774
-0.08496240602	0.2175854702	0.263904064	1.212875399	0.7333134844	0.7372606285
-0.08170426065	0.2206199548	0.2675106297	1.212540498	0.7435404009	0.7473361796
-0.07844611529	0.2236544393	0.2711171954	1.212214684	0.7537673175	0.7574117307
-0.07518796992	0.2266889239	0.2747237611	1.211897593	0.763994234	0.7674872819
-0.07192982456	0.2297234084	0.2783303268	1.211588879	0.7742211505	0.777562833
-0.0686716792	0.232757893	0.2819368925	1.211288214	0.784448067	0.7876383841
-0.06541353383	0.2357923775	0.2855434582	1.210995288	0.7946749836	0.7977139352
-0.06215538847	0.2388268621	0.2891500239	1.210709806	0.8049019001	0.8077894863
-0.05889724311	0.2418613466	0.2927565896	1.210431487	0.8151288166	0.8178650375
-0.05563909774	0.2448958312	0.2963631553	1.210160066	0.8253557332	0.8279405886
-0.05238095238	0.2479303157	0.299969721	1.209895289	0.8355826497	0.8380161397
-0.04912280702	0.2509648003	0.3035762866	1.209636914	0.8458095662	0.8480916908
-0.04586466165	0.2539992848	0.3071828523	1.209384714	0.8560364827	0.8581672419
-0.04260651629	0.2570337694	0.310789418	1.209138467	0.8662633993	0.8682427931
-0.03934837093	0.260068254	0.3143959837	1.208897968	0.8764903158	0.8783183442
-0.03609022556	0.2631027385	0.3180025494	1.208663016	0.8867172323	0.8883938953
-0.0328320802	0.2661372231	0.3216091151	1.208433422	0.8969441488	0.8984694464
-0.02957393484	0.2691717076	0.3252156808	1.208209004	0.9071710654	0.9085449975
-0.02631578947	0.2722061922	0.3288222465	1.20798959	0.9173979819	0.9186205487
-0.02305764411	0.2752406767	0.3324288122	1.207775014	0.9276248984	0.9286960998
-0.01979949875	0.2782751613	0.3360353779	1.207565118	0.9378518149	0.9387716509
-0.01654135338	0.2813096458	0.3396419436	1.20735975	0.9480787315	0.948847202
-0.01328320802	0.2843441304	0.3432485092	1.207158765	0.958305648	0.9589227531
-0.01002506266	0.2873786149	0.3468550749	1.206962025	0.9685325645	0.9689983042
-0.006766917293	0.2904130995	0.3504616406	1.206769396	0.9787594811	0.9790738554
-0.00350877193	0.293447584	0.3540682063	1.206580751	0.9889863976	0.9891494065
-0.0002506265664	0.2964820686	0.357674772	1.206395968	0.9992133141	0.9992249576
0.003007518797	0.2995165531	0.3612813377	1.206214928	1.009440231	1.009300509
0.00626566416	0.3025510377	0.3648879034	1.206037521	1.019667147	1.01937606
0.009523809524	0.3055855223	0.3684944691	1.205863636	1.029894064	1.029451611
0.01278195489	0.3086200068	0.3721010348	1.205693171	1.04012098	1.039527162
0.01604010025	0.3116544914	0.3757076005	1.205526026	1.050347897	1.049602713
0.01929824561	0.3146889759	0.3793141661	1.205362104	1.060574813	1.059678264
0.02255639098	0.3177234605	0.3829207318	1.205201313	1.07080173	1.069753815
0.02581453634	0.320757945	0.3865272975	1.205043565	1.081028646	1.079829367
0.0290726817	0.3237924296	0.3901338632	1.204888773	1.091255563	1.089904918
0.03233082707	0.3268269141	0.3937404289	1.204736856	1.101482479	1.099980469
0.03558897243	0.3298613987	0.3973469946	1.204587733	1.111709396	1.11005602
0.03884711779	0.3328958832	0.4009535603	1.20444133	1.121936312	1.120131571
0.04210526316	0.3359303678	0.404560126	1.204297571	1.132163229	1.130207122
0.04536340852	0.3389648523	0.4081666917	1.204156386	1.142390145	1.140282673
0.04862155388	0.3419993369	0.4117732574	1.204017707	1.152617062	1.150358224
0.05187969925	0.3450338215	0.4153798231	1.203881467	1.162843979	1.160433776
0.05513784461	0.348068306	0.4189863887	1.203747602	1.173070895	1.170509327
0.05839598997	0.3511027906	0.4225929544	1.203616051	1.183297812	1.180584878
0.06165413534	0.3541372751	0.4261995201	1.203486755	1.193524728	1.190660429
0.0649122807	0.3571717597	0.4298060858	1.203359656	1.203751645	1.20073598
0.06817042607	0.3602062442	0.4334126515	1.203234698	1.213978561	1.210811531
0.07142857143	0.3632407288	0.4370192172	1.203111828	1.224205478	1.220887082
0.07468671679	0.3662752133	0.4406257829	1.202990994	1.234432394	1.230962633
0.07794486216	0.3693096979	0.4442323486	1.202872145	1.244659311	1.241038184
0.08120300752	0.3723441824	0.4478389143	1.202755234	1.254886227	1.251113736
0.08446115288	0.375378667	0.45144548	1.202640213	1.265113144	1.261189287
0.08771929825	0.3784131515	0.4550520457	1.202527036	1.27534006	1.271264838
0.09097744361	0.3814476361	0.4586586113	1.202415661	1.285566977	1.281340389
0.09423558897	0.3844821206	0.462265177	1.202306043	1.295793893	1.29141594
0.09749373434	0.3875166052	0.4658717427	1.202198142	1.30602081	1.301491491
0.1007518797	0.3905510898	0.4694783084	1.202091918	1.316247726	1.311567042
0.1040100251	0.3935855743	0.4730848741	1.201987331	1.326474643	1.321642593
0.1072681704	0.3966200589	0.4766914398	1.201884345	1.33670156	1.331718145
0.1105263158	0.3996545434	0.4802980055	1.201782923	1.346928476	1.341793696
0.1137844612	0.402689028	0.4839045712	1.20168303	1.357155393	1.351869247
0.1170426065	0.4057235125	0.4875111369	1.20158463	1.367382309	1.361944798
0.1203007519	0.4087579971	0.4911177026	1.201487692	1.377609226	1.372020349
0.1235588972	0.4117924816	0.4947242682	1.201392183	1.387836142	1.3820959
0.1268170426	0.4148269662	0.4983308339	1.20129807	1.398063059	1.392171451
0.130075188	0.4178614507	0.5019373996	1.201205325	1.408289975	1.402247002
0.1333333333	0.4208959353	0.5055439653	1.201113917	1.418516892	1.412322553
0.1365914787	0.4239304198	0.509150531	1.201023817	1.428743808	1.422398105
0.1398496241	0.4269649044	0.5127570967	1.200934998	1.438970725	1.432473656
0.1431077694	0.4299993889	0.5163636624	1.200847433	1.449197641	1.442549207
0.1463659148	0.4330338735	0.5199702281	1.200761095	1.459424558	1.452624758
0.1496240602	0.4360683581	0.5235767938	1.200675958	1.469651474	1.462700309
0.1528822055	0.4391028426	0.5271833595	1.200591999	1.479878391	1.47277586
0.1561403509	0.4421373272	0.5307899252	1.200509191	1.490105307	1.482851411
0.1593984962	0.4451718117	0.5343964908	1.200427513	1.500332224	1.492926962
0.1626566416	0.4482062963	0.5380030565	1.200346941	1.51055914	1.503002514
0.165914787	0.4512407808	0.5416096222	1.200267452	1.520786057	1.513078065
0.1691729323	0.4542752654	0.5452161879	1.200189025	1.531012974	1.523153616
0.1724310777	0.4573097499	0.5488227536	1.200111639	1.54123989	1.533229167
0.1756892231	0.4603442345	0.5524293193	1.200035273	1.551466807	1.543304718
0.1789473684	0.463378719	0.556035885	1.199959908	1.561693723	1.553380269
0.1822055138	0.4664132036	0.5596424507	1.199885523	1.57192064	1.56345582
0.1854636591	0.4694476881	0.5632490164	1.1998121	1.582147556	1.573531371
0.1887218045	0.4724821727	0.5668555821	1.199739619	1.592374473	1.583606923
0.1919799499	0.4755166573	0.5704621478	1.199668064	1.602601389	1.593682474
0.1952380952	0.4785511418	0.5740687134	1.199597417	1.612828306	1.603758025
0.1984962406	0.4815856264	0.5776752791	1.199527659	1.623055222	1.613833576
0.201754386	0.4846201109	0.5812818448	1.199458776	1.633282139	1.623909127
0.2050125313	0.4876545955	0.5848884105	1.199390749	1.643509055	1.633984678
0.2082706767	0.49068908	0.5884949762	1.199323564	1.653735972	1.644060229
0.2115288221	0.4937235646	0.5921015419	1.199257205	1.663962888	1.65413578
0.2147869674	0.4967580491	0.5957081076	1.199191656	1.674189805	1.664211331
0.2180451128	0.4997925337	0.5993146733	1.199126903	1.684416721	1.674286883
0.2213032581	0.5028270182	0.602921239	1.199062932	1.694643638	1.684362434
0.2245614035	0.5058615028	0.6065278047	1.198999729	1.704870554	1.694437985
0.2278195489	0.5088959873	0.6101343704	1.198937279	1.715097471	1.704513536
0.2310776942	0.5119304719	0.613740936	1.19887557	1.725324388	1.714589087
0.2343358396	0.5149649564	0.6173475017	1.198814587	1.735551304	1.724664638
0.237593985	0.517999441	0.6209540674	1.19875432	1.745778221	1.734740189
0.2408521303	0.5210339256	0.6245606331	1.198694754	1.756005137	1.74481574
0.2441102757	0.5240684101	0.6281671988	1.198635878	1.766232054	1.754891292
0.2473684211	0.5271028947	0.6317737645	1.19857768	1.77645897	1.764966843
0.2506265664	0.5301373792	0.6353803302	1.198520148	1.786685887	1.775042394
0.2538847118	0.5331718638	0.6389868959	1.198463271	1.796912803	1.785117945
0.2571428571	0.5362063483	0.6425934616	1.198407038	1.80713972	1.795193496
0.2604010025	0.5392408329	0.6462000273	1.198351438	1.817366636	1.805269047
0.2636591479	0.5422753174	0.6498065929	1.198296459	1.827593553	1.815344598
0.2669172932	0.545309802	0.6534131586	1.198242093	1.837820469	1.825420149
0.2701754386	0.5483442865	0.6570197243	1.198188329	1.848047386	1.8354957
0.273433584	0.5513787711	0.66062629	1.198135156	1.858274302	1.845571252
0.2766917293	0.5544132556	0.6642328557	1.198082566	1.868501219	1.855646803
0.2799498747	0.5574477402	0.6678394214	1.198030548	1.878728135	1.865722354
0.2832080201	0.5604822248	0.6714459871	1.197979093	1.888955052	1.875797905
0.2864661654	0.5635167093	0.6750525528	1.197928192	1.899181969	1.885873456
0.2897243108	0.5665511939	0.6786591185	1.197877837	1.909408885	1.895949007
0.2929824561	0.5695856784	0.6822656842	1.197828018	1.919635802	1.906024558
0.2962406015	0.572620163	0.6858722499	1.197778727	1.929862718	1.916100109
0.2994987469	0.5756546475	0.6894788155	1.197729956	1.940089635	1.926175661
0.3027568922	0.5786891321	0.6930853812	1.197681696	1.950316551	1.936251212
0.3060150376	0.5817236166	0.6966919469	1.19763394	1.960543468	1.946326763
0.309273183	0.5847581012	0.7002985126	1.197586679	1.970770384	1.956402314
0.3125313283	0.5877925857	0.7039050783	1.197539907	1.980997301	1.966477865
0.3157894737	0.5908270703	0.707511644	1.197493615	1.991224217	1.976553416
0.319047619	0.5938615548	0.7111182097	1.197447796	2.001451134	1.986628967
0.3223057644	0.5968960394	0.7147247754	1.197402442	2.01167805	1.996704518
0.3255639098	0.5999305239	0.7183313411	1.197357548	2.021904967	2.00678007
0.3288220551	0.6029650085	0.7219379068	1.197313105	2.032131883	2.016855621
0.3320802005	0.6059994931	0.7255444725	1.197269108	2.0423588	2.026931172
0.3353383459	0.6090339776	0.7291510381	1.197225549	2.052585716	2.037006723
0.3385964912	0.6120684622	0.7327576038	1.197182422	2.062812633	2.047082274
0.3418546366	0.6151029467	0.7363641695	1.19713972	2.073039549	2.057157825
0.345112782	0.6181374313	0.7399707352	1.197097438	2.083266466	2.067233376
0.3483709273	0.6211719158	0.7435773009	1.197055569	2.093493383	2.077308927
0.3516290727	0.6242064004	0.7471838666	1.197014106	2.103720299	2.087384478
0.354887218	0.6272408849	0.7507904323	1.196973045	2.113947216	2.09746003
0.3581453634	0.6302753695	0.754396998	1.19693238	2.124174132	2.107535581
0.3614035088	0.633309854	0.7580035637	1.196892104	2.134401049	2.117611132
0.3646616541	0.6363443386	0.7616101294	1.196852212	2.144627965	2.127686683
0.3679197995	0.6393788231	0.7652166951	1.196812699	2.154854882	2.137762234
0.3711779449	0.6424133077	0.7688232607	1.196773559	2.165081798	2.147837785
0.3744360902	0.6454477922	0.7724298264	1.196734787	2.175308715	2.157913336
0.3776942356	0.6484822768	0.7760363921	1.196696378	2.185535631	2.167988887
0.380952381	0.6515167614	0.7796429578	1.196658327	2.195762548	2.178064439
0.3842105263	0.6545512459	0.7832495235	1.196620629	2.205989464	2.18813999
0.3874686717	0.6575857305	0.7868560892	1.196583278	2.216216381	2.198215541
0.390726817	0.660620215	0.7904626549	1.196546271	2.226443297	2.208291092
0.3939849624	0.6636546996	0.7940692206	1.196509602	2.236670214	2.218366643
0.3972431078	0.6666891841	0.7976757863	1.196473267	2.24689713	2.228442194
0.4005012531	0.6697236687	0.801282352	1.196437261	2.257124047	2.238517745
0.4037593985	0.6727581532	0.8048889176	1.19640158	2.267350963	2.248593296
0.4070175439	0.6757926378	0.8084954833	1.19636622	2.27757788	2.258668848
0.4102756892	0.6788271223	0.812102049	1.196331175	2.287804797	2.268744399
0.4135338346	0.6818616069	0.8157086147	1.196296443	2.298031713	2.27881995
0.4167919799	0.6848960914	0.8193151804	1.196262018	2.30825863	2.288895501
0.4200501253	0.687930576	0.8229217461	1.196227897	2.318485546	2.298971052
0.4233082707	0.6909650606	0.8265283118	1.196194075	2.328712463	2.309046603
0.426566416	0.6939995451	0.8301348775	1.19616055	2.338939379	2.319122154
0.4298245614	0.6970340297	0.8337414432	1.196127316	2.349166296	2.329197705
0.4330827068	0.7000685142	0.8373480089	1.196094371	2.359393212	2.339273256
0.4363408521	0.7031029988	0.8409545746	1.196061709	2.369620129	2.349348808
0.4395989975	0.7061374833	0.8445611402	1.196029329	2.379847045	2.359424359
0.4428571429	0.7091719679	0.8481677059	1.195997225	2.390073962	2.36949991
0.4461152882	0.7122064524	0.8517742716	1.195965396	2.400300878	2.379575461
0.4493734336	0.715240937	0.8553808373	1.195933836	2.410527795	2.389651012
0.4526315789	0.7182754215	0.858987403	1.195902543	2.420754711	2.399726563
0.4558897243	0.7213099061	0.8625939687	1.195871513	2.430981628	2.409802114
0.4591478697	0.7243443906	0.8662005344	1.195840743	2.441208544	2.419877665
0.462406015	0.7273788752	0.8698071001	1.19581023	2.451435461	2.429953217
0.4656641604	0.7304133597	0.8734136658	1.19577997	2.461662378	2.440028768
0.4689223058	0.7334478443	0.8770202315	1.195749961	2.471889294	2.450104319
0.4721804511	0.7364823289	0.8806267972	1.195720199	2.482116211	2.46017987
0.4754385965	0.7395168134	0.8842333628	1.195690682	2.492343127	2.470255421
0.4786967419	0.742551298	0.8878399285	1.195661405	2.502570044	2.480330972
0.4819548872	0.7455857825	0.8914464942	1.195632367	2.51279696	2.490406523
0.4852130326	0.7486202671	0.8950530599	1.195603565	2.523023877	2.500482074
0.4884711779	0.7516547516	0.8986596256	1.195574995	2.533250793	2.510557625
0.4917293233	0.7546892362	0.9022661913	1.195546654	2.54347771	2.520633177
0.4949874687	0.7577237207	0.905872757	1.195518541	2.553704626	2.530708728
0.498245614	0.7607582053	0.9094793227	1.195490652	2.563931543	2.540784279
0.5015037594	0.7637926898	0.9130858884	1.195462984	2.574158459	2.55085983
0.5047619048	0.7668271744	0.9166924541	1.195435536	2.584385376	2.560935381
0.5080200501	0.7698616589	0.9202990197	1.195408304	2.594612292	2.571010932
0.5112781955	0.7728961435	0.9239055854	1.195381285	2.604839209	2.581086483
0.5145363409	0.775930628	0.9275121511	1.195354478	2.615066125	2.591162034
0.5177944862	0.7789651126	0.9311187168	1.19532788	2.625293042	2.601237586
0.5210526316	0.7819995972	0.9347252825	1.195301489	2.635519958	2.611313137
0.5243107769	0.7850340817	0.9383318482	1.195275301	2.645746875	2.621388688
0.5275689223	0.7880685663	0.9419384139	1.195249315	2.655973792	2.631464239
0.5308270677	0.7911030508	0.9455449796	1.195223528	2.666200708	2.64153979
0.534085213	0.7941375354	0.9491515453	1.195197939	2.676427625	2.651615341
0.5373433584	0.7971720199	0.952758111	1.195172544	2.686654541	2.661690892
0.5406015038	0.8002065045	0.9563646767	1.195147342	2.696881458	2.671766443
0.5438596491	0.803240989	0.9599712423	1.19512233	2.707108374	2.681841995
0.5471177945	0.8062754736	0.963577808	1.195097507	2.717335291	2.691917546
0.5503759398	0.8093099581	0.9671843737	1.195072869	2.727562207	2.701993097
0.5536340852	0.8123444427	0.9707909394	1.195048416	2.737789124	2.712068648
0.5568922306	0.8153789272	0.9743975051	1.195024145	2.74801604	2.722144199
0.5601503759	0.8184134118	0.9780040708	1.195000053	2.758242957	2.73221975
0.5634085213	0.8214478964	0.9816106365	1.19497614	2.768469873	2.742295301
0.5666666667	0.8244823809	0.9852172022	1.194952403	2.77869679	2.752370852
0.569924812	0.8275168655	0.9888237679	1.19492884	2.788923706	2.762446403
0.5731829574	0.83055135	0.9924303336	1.194905449	2.799150623	2.772521955
0.5764411028	0.8335858346	0.9960368993	1.194882228	2.809377539	2.782597506
0.5796992481	0.8366203191	0.9996434649	1.194859176	2.819604456	2.792673057
0.5829573935	0.8396548037	1.003250031	1.19483629	2.829831372	2.802748608
0.5862155388	0.8426892882	1.006856596	1.194813569	2.840058289	2.812824159
0.5894736842	0.8457237728	1.010463162	1.194791012	2.850285206	2.82289971
0.5927318296	0.8487582573	1.014069728	1.194768615	2.860512122	2.832975261
0.5959899749	0.8517927419	1.017676293	1.194746378	2.870739039	2.843050812
0.5992481203	0.8548272264	1.021282859	1.194724299	2.880965955	2.853126364
0.6025062657	0.857861711	1.024889425	1.194702376	2.891192872	2.863201915
0.605764411	0.8608961955	1.02849599	1.194680608	2.901419788	2.873277466
0.6090225564	0.8639306801	1.032102556	1.194658993	2.911646705	2.883353017
0.6122807018	0.8669651647	1.035709122	1.194637529	2.921873621	2.893428568
0.6155388471	0.8699996492	1.039315688	1.194616214	2.932100538	2.903504119
0.6187969925	0.8730341338	1.042922253	1.194595048	2.942327454	2.91357967
0.6220551378	0.8760686183	1.046528819	1.194574029	2.952554371	2.923655221
0.6253132832	0.8791031029	1.050135385	1.194553154	2.962781287	2.933730772
0.6285714286	0.8821375874	1.05374195	1.194532424	2.973008204	2.943806324
0.6318295739	0.885172072	1.057348516	1.194511835	2.98323512	2.953881875
0.6350877193	0.8882065565	1.060955082	1.194491387	2.993462037	2.963957426
0.6383458647	0.8912410411	1.064561647	1.194471078	3.003688953	2.974032977
0.64160401	0.8942755256	1.068168213	1.194450907	3.01391587	2.984108528
0.6448621554	0.8973100102	1.071774779	1.194430873	3.024142787	2.994184079
0.6481203008	0.9003444947	1.075381344	1.194410973	3.034369703	3.00425963
0.6513784461	0.9033789793	1.07898791	1.194391208	3.04459662	3.014335181
0.6546365915	0.9064134639	1.082594476	1.194371574	3.054823536	3.024410733
0.6578947368	0.9094479484	1.086201042	1.194352072	3.065050453	3.034486284
0.6611528822	0.912482433	1.089807607	1.194332699	3.075277369	3.044561835
0.6644110276	0.9155169175	1.093414173	1.194313455	3.085504286	3.054637386
0.6676691729	0.9185514021	1.097020739	1.194294338	3.095731202	3.064712937
0.6709273183	0.9215858866	1.100627304	1.194275347	3.105958119	3.074788488
0.6741854637	0.9246203712	1.10423387	1.19425648	3.116185035	3.084864039
0.677443609	0.9276548557	1.107840436	1.194237737	3.126411952	3.09493959
0.6807017544	0.9306893403	1.111447001	1.194219116	3.136638868	3.105015142
0.6839598997	0.9337238248	1.115053567	1.194200616	3.146865785	3.115090693
0.6872180451	0.9367583094	1.118660133	1.194182236	3.157092701	3.125166244
0.6904761905	0.9397927939	1.122266698	1.194163975	3.167319618	3.135241795
0.6937343358	0.9428272785	1.125873264	1.194145831	3.177546534	3.145317346
0.6969924812	0.945861763	1.12947983	1.194127804	3.187773451	3.155392897
0.7002506266	0.9488962476	1.133086395	1.194109892	3.198000367	3.165468448
0.7035087719	0.9519307322	1.136692961	1.194092094	3.208227284	3.175543999
0.7067669173	0.9549652167	1.140299527	1.194074409	3.218454201	3.18561955
0.7100250627	0.9579997013	1.143906093	1.194056836	3.228681117	3.195695102
0.713283208	0.9610341858	1.147512658	1.194039375	3.238908034	3.205770653
0.7165413534	0.9640686704	1.151119224	1.194022023	3.24913495	3.215846204
0.7197994987	0.9671031549	1.15472579	1.19400478	3.259361867	3.225921755
0.7230576441	0.9701376395	1.158332355	1.193987645	3.269588783	3.235997306
0.7263157895	0.973172124	1.161938921	1.193970617	3.2798157	3.246072857
0.7295739348	0.9762066086	1.165545487	1.193953694	3.290042616	3.256148408
0.7328320802	0.9792410931	1.169152052	1.193936877	3.300269533	3.266223959
0.7360902256	0.9822755777	1.172758618	1.193920163	3.310496449	3.276299511
0.7393483709	0.9853100622	1.176365184	1.193903553	3.320723366	3.286375062
0.7426065163	0.9883445468	1.179971749	1.193887044	3.330950282	3.296450613
0.7458646617	0.9913790313	1.183578315	1.193870636	3.341177199	3.306526164
0.749122807	0.9944135159	1.187184881	1.193854329	3.351404115	3.316601715
0.7523809524	0.9974480005	1.190791447	1.193838121	3.361631032	3.326677266
0.7556390977	1.000482485	1.194398012	1.193822011	3.371857948	3.336752817
0.7588972431	1.00351697	1.198004578	1.193805999	3.382084865	3.346828368
0.7621553885	1.006551454	1.201611144	1.193790083	3.392311781	3.356903919
0.7654135338	1.009585939	1.205217709	1.193774262	3.402538698	3.366979471
0.7686716792	1.012620423	1.208824275	1.193758537	3.412765615	3.377055022
0.7719298246	1.015654908	1.212430841	1.193742906	3.422992531	3.387130573
0.7751879699	1.018689392	1.216037406	1.193727367	3.433219448	3.397206124
0.7784461153	1.021723877	1.219643972	1.193711921	3.443446364	3.407281675
0.7817042607	1.024758361	1.223250538	1.193696567	3.453673281	3.417357226
0.784962406	1.027792846	1.226857103	1.193681303	3.463900197	3.427432777
0.7882205514	1.030827331	1.230463669	1.193666129	3.474127114	3.437508328
0.7914786967	1.033861815	1.234070235	1.193651044	3.48435403	3.44758388
0.7947368421	1.0368963	1.237676801	1.193636047	3.494580947	3.457659431
0.7979949875	1.039930784	1.241283366	1.193621138	3.504807863	3.467734982
0.8012531328	1.042965269	1.244889932	1.193606316	3.51503478	3.477810533
0.8045112782	1.045999753	1.248496498	1.193591579	3.525261696	3.487886084
0.8077694236	1.049034238	1.252103063	1.193576928	3.535488613	3.497961635
0.8110275689	1.052068722	1.255709629	1.193562362	3.545715529	3.508037186
0.8142857143	1.055103207	1.259316195	1.193547879	3.555942446	3.518112737
0.8175438596	1.058137692	1.26292276	1.193533479	3.566169362	3.528188289
0.820802005	1.061172176	1.266529326	1.193519162	3.576396279	3.53826384
0.8240601504	1.064206661	1.270135892	1.193504926	3.586623196	3.548339391
0.8273182957	1.067241145	1.273742457	1.193490771	3.596850112	3.558414942
0.8305764411	1.07027563	1.277349023	1.193476697	3.607077029	3.568490493
0.8338345865	1.073310114	1.280955589	1.193462702	3.617303945	3.578566044
0.8370927318	1.076344599	1.284562155	1.193448786	3.627530862	3.588641595
0.8403508772	1.079379083	1.28816872	1.193434948	3.637757778	3.598717146
0.8436090226	1.082413568	1.291775286	1.193421188	3.647984695	3.608792697
0.8468671679	1.085448053	1.295381852	1.193407504	3.658211611	3.618868249
0.8501253133	1.088482537	1.298988417	1.193393898	3.668438528	3.6289438
0.8533834586	1.091517022	1.302594983	1.193380366	3.678665444	3.639019351
0.856641604	1.094551506	1.306201549	1.19336691	3.688892361	3.649094902
0.8598997494	1.097585991	1.309808114	1.193353528	3.699119277	3.659170453
0.8631578947	1.100620475	1.31341468	1.19334022	3.709346194	3.669246004
0.8664160401	1.10365496	1.317021246	1.193326985	3.71957311	3.679321555
0.8696741855	1.106689444	1.320627811	1.193313823	3.729800027	3.689397106
0.8729323308	1.109723929	1.324234377	1.193300732	3.740026943	3.699472658
0.8761904762	1.112758413	1.327840943	1.193287713	3.75025386	3.709548209
0.8794486216	1.115792898	1.331447508	1.193274765	3.760480776	3.71962376
0.8827067669	1.118827383	1.335054074	1.193261887	3.770707693	3.729699311
0.8859649123	1.121861867	1.33866064	1.193249079	3.78093461	3.739774862
0.8892230576	1.124896352	1.342267206	1.19323634	3.791161526	3.749850413
0.892481203	1.127930836	1.345873771	1.193223669	3.801388443	3.759925964
0.8957393484	1.130965321	1.349480337	1.193211067	3.811615359	3.770001515
0.8989974937	1.133999805	1.353086903	1.193198532	3.821842276	3.780077067
0.9022556391	1.13703429	1.356693468	1.193186063	3.832069192	3.790152618
0.9055137845	1.140068774	1.360300034	1.193173662	3.842296109	3.800228169
0.9087719298	1.143103259	1.3639066	1.193161325	3.852523025	3.81030372
0.9120300752	1.146137744	1.367513165	1.193149055	3.862749942	3.820379271
0.9152882206	1.149172228	1.371119731	1.193136849	3.872976858	3.830454822
0.9185463659	1.152206713	1.374726297	1.193124707	3.883203775	3.840530373
0.9218045113	1.155241197	1.378332862	1.193112629	3.893430691	3.850605924
0.9250626566	1.158275682	1.381939428	1.193100615	3.903657608	3.860681475
0.928320802	1.161310166	1.385545994	1.193088663	3.913884524	3.870757027
0.9315789474	1.164344651	1.38915256	1.193076774	3.924111441	3.880832578
0.9348370927	1.167379135	1.392759125	1.193064946	3.934338357	3.890908129
0.9380952381	1.17041362	1.396365691	1.19305318	3.944565274	3.90098368
0.9413533835	1.173448105	1.399972257	1.193041474	3.95479219	3.911059231
0.9446115288	1.176482589	1.403578822	1.193029829	3.965019107	3.921134782
0.9478696742	1.179517074	1.407185388	1.193018244	3.975246024	3.931210333
0.9511278195	1.182551558	1.410791954	1.193006718	3.98547294	3.941285884
0.9543859649	1.185586043	1.414398519	1.192995252	3.995699857	3.951361436
0.9576441103	1.188620527	1.418005085	1.192983843	4.005926773	3.961436987
0.9609022556	1.191655012	1.421611651	1.192972493	4.01615369	3.971512538
0.964160401	1.194689496	1.425218216	1.192961201	4.026380606	3.981588089
0.9674185464	1.197723981	1.428824782	1.192949966	4.036607523	3.99166364
0.9706766917	1.200758466	1.432431348	1.192938787	4.046834439	4.001739191
0.9739348371	1.20379295	1.436037914	1.192927665	4.057061356	4.011814742
0.9771929825	1.206827435	1.439644479	1.192916599	4.067288272	4.021890293
0.9804511278	1.209861919	1.443251045	1.192905589	4.077515189	4.031965844
0.9837092732	1.212896404	1.446857611	1.192894633	4.087742105	4.042041396
0.9869674185	1.215930888	1.450464176	1.192883732	4.097969022	4.052116947
0.9902255639	1.218965373	1.454070742	1.192872886	4.108195938	4.062192498
0.9934837093	1.221999857	1.457677308	1.192862093	4.118422855	4.072268049
0.9967418546	1.225034342	1.461283873	1.192851354	4.128649771	4.0823436
1	1.228068827	1.464890439	1.192840668	4.138876688	4.092419151
