# VHH-NNLO SMEFT scan points
# process: WplusHH
# energy_tev: 13.6
# scan_axis: phiq3st
# fixed_wcs: phi=0,phiBox=0,phiD=0,phiW=0,phiq3st=0
#
phiq3st	sigma_lo	sigma_nnlo	k	sigma_smeft_over_sm_lo	sigma_smeft_over_sm_nnlo
-0.01	0.04940163531	0.0542865734	1.098882113	0.1664949654	0.1516587225
-0.00984962406	0.05312064065	0.05885297381	1.107911597	0.1790288757	0.1644157342
-0.00969924812	0.056839646	0.06341937421	1.115759486	0.191562786	0.1771727459
-0.00954887218	0.06055865134	0.06798577461	1.122643472	0.2040966963	0.1899297576
-0.009398496241	0.06427765668	0.07255217501	1.128730865	0.2166306066	0.2026867693
-0.009248120301	0.06799666202	0.07711857541	1.13415237	0.2291645168	0.215443781
-0.009097744361	0.07171566736	0.08168497581	1.139011583	0.2416984271	0.2282007927
-0.008947368421	0.0754346727	0.08625137622	1.143391668	0.2542323374	0.2409578044
-0.008796992481	0.07915367804	0.09081777662	1.147360159	0.2667662477	0.2537148161
-0.008646616541	0.08287268338	0.09538417702	1.150972469	0.279300158	0.2664718278
-0.008496240602	0.08659168872	0.09995057742	1.154274491	0.2918340683	0.2792288395
-0.008345864662	0.09031069406	0.1045169778	1.157304557	0.3043679786	0.2919858511
-0.008195488722	0.0940296994	0.1090833782	1.160094937	0.3169018889	0.3047428628
-0.008045112782	0.09774870475	0.1136497786	1.162672988	0.3294357992	0.3174998745
-0.007894736842	0.1014677101	0.118216179	1.165062057	0.3419697095	0.3302568862
-0.007744360902	0.1051867154	0.1227825794	1.167282189	0.3545036198	0.3430138979
-0.007593984962	0.1089057208	0.1273489798	1.169350691	0.3670375301	0.3557709096
-0.007443609023	0.1126247261	0.1319153802	1.171282584	0.3795714404	0.3685279213
-0.007293233083	0.1163437315	0.1364817806	1.173090969	0.3921053507	0.381284933
-0.007142857143	0.1200627368	0.141048181	1.174787322	0.404639261	0.3940419447
-0.006992481203	0.1237817421	0.1456145814	1.176381742	0.4171731713	0.4067989564
-0.006842105263	0.1275007475	0.1501809818	1.177883148	0.4297070816	0.4195559681
-0.006691729323	0.1312197528	0.1547473822	1.179299449	0.4422409919	0.4323129797
-0.006541353383	0.1349387582	0.1593137826	1.180637682	0.4547749022	0.4450699914
-0.006390977444	0.1386577635	0.1638801831	1.181904128	0.4673088125	0.4578270031
-0.006240601504	0.1423767688	0.1684465835	1.183104413	0.4798427228	0.4705840148
-0.006090225564	0.1460957742	0.1730129839	1.184243588	0.492376633	0.4833410265
-0.005939849624	0.1498147795	0.1775793843	1.185326206	0.5049105433	0.4960980382
-0.005789473684	0.1535337849	0.1821457847	1.186356376	0.5174444536	0.5088550499
-0.005639097744	0.1572527902	0.1867121851	1.18733782	0.5299783639	0.5216120616
-0.005488721805	0.1609717955	0.1912785855	1.188273914	0.5425122742	0.5343690733
-0.005338345865	0.1646908009	0.1958449859	1.18916773	0.5550461845	0.547126085
-0.005187969925	0.1684098062	0.2004113863	1.19002207	0.5675800948	0.5598830967
-0.005037593985	0.1721288116	0.2049777867	1.190839493	0.5801140051	0.5726401083
-0.004887218045	0.1758478169	0.2095441871	1.19162234	0.5926479154	0.58539712
-0.004736842105	0.1795668222	0.2141105875	1.19237276	0.6051818257	0.5981541317
-0.004586466165	0.1832858276	0.2186769879	1.193092727	0.617715736	0.6109111434
-0.004436090226	0.1870048329	0.2232433883	1.193784058	0.6302496463	0.6236681551
-0.004285714286	0.1907238383	0.2278097887	1.194448427	0.6427835566	0.6364251668
-0.004135338346	0.1944428436	0.2323761891	1.195087383	0.6553174669	0.6491821785
-0.003984962406	0.1981618489	0.2369425895	1.195702355	0.6678513772	0.6619391902
-0.003834586466	0.2018808543	0.2415089899	1.19629467	0.6803852875	0.6746962019
-0.003684210526	0.2055998596	0.2460753903	1.196865556	0.6929191978	0.6874532136
-0.003533834586	0.209318865	0.2506417907	1.197416156	0.7054531081	0.7002102253
-0.003383458647	0.2130378703	0.2552081911	1.197947533	0.7179870184	0.712967237
-0.003233082707	0.2167568757	0.2597745915	1.198460675	0.7305209287	0.7257242486
-0.003082706767	0.220475881	0.2643409919	1.198956506	0.7430548389	0.7384812603
-0.002932330827	0.2241948863	0.2689073923	1.199435887	0.7555887492	0.751238272
-0.002781954887	0.2279138917	0.2734737927	1.199899623	0.7681226595	0.7639952837
-0.002631578947	0.231632897	0.2780401931	1.200348468	0.7806565698	0.7767522954
-0.002481203008	0.2353519024	0.2826065935	1.200783128	0.7931904801	0.7895093071
-0.002330827068	0.2390709077	0.2871729939	1.201204265	0.8057243904	0.8022663188
-0.002180451128	0.242789913	0.2917393943	1.2016125	0.8182583007	0.8150233305
-0.002030075188	0.2465089184	0.2963057947	1.202008417	0.830792211	0.8277803422
-0.001879699248	0.2502279237	0.3008721951	1.202392565	0.8433261213	0.8405373539
-0.001729323308	0.2539469291	0.3054385955	1.202765462	0.8558600316	0.8532943656
-0.001578947368	0.2576659344	0.3100049959	1.203127595	0.8683939419	0.8660513772
-0.001428571429	0.2613849397	0.3145713963	1.203479422	0.8809278522	0.8788083889
-0.001278195489	0.2651039451	0.3191377967	1.203821379	0.8934617625	0.8915654006
-0.001127819549	0.2688229504	0.3237041971	1.204153874	0.9059956728	0.9043224123
-0.000977443609	0.2725419558	0.3282705975	1.204477294	0.9185295831	0.917079424
-0.0008270676692	0.2762609611	0.3328369979	1.204792007	0.9310634934	0.9298364357
-0.0006766917293	0.2799799664	0.3374033983	1.20509836	0.9435974037	0.9425934474
-0.0005263157895	0.2836989718	0.3419697987	1.20539668	0.956131314	0.9553504591
-0.0003759398496	0.2874179771	0.3465361991	1.20568728	0.9686652243	0.9681074708
-0.0002255639098	0.2911369825	0.3511025995	1.205970456	0.9811991346	0.9808644825
-7.518796992e-05	0.2948559878	0.3556689999	1.206246489	0.9937330449	0.9936214942
7.518796992e-05	0.2985749932	0.3602354003	1.206515645	1.006266955	1.006378506
0.0002255639098	0.3022939985	0.3648018007	1.206778178	1.018800865	1.019135518
0.0003759398496	0.3060130038	0.3693682011	1.20703433	1.031334776	1.031892529
0.0005263157895	0.3097320092	0.3739346015	1.207284331	1.043868686	1.044649541
0.0006766917293	0.3134510145	0.3785010019	1.2075284	1.056402596	1.057406553
0.0008270676692	0.3171700199	0.3830674023	1.207766745	1.068936507	1.070163564
0.000977443609	0.3208890252	0.3876338027	1.207999565	1.081470417	1.082920576
0.001127819549	0.3246080305	0.3922002031	1.20822705	1.094004327	1.095677588
0.001278195489	0.3283270359	0.3967666036	1.208449382	1.106538238	1.108434599
0.001428571429	0.3320460412	0.401333004	1.208666733	1.119072148	1.121191611
0.001578947368	0.3357650466	0.4058994044	1.20887927	1.131606058	1.133948623
0.001729323308	0.3394840519	0.4104658048	1.20908715	1.144139968	1.146705634
0.001879699248	0.3432030572	0.4150322052	1.209290525	1.156673879	1.159462646
0.002030075188	0.3469220626	0.4195986056	1.209489539	1.169207789	1.172219658
0.002180451128	0.3506410679	0.424165006	1.209684332	1.181741699	1.18497667
0.002330827068	0.3543600733	0.4287314064	1.209875036	1.19427561	1.197733681
0.002481203008	0.3580790786	0.4332978068	1.210061779	1.20680952	1.210490693
0.002631578947	0.3617980839	0.4378642072	1.210244682	1.21934343	1.223247705
0.002781954887	0.3655170893	0.4424306076	1.210423864	1.23187734	1.236004716
0.002932330827	0.3692360946	0.446997008	1.210599436	1.244411251	1.248761728
0.003082706767	0.3729551	0.4515634084	1.210771507	1.256945161	1.26151874
0.003233082707	0.3766741053	0.4561298088	1.21094018	1.269479071	1.274275751
0.003383458647	0.3803931107	0.4606962092	1.211105554	1.282012982	1.287032763
0.003533834586	0.384112116	0.4652626096	1.211267727	1.294546892	1.299789775
0.003684210526	0.3878311213	0.46982901	1.211426789	1.307080802	1.312546786
0.003834586466	0.3915501267	0.4743954104	1.21158283	1.319614713	1.325303798
0.003984962406	0.395269132	0.4789618108	1.211735934	1.332148623	1.33806081
0.004135338346	0.3989881374	0.4835282112	1.211886184	1.344682533	1.350817822
0.004285714286	0.4027071427	0.4880946116	1.212033659	1.357216443	1.363574833
0.004436090226	0.406426148	0.492661012	1.212178435	1.369750354	1.376331845
0.004586466165	0.4101451534	0.4972274124	1.212320585	1.382284264	1.389088857
0.004736842105	0.4138641587	0.5017938128	1.212460181	1.394818174	1.401845868
0.004887218045	0.4175831641	0.5063602132	1.21259729	1.407352085	1.41460288
0.005037593985	0.4213021694	0.5109266136	1.212731979	1.419885995	1.427359892
0.005187969925	0.4250211747	0.515493014	1.21286431	1.432419905	1.440116903
0.005338345865	0.4287401801	0.5200594144	1.212994346	1.444953815	1.452873915
0.005488721805	0.4324591854	0.5246258148	1.213122145	1.457487726	1.465630927
0.005639097744	0.4361781908	0.5291922152	1.213247765	1.470021636	1.478387938
0.005789473684	0.4398971961	0.5337586156	1.213371261	1.482555546	1.49114495
0.005939849624	0.4436162014	0.538325016	1.213492686	1.495089457	1.503901962
0.006090225564	0.4473352068	0.5428914164	1.213612093	1.507623367	1.516658973
0.006240601504	0.4510542121	0.5474578168	1.21372953	1.520157277	1.529415985
0.006390977444	0.4547732175	0.5520242172	1.213845046	1.532691188	1.542172997
0.006541353383	0.4584922228	0.5565906176	1.213958689	1.545225098	1.554930009
0.006691729323	0.4622112282	0.561157018	1.214070502	1.557759008	1.56768702
0.006842105263	0.4659302335	0.5657234184	1.214180531	1.570292918	1.580444032
0.006992481203	0.4696492388	0.5702898188	1.214288817	1.582826829	1.593201044
0.007142857143	0.4733682442	0.5748562192	1.214395402	1.595360739	1.605958055
0.007293233083	0.4770872495	0.5794226196	1.214500325	1.607894649	1.618715067
0.007443609023	0.4808062549	0.58398902	1.214603625	1.62042856	1.631472079
0.007593984962	0.4845252602	0.5885554204	1.214705339	1.63296247	1.64422909
0.007744360902	0.4882442655	0.5931218208	1.214805504	1.64549638	1.656986102
0.007894736842	0.4919632709	0.5976882212	1.214904154	1.65803029	1.669743114
0.008045112782	0.4956822762	0.6022546216	1.215001323	1.670564201	1.682500125
0.008195488722	0.4994012816	0.606821022	1.215097046	1.683098111	1.695257137
0.008345864662	0.5031202869	0.6113874224	1.215191354	1.695632021	1.708014149
0.008496240602	0.5068392922	0.6159538228	1.215284277	1.708165932	1.720771161
0.008646616541	0.5105582976	0.6205202232	1.215375847	1.720699842	1.733528172
0.008796992481	0.5142773029	0.6250866236	1.215466092	1.733233752	1.746285184
0.008947368421	0.5179963083	0.6296530241	1.215555042	1.745767663	1.759042196
0.009097744361	0.5217153136	0.6342194245	1.215642723	1.758301573	1.771799207
0.009248120301	0.5254343189	0.6387858249	1.215729163	1.770835483	1.784556219
0.009398496241	0.5291533243	0.6433522253	1.215814388	1.783369393	1.797313231
0.00954887218	0.5328723296	0.6479186257	1.215898424	1.795903304	1.810070242
0.00969924812	0.536591335	0.6524850261	1.215981294	1.808437214	1.822827254
0.00984962406	0.5403103403	0.6570514265	1.216063024	1.820971124	1.835584266
0.01	0.5440293457	0.6616178269	1.216143637	1.833505035	1.848341277
0.01015037594	0.547748351	0.6661842273	1.216223154	1.846038945	1.861098289
0.01030075188	0.5514673563	0.6707506277	1.2163016	1.858572855	1.873855301
0.01045112782	0.5551863617	0.6753170281	1.216378994	1.871106766	1.886612313
0.01060150376	0.558905367	0.6798834285	1.216455358	1.883640676	1.899369324
0.0107518797	0.5626243724	0.6844498289	1.216530713	1.896174586	1.912126336
0.01090225564	0.5663433777	0.6890162293	1.216605078	1.908708496	1.924883348
0.01105263158	0.570062383	0.6935826297	1.216678473	1.921242407	1.937640359
0.01120300752	0.5737813884	0.6981490301	1.216750916	1.933776317	1.950397371
0.01135338346	0.5775003937	0.7027154305	1.216822427	1.946310227	1.963154383
0.0115037594	0.5812193991	0.7072818309	1.216893022	1.958844138	1.975911394
0.01165413534	0.5849384044	0.7118482313	1.216962719	1.971378048	1.988668406
0.01180451128	0.5886574097	0.7164146317	1.217031536	1.983911958	2.001425418
0.01195488722	0.5923764151	0.7209810321	1.217099489	1.996445868	2.014182429
0.01210526316	0.5960954204	0.7255474325	1.217166594	2.008979779	2.026939441
0.0122556391	0.5998144258	0.7301138329	1.217232867	2.021513689	2.039696453
0.01240601504	0.6035334311	0.7346802333	1.217298323	2.034047599	2.052453465
0.01255639098	0.6072524364	0.7392466337	1.217362977	2.04658151	2.065210476
0.01270676692	0.6109714418	0.7438130341	1.217426844	2.05911542	2.077967488
0.01285714286	0.6146904471	0.7483794345	1.217489938	2.07164933	2.0907245
0.0130075188	0.6184094525	0.7529458349	1.217552274	2.084183241	2.103481511
0.01315789474	0.6221284578	0.7575122353	1.217613864	2.096717151	2.116238523
0.01330827068	0.6258474632	0.7620786357	1.217674722	2.109251061	2.128995535
0.01345864662	0.6295664685	0.7666450361	1.217734861	2.121784971	2.141752546
0.01360902256	0.6332854738	0.7712114365	1.217794294	2.134318882	2.154509558
0.0137593985	0.6370044792	0.7757778369	1.217853033	2.146852792	2.16726657
0.01390977444	0.6407234845	0.7803442373	1.21791109	2.159386702	2.180023581
0.01406015038	0.6444424899	0.7849106377	1.217968477	2.171920613	2.192780593
0.01421052632	0.6481614952	0.7894770381	1.218025205	2.184454523	2.205537605
0.01436090226	0.6518805005	0.7940434385	1.218081286	2.196988433	2.218294617
0.0145112782	0.6555995059	0.7986098389	1.218136731	2.209522343	2.231051628
0.01466165414	0.6593185112	0.8031762393	1.21819155	2.222056254	2.24380864
0.01481203008	0.6630375166	0.8077426397	1.218245755	2.234590164	2.256565652
0.01496240602	0.6667565219	0.8123090401	1.218299354	2.247124074	2.269322663
0.01511278195	0.6704755272	0.8168754405	1.218352359	2.259657985	2.282079675
0.01526315789	0.6741945326	0.8214418409	1.21840478	2.272191895	2.294836687
0.01541353383	0.6779135379	0.8260082413	1.218456625	2.284725805	2.307593698
0.01556390977	0.6816325433	0.8305746417	1.218507904	2.297259716	2.32035071
0.01571428571	0.6853515486	0.8351410421	1.218558627	2.309793626	2.333107722
0.01586466165	0.6890705539	0.8397074425	1.218608802	2.322327536	2.345864733
0.01601503759	0.6927895593	0.8442738429	1.218658439	2.334861446	2.358621745
0.01616541353	0.6965085646	0.8488402433	1.218707546	2.347395357	2.371378757
0.01631578947	0.70022757	0.8534066437	1.218756131	2.359929267	2.384135768
0.01646616541	0.7039465753	0.8579730441	1.218804202	2.372463177	2.39689278
0.01661654135	0.7076655807	0.8625394446	1.218851769	2.384997088	2.409649792
0.01676691729	0.711384586	0.867105845	1.218898838	2.397530998	2.422406804
0.01691729323	0.7151035913	0.8716722454	1.218945417	2.410064908	2.435163815
0.01706766917	0.7188225967	0.8762386458	1.218991514	2.422598818	2.447920827
0.01721804511	0.722541602	0.8808050462	1.219037137	2.435132729	2.460677839
0.01736842105	0.7262606074	0.8853714466	1.219082293	2.447666639	2.47343485
0.01751879699	0.7299796127	0.889937847	1.219126989	2.460200549	2.486191862
0.01766917293	0.733698618	0.8945042474	1.219171231	2.47273446	2.498948874
0.01781954887	0.7374176234	0.8990706478	1.219215027	2.48526837	2.511705885
0.01796992481	0.7411366287	0.9036370482	1.219258384	2.49780228	2.524462897
0.01812030075	0.7448556341	0.9082034486	1.219301308	2.510336191	2.537219909
0.01827067669	0.7485746394	0.912769849	1.219343805	2.522870101	2.54997692
0.01842105263	0.7522936447	0.9173362494	1.219385882	2.535404011	2.562733932
0.01857142857	0.7560126501	0.9219026498	1.219427545	2.547937921	2.575490944
0.01872180451	0.7597316554	0.9264690502	1.2194688	2.560471832	2.588247956
0.01887218045	0.7634506608	0.9310354506	1.219509653	2.573005742	2.601004967
0.01902255639	0.7671696661	0.935601851	1.21955011	2.585539652	2.613761979
0.01917293233	0.7708886714	0.9401682514	1.219590177	2.598073563	2.626518991
0.01932330827	0.7746076768	0.9447346518	1.219629859	2.610607473	2.639276002
0.01947368421	0.7783266821	0.9493010522	1.219669162	2.623141383	2.652033014
0.01962406015	0.7820456875	0.9538674526	1.219708091	2.635675294	2.664790026
0.01977443609	0.7857646928	0.958433853	1.219746652	2.648209204	2.677547037
0.01992481203	0.7894836982	0.9630002534	1.219784849	2.660743114	2.690304049
0.02007518797	0.7932027035	0.9675666538	1.219822688	2.673277024	2.703061061
0.02022556391	0.7969217088	0.9721330542	1.219860174	2.685810935	2.715818072
0.02037593985	0.8006407142	0.9766994546	1.219897311	2.698344845	2.728575084
0.02052631579	0.8043597195	0.981265855	1.219934106	2.710878755	2.741332096
0.02067669173	0.8080787249	0.9858322554	1.219970561	2.723412666	2.754089108
0.02082706767	0.8117977302	0.9903986558	1.220006683	2.735946576	2.766846119
0.02097744361	0.8155167355	0.9949650562	1.220042475	2.748480486	2.779603131
0.02112781955	0.8192357409	0.9995314566	1.220077942	2.761014396	2.792360143
0.02127819549	0.8229547462	1.004097857	1.220113088	2.773548307	2.805117154
0.02142857143	0.8266737516	1.008664257	1.220147919	2.786082217	2.817874166
0.02157894737	0.8303927569	1.013230658	1.220182437	2.798616127	2.830631178
0.02172932331	0.8341117622	1.017797058	1.220216648	2.811150038	2.843388189
0.02187969925	0.8378307676	1.022363459	1.220250554	2.823683948	2.856145201
0.02203007519	0.8415497729	1.026929859	1.220284162	2.836217858	2.868902213
0.02218045113	0.8452687783	1.031496259	1.220317473	2.848751769	2.881659224
0.02233082707	0.8489877836	1.03606266	1.220350492	2.861285679	2.894416236
0.02248120301	0.8527067889	1.04062906	1.220383224	2.873819589	2.907173248
0.02263157895	0.8564257943	1.045195461	1.220415671	2.886353499	2.91993026
0.02278195489	0.8601447996	1.049761861	1.220447838	2.89888741	2.932687271
0.02293233083	0.863863805	1.054328261	1.220479728	2.91142132	2.945444283
0.02308270677	0.8675828103	1.058894662	1.220511344	2.92395523	2.958201295
0.02323308271	0.8713018157	1.063461062	1.22054269	2.936489141	2.970958306
0.02338345865	0.875020821	1.068027463	1.22057377	2.949023051	2.983715318
0.02353383459	0.8787398263	1.072593863	1.220604587	2.961556961	2.99647233
0.02368421053	0.8824588317	1.077160263	1.220635144	2.974090871	3.009229341
0.02383458647	0.886177837	1.081726664	1.220665445	2.986624782	3.021986353
0.02398496241	0.8898968424	1.086293064	1.220695492	2.999158692	3.034743365
0.02413533835	0.8936158477	1.090859465	1.22072529	3.011692602	3.047500376
0.02428571429	0.897334853	1.095425865	1.22075484	3.024226513	3.060257388
0.02443609023	0.9010538584	1.099992265	1.220784147	3.036760423	3.0730144
0.02458646617	0.9047728637	1.104558666	1.220813212	3.049294333	3.085771411
0.02473684211	0.9084918691	1.109125066	1.220842039	3.061828244	3.098528423
0.02488721805	0.9122108744	1.113691467	1.220870632	3.074362154	3.111285435
0.02503759398	0.9159298797	1.118257867	1.220898992	3.086896064	3.124042447
0.02518796992	0.9196488851	1.122824267	1.220927123	3.099429974	3.136799458
0.02533834586	0.9233678904	1.127390668	1.220955027	3.111963885	3.14955647
0.0254887218	0.9270868958	1.131957068	1.220982708	3.124497795	3.162313482
0.02563909774	0.9308059011	1.136523469	1.221010167	3.137031705	3.175070493
0.02578947368	0.9345249064	1.141089869	1.221037408	3.149565616	3.187827505
0.02593984962	0.9382439118	1.145656269	1.221064432	3.162099526	3.200584517
0.02609022556	0.9419629171	1.15022267	1.221091244	3.174633436	3.213341528
0.0262406015	0.9456819225	1.15478907	1.221117844	3.187167347	3.22609854
0.02639097744	0.9494009278	1.159355471	1.221144236	3.199701257	3.238855552
0.02654135338	0.9531199332	1.163921871	1.221170422	3.212235167	3.251612563
0.02669172932	0.9568389385	1.168488271	1.221196405	3.224769077	3.264369575
0.02684210526	0.9605579438	1.173054672	1.221222186	3.237302988	3.277126587
0.0269924812	0.9642769492	1.177621072	1.221247768	3.249836898	3.289883599
0.02714285714	0.9679959545	1.182187473	1.221273154	3.262370808	3.30264061
0.02729323308	0.9717149599	1.186753873	1.221298346	3.274904719	3.315397622
0.02744360902	0.9754339652	1.191320273	1.221323345	3.287438629	3.328154634
0.02759398496	0.9791529705	1.195886674	1.221348155	3.299972539	3.340911645
0.0277443609	0.9828719759	1.200453074	1.221372777	3.312506449	3.353668657
0.02789473684	0.9865909812	1.205019475	1.221397213	3.32504036	3.366425669
0.02804511278	0.9903099866	1.209585875	1.221421466	3.33757427	3.37918268
0.02819548872	0.9940289919	1.214152276	1.221445537	3.35010818	3.391939692
0.02834586466	0.9977479972	1.218718676	1.221469428	3.362642091	3.404696704
0.0284962406	1.001467003	1.223285076	1.221493143	3.375176001	3.417453715
0.02864661654	1.005186008	1.227851477	1.221516682	3.387709911	3.430210727
0.02879699248	1.008905013	1.232417877	1.221540047	3.400243822	3.442967739
0.02894736842	1.012624019	1.236984278	1.22156324	3.412777732	3.455724751
0.02909774436	1.016343024	1.241550678	1.221586264	3.425311642	3.468481762
0.0292481203	1.020062029	1.246117078	1.22160912	3.437845552	3.481238774
0.02939849624	1.023781035	1.250683479	1.22163181	3.450379463	3.493995786
0.02954887218	1.02750004	1.255249879	1.221654336	3.462913373	3.506752797
0.02969924812	1.031219045	1.25981628	1.221676699	3.475447283	3.519509809
0.02984962406	1.034938051	1.26438268	1.221698902	3.487981194	3.532266821
0.03	1.038657056	1.26894908	1.221720945	3.500515104	3.545023832
0.03015037594	1.042376061	1.273515481	1.221742832	3.513049014	3.557780844
0.03030075188	1.046095067	1.278081881	1.221764562	3.525582924	3.570537856
0.03045112782	1.049814072	1.282648282	1.221786139	3.538116835	3.583294867
0.03060150376	1.053533077	1.287214682	1.221807563	3.550650745	3.596051879
0.0307518797	1.057252083	1.291781082	1.221828837	3.563184655	3.608808891
0.03090225564	1.060971088	1.296347483	1.221849961	3.575718566	3.621565903
0.03105263158	1.064690093	1.300913883	1.221870938	3.588252476	3.634322914
0.03120300752	1.068409099	1.305480284	1.221891769	3.600786386	3.647079926
0.03135338346	1.072128104	1.310046684	1.221912455	3.613320297	3.659836938
0.0315037594	1.075847109	1.314613084	1.221932999	3.625854207	3.672593949
0.03165413534	1.079566115	1.319179485	1.2219534	3.638388117	3.685350961
0.03180451128	1.08328512	1.323745885	1.221973662	3.650922027	3.698107973
0.03195488722	1.087004125	1.328312286	1.221993785	3.663455938	3.710864984
0.03210526316	1.090723131	1.332878686	1.222013771	3.675989848	3.723621996
0.0322556391	1.094442136	1.337445086	1.222033621	3.688523758	3.736379008
0.03240601504	1.098161141	1.342011487	1.222053336	3.701057669	3.749136019
0.03255639098	1.101880147	1.346577887	1.222072919	3.713591579	3.761893031
0.03270676692	1.105599152	1.351144288	1.22209237	3.726125489	3.774650043
0.03285714286	1.109318157	1.355710688	1.22211169	3.738659399	3.787407055
0.0330075188	1.113037163	1.360277088	1.222130881	3.75119331	3.800164066
0.03315789474	1.116756168	1.364843489	1.222149944	3.76372722	3.812921078
0.03330827068	1.120475173	1.369409889	1.222168881	3.77626113	3.82567809
0.03345864662	1.124194179	1.37397629	1.222187693	3.788795041	3.838435101
0.03360902256	1.127913184	1.37854269	1.22220638	3.801328951	3.851192113
0.0337593985	1.13163219	1.38310909	1.222224945	3.813862861	3.863949125
0.03390977444	1.135351195	1.387675491	1.222243388	3.826396772	3.876706136
0.03406015038	1.1390702	1.392241891	1.22226171	3.838930682	3.889463148
0.03421052632	1.142789206	1.396808292	1.222279914	3.851464592	3.90222016
0.03436090226	1.146508211	1.401374692	1.222297999	3.863998502	3.914977171
0.0345112782	1.150227216	1.405941092	1.222315967	3.876532413	3.927734183
0.03466165414	1.153946222	1.410507493	1.22233382	3.889066323	3.940491195
0.03481203008	1.157665227	1.415073893	1.222351558	3.901600233	3.953248206
0.03496240602	1.161384232	1.419640294	1.222369182	3.914134144	3.966005218
0.03511278195	1.165103238	1.424206694	1.222386693	3.926668054	3.97876223
0.03526315789	1.168822243	1.428773094	1.222404094	3.939201964	3.991519242
0.03541353383	1.172541248	1.433339495	1.222421383	3.951735875	4.004276253
0.03556390977	1.176260254	1.437905895	1.222438564	3.964269785	4.017033265
0.03571428571	1.179979259	1.442472296	1.222455636	3.976803695	4.029790277
0.03586466165	1.183698264	1.447038696	1.222472601	3.989337605	4.042547288
0.03601503759	1.18741727	1.451605096	1.22248946	4.001871516	4.0553043
0.03616541353	1.191136275	1.456171497	1.222506213	4.014405426	4.068061312
0.03631578947	1.19485528	1.460737897	1.222522862	4.026939336	4.080818323
0.03646616541	1.198574286	1.465304298	1.222539408	4.039473247	4.093575335
0.03661654135	1.202293291	1.469870698	1.222555851	4.052007157	4.106332347
0.03676691729	1.206012296	1.474437098	1.222572193	4.064541067	4.119089358
0.03691729323	1.209731302	1.479003499	1.222588435	4.077074977	4.13184637
0.03706766917	1.213450307	1.483569899	1.222604577	4.089608888	4.144603382
0.03721804511	1.217169312	1.4881363	1.22262062	4.102142798	4.157360394
0.03736842105	1.220888318	1.4927027	1.222636566	4.114676708	4.170117405
0.03751879699	1.224607323	1.4972691	1.222652415	4.127210619	4.182874417
0.03766917293	1.228326328	1.501835501	1.222668167	4.139744529	4.195631429
0.03781954887	1.232045334	1.506401901	1.222683825	4.152278439	4.20838844
0.03796992481	1.235764339	1.510968302	1.222699388	4.16481235	4.221145452
0.03812030075	1.239483344	1.515534702	1.222714858	4.17734626	4.233902464
0.03827067669	1.24320235	1.520101102	1.222730236	4.18988017	4.246659475
0.03842105263	1.246921355	1.524667503	1.222745522	4.20241408	4.259416487
0.03857142857	1.25064036	1.529233903	1.222760717	4.214947991	4.272173499
0.03872180451	1.254359366	1.533800304	1.222775821	4.227481901	4.28493051
0.03887218045	1.258078371	1.538366704	1.222790837	4.240015811	4.297687522
0.03902255639	1.261797376	1.542933104	1.222805764	4.252549722	4.310444534
0.03917293233	1.265516382	1.547499505	1.222820603	4.265083632	4.323201546
0.03932330827	1.269235387	1.552065905	1.222835355	4.277617542	4.335958557
0.03947368421	1.272954392	1.556632306	1.222850021	4.290151452	4.348715569
0.03962406015	1.276673398	1.561198706	1.222864602	4.302685363	4.361472581
0.03977443609	1.280392403	1.565765106	1.222879098	4.315219273	4.374229592
0.03992481203	1.284111408	1.570331507	1.222893509	4.327753183	4.386986604
0.04007518797	1.287830414	1.574897907	1.222907838	4.340287094	4.399743616
0.04022556391	1.291549419	1.579464308	1.222922084	4.352821004	4.412500627
0.04037593985	1.295268425	1.584030708	1.222936249	4.365354914	4.425257639
0.04052631579	1.29898743	1.588597108	1.222950332	4.377888825	4.438014651
0.04067669173	1.302706435	1.593163509	1.222964335	4.390422735	4.450771662
0.04082706767	1.306425441	1.597729909	1.222978258	4.402956645	4.463528674
0.04097744361	1.310144446	1.60229631	1.222992102	4.415490555	4.476285686
0.04112781955	1.313863451	1.60686271	1.223005868	4.428024466	4.489042698
0.04127819549	1.317582457	1.61142911	1.223019556	4.440558376	4.501799709
0.04142857143	1.321301462	1.615995511	1.223033167	4.453092286	4.514556721
0.04157894737	1.325020467	1.620561911	1.223046701	4.465626197	4.527313733
0.04172932331	1.328739473	1.625128312	1.22306016	4.478160107	4.540070744
0.04187969925	1.332458478	1.629694712	1.223073543	4.490694017	4.552827756
0.04203007519	1.336177483	1.634261112	1.223086853	4.503227927	4.565584768
0.04218045113	1.339896489	1.638827513	1.223100088	4.515761838	4.578341779
0.04233082707	1.343615494	1.643393913	1.22311325	4.528295748	4.591098791
0.04248120301	1.347334499	1.647960314	1.223126339	4.540829658	4.603855803
0.04263157895	1.351053505	1.652526714	1.223139356	4.553363569	4.616612814
0.04278195489	1.35477251	1.657093114	1.223152302	4.565897479	4.629369826
0.04293233083	1.358491515	1.661659515	1.223165177	4.578431389	4.642126838
0.04308270677	1.362210521	1.666225915	1.223177982	4.5909653	4.65488385
0.04323308271	1.365929526	1.670792316	1.223190717	4.60349921	4.667640861
0.04338345865	1.369648531	1.675358716	1.223203382	4.61603312	4.680397873
0.04353383459	1.373367537	1.679925117	1.223215979	4.62856703	4.693154885
0.04368421053	1.377086542	1.684491517	1.223228509	4.641100941	4.705911896
0.04383458647	1.380805547	1.689057917	1.22324097	4.653634851	4.718668908
0.04398496241	1.384524553	1.693624318	1.223253365	4.666168761	4.73142592
0.04413533835	1.388243558	1.698190718	1.223265693	4.678702672	4.744182931
0.04428571429	1.391962563	1.702757119	1.223277955	4.691236582	4.756939943
0.04443609023	1.395681569	1.707323519	1.223290152	4.703770492	4.769696955
0.04458646617	1.399400574	1.711889919	1.223302285	4.716304403	4.782453966
0.04473684211	1.403119579	1.71645632	1.223314352	4.728838313	4.795210978
0.04488721805	1.406838585	1.72102272	1.223326357	4.741372223	4.80796799
0.04503759398	1.41055759	1.725589121	1.223338297	4.753906133	4.820725001
0.04518796992	1.414276595	1.730155521	1.223350175	4.766440044	4.833482013
0.04533834586	1.417995601	1.734721921	1.223361991	4.778973954	4.846239025
0.0454887218	1.421714606	1.739288322	1.223373745	4.791507864	4.858996037
0.04563909774	1.425433611	1.743854722	1.223385437	4.804041775	4.871753048
0.04578947368	1.429152617	1.748421123	1.223397069	4.816575685	4.88451006
0.04593984962	1.432871622	1.752987523	1.22340864	4.829109595	4.897267072
0.04609022556	1.436590627	1.757553923	1.223420152	4.841643505	4.910024083
0.0462406015	1.440309633	1.762120324	1.223431604	4.854177416	4.922781095
0.04639097744	1.444028638	1.766686724	1.223442997	4.866711326	4.935538107
0.04654135338	1.447747643	1.771253125	1.223454331	4.879245236	4.948295118
0.04669172932	1.451466649	1.775819525	1.223465607	4.891779147	4.96105213
0.04684210526	1.455185654	1.780385925	1.223476826	4.904313057	4.973809142
0.0469924812	1.45890466	1.784952326	1.223487987	4.916846967	4.986566153
0.04714285714	1.462623665	1.789518726	1.223499092	4.929380878	4.999323165
0.04729323308	1.46634267	1.794085127	1.223510141	4.941914788	5.012080177
0.04744360902	1.470061676	1.798651527	1.223521133	4.954448698	5.024837189
0.04759398496	1.473780681	1.803217927	1.22353207	4.966982608	5.0375942
0.0477443609	1.477499686	1.807784328	1.223542952	4.979516519	5.050351212
0.04789473684	1.481218692	1.812350728	1.223553779	4.992050429	5.063108224
0.04804511278	1.484937697	1.816917129	1.223564552	5.004584339	5.075865235
0.04819548872	1.488656702	1.821483529	1.223575272	5.01711825	5.088622247
0.04834586466	1.492375708	1.826049929	1.223585938	5.02965216	5.101379259
0.0484962406	1.496094713	1.83061633	1.22359655	5.04218607	5.11413627
0.04864661654	1.499813718	1.83518273	1.223607111	5.05471998	5.126893282
0.04879699248	1.503532724	1.839749131	1.223617618	5.067253891	5.139650294
0.04894736842	1.507251729	1.844315531	1.223628075	5.079787801	5.152407305
0.04909774436	1.510970734	1.848881931	1.223638479	5.092321711	5.165164317
0.0492481203	1.51468974	1.853448332	1.223648833	5.104855622	5.177921329
0.04939849624	1.518408745	1.858014732	1.223659135	5.117389532	5.190678341
0.04954887218	1.52212775	1.862581133	1.223669388	5.129923442	5.203435352
0.04969924812	1.525846756	1.867147533	1.22367959	5.142457353	5.216192364
0.04984962406	1.529565761	1.871713933	1.223689743	5.154991263	5.228949376
0.05	1.533284766	1.876280334	1.223699847	5.167525173	5.241706387
