# VHH-NNLO SMEFT scan points
# process: WminusHH
# energy_tev: 13.6
# scan_axis: phiq3st
# fixed_wcs: phi=0,phiBox=0,phiD=0,phiW=0,phiq3st=0
#
phiq3st	sigma_lo	sigma_nnlo	k	sigma_smeft_over_sm_lo	sigma_smeft_over_sm_nnlo
-0.01	0.04050594489	0.0442069718	1.091369969	0.2533316711	0.236230567
-0.00984962406	0.042301238	0.04635626321	1.095860675	0.2645597663	0.2477158216
-0.00969924812	0.04409653111	0.04850555462	1.099985722	0.2757878614	0.2592010762
-0.00954887218	0.04589182423	0.05065484603	1.103788025	0.2870159566	0.2706863309
-0.009398496241	0.04768711734	0.05280413743	1.107304035	0.2982440518	0.2821715855
-0.009248120301	0.04948241045	0.05495342884	1.110564913	0.3094721469	0.2936568401
-0.009097744361	0.05127770356	0.05710272025	1.113597456	0.3207002421	0.3051420948
-0.008947368421	0.05307299668	0.05925201166	1.116424837	0.3319283373	0.3166273494
-0.008796992481	0.05486828979	0.06140130306	1.119067193	0.3431564325	0.328112604
-0.008646616541	0.0566635829	0.06355059447	1.121542113	0.3543845276	0.3395978586
-0.008496240602	0.05845887601	0.06569988588	1.12386502	0.3656126228	0.3510831133
-0.008345864662	0.06025416912	0.06784917728	1.126049504	0.376840718	0.3625683679
-0.008195488722	0.06204946224	0.06999846869	1.12810758	0.3880688131	0.3740536225
-0.008045112782	0.06384475535	0.0721477601	1.130049911	0.3992969083	0.3855388772
-0.007894736842	0.06564004846	0.07429705151	1.131885994	0.4105250035	0.3970241318
-0.007744360902	0.06743534157	0.07644634291	1.133624315	0.4217530987	0.4085093864
-0.007593984962	0.06923063469	0.07859563432	1.13527248	0.4329811938	0.4199946411
-0.007443609023	0.0710259278	0.08074492573	1.136837324	0.444209289	0.4314798957
-0.007293233083	0.07282122091	0.08289421713	1.138325012	0.4554373842	0.4429651503
-0.007142857143	0.07461651402	0.08504350854	1.13974111	0.4666654793	0.454450405
-0.006992481203	0.07641180714	0.08719279995	1.141090667	0.4778935745	0.4659356596
-0.006842105263	0.07820710025	0.08934209136	1.142378263	0.4891216697	0.4774209142
-0.006691729323	0.08000239336	0.09149138276	1.143608071	0.5003497649	0.4889061689
-0.006541353383	0.08179768647	0.09364067417	1.144783896	0.51157786	0.5003914235
-0.006390977444	0.08359297958	0.09578996558	1.145909215	0.5228059552	0.5118766781
-0.006240601504	0.0853882727	0.09793925699	1.146987214	0.5340340504	0.5233619328
-0.006090225564	0.08718356581	0.1000885484	1.148020816	0.5452621455	0.5348471874
-0.005939849624	0.08897885892	0.1022378398	1.14901271	0.5564902407	0.546332442
-0.005789473684	0.09077415203	0.1043871312	1.149965369	0.5677183359	0.5578176967
-0.005639097744	0.09256944515	0.1065364226	1.150881076	0.5789464311	0.5693029513
-0.005488721805	0.09436473826	0.108685714	1.15176194	0.5901745262	0.5807882059
-0.005338345865	0.09616003137	0.1108350054	1.152609913	0.6014026214	0.5922734606
-0.005187969925	0.09795532448	0.1129842968	1.153426804	0.6126307166	0.6037587152
-0.005037593985	0.0997506176	0.1151335882	1.15421429	0.6238588118	0.6152439698
-0.004887218045	0.1015459107	0.1172828797	1.154973931	0.6350869069	0.6267292245
-0.004736842105	0.1033412038	0.1194321711	1.155707178	0.6463150021	0.6382144791
-0.004586466165	0.1051364969	0.1215814625	1.156415384	0.6575430973	0.6496997337
-0.004436090226	0.10693179	0.1237307539	1.157099809	0.6687711924	0.6611849884
-0.004285714286	0.1087270832	0.1258800453	1.157761632	0.6799992876	0.672670243
-0.004135338346	0.1105223763	0.1280293367	1.158401955	0.6912273828	0.6841554976
-0.003984962406	0.1123176694	0.1301786281	1.159021807	0.702455478	0.6956407522
-0.003834586466	0.1141129625	0.1323279195	1.159622155	0.7136835731	0.7071260069
-0.003684210526	0.1159082556	0.1344772109	1.160203906	0.7249116683	0.7186112615
-0.003533834586	0.1177035487	0.1366265023	1.160767911	0.7361397635	0.7300965161
-0.003383458647	0.1194988418	0.1387757937	1.161314968	0.7473678586	0.7415817708
-0.003233082707	0.1212941349	0.1409250851	1.161845832	0.7585959538	0.7530670254
-0.003082706767	0.1230894281	0.1430743765	1.16236121	0.769824049	0.76455228
-0.002932330827	0.1248847212	0.1452236679	1.16286177	0.7810521442	0.7760375347
-0.002781954887	0.1266800143	0.1473729594	1.163348143	0.7922802393	0.7875227893
-0.002631578947	0.1284753074	0.1495222508	1.163820922	0.8035083345	0.7990080439
-0.002481203008	0.1302706005	0.1516715422	1.164280671	0.8147364297	0.8104932986
-0.002330827068	0.1320658936	0.1538208336	1.16472792	0.8259645248	0.8219785532
-0.002180451128	0.1338611867	0.155970125	1.165163172	0.83719262	0.8334638078
-0.002030075188	0.1356564798	0.1581194164	1.165586904	0.8484207152	0.8449490625
-0.001879699248	0.137451773	0.1602687078	1.165999567	0.8596488104	0.8564343171
-0.001729323308	0.1392470661	0.1624179992	1.16640159	0.8708769055	0.8679195717
-0.001578947368	0.1410423592	0.1645672906	1.166793377	0.8821050007	0.8794048264
-0.001428571429	0.1428376523	0.166716582	1.167175316	0.8933330959	0.890890081
-0.001278195489	0.1446329454	0.1688658734	1.167547774	0.904561191	0.9023753356
-0.001127819549	0.1464282385	0.1710151648	1.167911098	0.9157892862	0.9138605903
-0.000977443609	0.1482235316	0.1731644562	1.168265621	0.9270173814	0.9253458449
-0.0008270676692	0.1500188247	0.1753137476	1.168611659	0.9382454766	0.9368310995
-0.0006766917293	0.1518141179	0.1774630391	1.168949512	0.9494735717	0.9483163542
-0.0005263157895	0.153609411	0.1796123305	1.169279469	0.9607016669	0.9598016088
-0.0003759398496	0.1554047041	0.1817616219	1.169601802	0.9719297621	0.9712868634
-0.0002255639098	0.1571999972	0.1839109133	1.169916772	0.9831578572	0.9827721181
-7.518796992e-05	0.1589952903	0.1860602047	1.170224629	0.9943859524	0.9942573727
7.518796992e-05	0.1607905834	0.1882094961	1.170525612	1.005614048	1.005742627
0.0002255639098	0.1625858765	0.1903587875	1.170819948	1.016842143	1.017227882
0.0003759398496	0.1643811696	0.1925080789	1.171107855	1.028070238	1.028713137
0.0005263157895	0.1661764628	0.1946573703	1.17138954	1.039298333	1.040198391
0.0006766917293	0.1679717559	0.1968066617	1.171665205	1.050526428	1.051683646
0.0008270676692	0.169767049	0.1989559531	1.171935039	1.061754523	1.0631689
0.000977443609	0.1715623421	0.2011052445	1.172199226	1.072982619	1.074654155
0.001127819549	0.1733576352	0.2032545359	1.172457941	1.084210714	1.08613941
0.001278195489	0.1751529283	0.2054038273	1.172711352	1.095438809	1.097624664
0.001428571429	0.1769482214	0.2075531188	1.172959621	1.106666904	1.109109919
0.001578947368	0.1787435145	0.2097024102	1.173202903	1.117894999	1.120595174
0.001729323308	0.1805388076	0.2118517016	1.173441347	1.129123094	1.132080428
0.001879699248	0.1823341008	0.214000993	1.173675095	1.14035119	1.143565683
0.002030075188	0.1841293939	0.2161502844	1.173904285	1.151579285	1.155050938
0.002180451128	0.185924687	0.2182995758	1.174129048	1.16280738	1.166536192
0.002330827068	0.1877199801	0.2204488672	1.174349513	1.174035475	1.178021447
0.002481203008	0.1895152732	0.2225981586	1.174565801	1.18526357	1.189506701
0.002631578947	0.1913105663	0.22474745	1.174778029	1.196491666	1.200991956
0.002781954887	0.1931058594	0.2268967414	1.174986311	1.207719761	1.212477211
0.002932330827	0.1949011525	0.2290460328	1.175190756	1.218947856	1.223962465
0.003082706767	0.1966964457	0.2311953242	1.175391469	1.230175951	1.23544772
0.003233082707	0.1984917388	0.2333446156	1.175588551	1.241404046	1.246932975
0.003383458647	0.2002870319	0.235493907	1.1757821	1.252632141	1.258418229
0.003533834586	0.202082325	0.2376431985	1.175972211	1.263860237	1.269903484
0.003684210526	0.2038776181	0.2397924899	1.176158973	1.275088332	1.281388738
0.003834586466	0.2056729112	0.2419417813	1.176342474	1.286316427	1.292873993
0.003984962406	0.2074682043	0.2440910727	1.1765228	1.297544522	1.304359248
0.004135338346	0.2092634974	0.2462403641	1.176700032	1.308772617	1.315844502
0.004285714286	0.2110587906	0.2483896555	1.176874248	1.320000712	1.327329757
0.004436090226	0.2128540837	0.2505389469	1.177045526	1.331228808	1.338815012
0.004586466165	0.2146493768	0.2526882383	1.177213939	1.342456903	1.350300266
0.004736842105	0.2164446699	0.2548375297	1.177379558	1.353684998	1.361785521
0.004887218045	0.218239963	0.2569868211	1.177542452	1.364913093	1.373270776
0.005037593985	0.2200352561	0.2591361125	1.177702688	1.376141188	1.38475603
0.005187969925	0.2218305492	0.2612854039	1.17786033	1.387369283	1.396241285
0.005338345865	0.2236258423	0.2634346953	1.178015441	1.398597379	1.407726539
0.005488721805	0.2254211355	0.2655839868	1.178168082	1.409825474	1.419211794
0.005639097744	0.2272164286	0.2677332782	1.17831831	1.421053569	1.430697049
0.005789473684	0.2290117217	0.2698825696	1.178466183	1.432281664	1.442182303
0.005939849624	0.2308070148	0.272031861	1.178611756	1.443509759	1.453667558
0.006090225564	0.2326023079	0.2741811524	1.178755081	1.454737854	1.465152813
0.006240601504	0.234397601	0.2763304438	1.178896211	1.46596595	1.476638067
0.006390977444	0.2361928941	0.2784797352	1.179035196	1.477194045	1.488123322
0.006541353383	0.2379881872	0.2806290266	1.179172084	1.48842214	1.499608577
0.006691729323	0.2397834804	0.282778318	1.179306921	1.499650235	1.511093831
0.006842105263	0.2415787735	0.2849276094	1.179439755	1.51087833	1.522579086
0.006992481203	0.2433740666	0.2870769008	1.179570629	1.522106425	1.53406434
0.007142857143	0.2451693597	0.2892261922	1.179699586	1.533334521	1.545549595
0.007293233083	0.2469646528	0.2913754836	1.179826669	1.544562616	1.55703485
0.007443609023	0.2487599459	0.293524775	1.179951917	1.555790711	1.568520104
0.007593984962	0.250555239	0.2956740665	1.18007537	1.567018806	1.580005359
0.007744360902	0.2523505321	0.2978233579	1.180197067	1.578246901	1.591490614
0.007894736842	0.2541458253	0.2999726493	1.180317044	1.589474997	1.602975868
0.008045112782	0.2559411184	0.3021219407	1.180435338	1.600703092	1.614461123
0.008195488722	0.2577364115	0.3042712321	1.180551985	1.611931187	1.625946377
0.008345864662	0.2595317046	0.3064205235	1.180667017	1.623159282	1.637431632
0.008496240602	0.2613269977	0.3085698149	1.180780469	1.634387377	1.648916887
0.008646616541	0.2631222908	0.3107191063	1.180892373	1.645615472	1.660402141
0.008796992481	0.2649175839	0.3128683977	1.18100276	1.656843568	1.671887396
0.008947368421	0.266712877	0.3150176891	1.181111661	1.668071663	1.683372651
0.009097744361	0.2685081702	0.3171669805	1.181219105	1.679299758	1.694857905
0.009248120301	0.2703034633	0.3193162719	1.181325123	1.690527853	1.70634316
0.009398496241	0.2720987564	0.3214655633	1.181429741	1.701755948	1.717828415
0.00954887218	0.2738940495	0.3236148547	1.181532988	1.712984043	1.729313669
0.00969924812	0.2756893426	0.3257641462	1.18163489	1.724212139	1.740798924
0.00984962406	0.2774846357	0.3279134376	1.181735474	1.735440234	1.752284178
0.01	0.2792799288	0.330062729	1.181834765	1.746668329	1.763769433
0.01015037594	0.2810752219	0.3322120204	1.181932787	1.757896424	1.775254688
0.01030075188	0.2828705151	0.3343613118	1.182029565	1.769124519	1.786739942
0.01045112782	0.2846658082	0.3365106032	1.182125122	1.780352614	1.798225197
0.01060150376	0.2864611013	0.3386598946	1.182219481	1.79158071	1.809710452
0.0107518797	0.2882563944	0.340809186	1.182312666	1.802808805	1.821195706
0.01090225564	0.2900516875	0.3429584774	1.182404696	1.8140369	1.832680961
0.01105263158	0.2918469806	0.3451077688	1.182495594	1.825264995	1.844166215
0.01120300752	0.2936422737	0.3472570602	1.182585381	1.83649309	1.85565147
0.01135338346	0.2954375668	0.3494063516	1.182674077	1.847721185	1.867136725
0.0115037594	0.29723286	0.351555643	1.182761701	1.858949281	1.878621979
0.01165413534	0.2990281531	0.3537049344	1.182848273	1.870177376	1.890107234
0.01180451128	0.3008234462	0.3558542259	1.182933812	1.881405471	1.901592489
0.01195488722	0.3026187393	0.3580035173	1.183018336	1.892633566	1.913077743
0.01210526316	0.3044140324	0.3601528087	1.183101862	1.903861661	1.924562998
0.0122556391	0.3062093255	0.3623021001	1.18318441	1.915089756	1.936048253
0.01240601504	0.3080046186	0.3644513915	1.183265995	1.926317852	1.947533507
0.01255639098	0.3097999117	0.3666006829	1.183346634	1.937545947	1.959018762
0.01270676692	0.3115952048	0.3687499743	1.183426345	1.948774042	1.970504016
0.01285714286	0.313390498	0.3708992657	1.183505142	1.960002137	1.981989271
0.0130075188	0.3151857911	0.3730485571	1.183583041	1.971230232	1.993474526
0.01315789474	0.3169810842	0.3751978485	1.183660058	1.982458328	2.00495978
0.01330827068	0.3187763773	0.3773471399	1.183736208	1.993686423	2.016445035
0.01345864662	0.3205716704	0.3794964313	1.183811504	2.004914518	2.02793029
0.01360902256	0.3223669635	0.3816457227	1.183885962	2.016142613	2.039415544
0.0137593985	0.3241622566	0.3837950141	1.183959595	2.027370708	2.050900799
0.01390977444	0.3259575497	0.3859443056	1.184032417	2.038598803	2.062386053
0.01406015038	0.3277528429	0.388093597	1.184104442	2.049826899	2.073871308
0.01421052632	0.329548136	0.3902428884	1.184175681	2.061054994	2.085356563
0.01436090226	0.3313434291	0.3923921798	1.184246149	2.072283089	2.096841817
0.0145112782	0.3331387222	0.3945414712	1.184315857	2.083511184	2.108327072
0.01466165414	0.3349340153	0.3966907626	1.184384817	2.094739279	2.119812327
0.01481203008	0.3367293084	0.398840054	1.184453043	2.105967374	2.131297581
0.01496240602	0.3385246015	0.4009893454	1.184520545	2.11719547	2.142782836
0.01511278195	0.3403198946	0.4031386368	1.184587334	2.128423565	2.154268091
0.01526315789	0.3421151878	0.4052879282	1.184653423	2.13965166	2.165753345
0.01541353383	0.3439104809	0.4074372196	1.184718822	2.150879755	2.1772386
0.01556390977	0.345705774	0.409586511	1.184783541	2.16210785	2.188723854
0.01571428571	0.3475010671	0.4117358024	1.184847592	2.173335945	2.200209109
0.01586466165	0.3492963602	0.4138850938	1.184910984	2.184564041	2.211694364
0.01601503759	0.3510916533	0.4160343853	1.184973728	2.195792136	2.223179618
0.01616541353	0.3528869464	0.4181836767	1.185035833	2.207020231	2.234664873
0.01631578947	0.3546822395	0.4203329681	1.18509731	2.218248326	2.246150128
0.01646616541	0.3564775327	0.4224822595	1.185158168	2.229476421	2.257635382
0.01661654135	0.3582728258	0.4246315509	1.185218416	2.240704516	2.269120637
0.01676691729	0.3600681189	0.4267808423	1.185278062	2.251932612	2.280605891
0.01691729323	0.361863412	0.4289301337	1.185337117	2.263160707	2.292091146
0.01706766917	0.3636587051	0.4310794251	1.185395589	2.274388802	2.303576401
0.01721804511	0.3654539982	0.4332287165	1.185453487	2.285616897	2.315061655
0.01736842105	0.3672492913	0.4353780079	1.185510818	2.296844992	2.32654691
0.01751879699	0.3690445844	0.4375272993	1.185567592	2.308073087	2.338032165
0.01766917293	0.3708398776	0.4396765907	1.185623816	2.319301183	2.349517419
0.01781954887	0.3726351707	0.4418258821	1.185679498	2.330529278	2.361002674
0.01796992481	0.3744304638	0.4439751736	1.185734646	2.341757373	2.372487929
0.01812030075	0.3762257569	0.446124465	1.185789268	2.352985468	2.383973183
0.01827067669	0.37802105	0.4482737564	1.185843371	2.364213563	2.395458438
0.01842105263	0.3798163431	0.4504230478	1.185896963	2.375441659	2.406943692
0.01857142857	0.3816116362	0.4525723392	1.18595005	2.386669754	2.418428947
0.01872180451	0.3834069293	0.4547216306	1.186002641	2.397897849	2.429914202
0.01887218045	0.3852022225	0.456870922	1.186054741	2.409125944	2.441399456
0.01902255639	0.3869975156	0.4590202134	1.186106357	2.420354039	2.452884711
0.01917293233	0.3887928087	0.4611695048	1.186157497	2.431582134	2.464369966
0.01932330827	0.3905881018	0.4633187962	1.186208167	2.44281023	2.47585522
0.01947368421	0.3923833949	0.4654680876	1.186258373	2.454038325	2.487340475
0.01962406015	0.394178688	0.467617379	1.186308122	2.46526642	2.49882573
0.01977443609	0.3959739811	0.4697666704	1.186357419	2.476494515	2.510310984
0.01992481203	0.3977692742	0.4719159618	1.186406272	2.48772261	2.521796239
0.02007518797	0.3995645674	0.4740652533	1.186454686	2.498950705	2.533281493
0.02022556391	0.4013598605	0.4762145447	1.186502666	2.510178801	2.544766748
0.02037593985	0.4031551536	0.4783638361	1.18655022	2.521406896	2.556252003
0.02052631579	0.4049504467	0.4805131275	1.186597351	2.532634991	2.567737257
0.02067669173	0.4067457398	0.4826624189	1.186644067	2.543863086	2.579222512
0.02082706767	0.4085410329	0.4848117103	1.186690372	2.555091181	2.590707767
0.02097744361	0.410336326	0.4869610017	1.186736272	2.566319276	2.602193021
0.02112781955	0.4121316191	0.4891102931	1.186781772	2.577547372	2.613678276
0.02127819549	0.4139269123	0.4912595845	1.186826877	2.588775467	2.62516353
0.02142857143	0.4157222054	0.4934088759	1.186871593	2.600003562	2.636648785
0.02157894737	0.4175174985	0.4955581673	1.186915924	2.611231657	2.64813404
0.02172932331	0.4193127916	0.4977074587	1.186959875	2.622459752	2.659619294
0.02187969925	0.4211080847	0.4998567501	1.187003452	2.633687847	2.671104549
0.02203007519	0.4229033778	0.5020060415	1.187046659	2.644915943	2.682589804
0.02218045113	0.4246986709	0.504155333	1.1870895	2.656144038	2.694075058
0.02233082707	0.426493964	0.5063046244	1.187131981	2.667372133	2.705560313
0.02248120301	0.4282892571	0.5084539158	1.187174106	2.678600228	2.717045568
0.02263157895	0.4300845503	0.5106032072	1.187215879	2.689828323	2.728530822
0.02278195489	0.4318798434	0.5127524986	1.187257304	2.701056419	2.740016077
0.02293233083	0.4336751365	0.51490179	1.187298387	2.712284514	2.751501331
0.02308270677	0.4354704296	0.5170510814	1.187339131	2.723512609	2.762986586
0.02323308271	0.4372657227	0.5192003728	1.18737954	2.734740704	2.774471841
0.02338345865	0.4390610158	0.5213496642	1.187419619	2.745968799	2.785957095
0.02353383459	0.4408563089	0.5234989556	1.187459372	2.757196894	2.79744235
0.02368421053	0.442651602	0.525648247	1.187498802	2.76842499	2.808927605
0.02383458647	0.4444468952	0.5277975384	1.187537913	2.779653085	2.820412859
0.02398496241	0.4462421883	0.5299468298	1.18757671	2.79088118	2.831898114
0.02413533835	0.4480374814	0.5320961212	1.187615196	2.802109275	2.843383368
0.02428571429	0.4498327745	0.5342454127	1.187653375	2.81333737	2.854868623
0.02443609023	0.4516280676	0.5363947041	1.18769125	2.824565465	2.866353878
0.02458646617	0.4534233607	0.5385439955	1.187728825	2.835793561	2.877839132
0.02473684211	0.4552186538	0.5406932869	1.187766104	2.847021656	2.889324387
0.02488721805	0.4570139469	0.5428425783	1.18780309	2.858249751	2.900809642
0.02503759398	0.4588092401	0.5449918697	1.187839786	2.869477846	2.912294896
0.02518796992	0.4606045332	0.5471411611	1.187876197	2.880705941	2.923780151
0.02533834586	0.4623998263	0.5492904525	1.187912325	2.891934036	2.935265406
0.0254887218	0.4641951194	0.5514397439	1.187948173	2.903162132	2.94675066
0.02563909774	0.4659904125	0.5535890353	1.187983745	2.914390227	2.958235915
0.02578947368	0.4677857056	0.5557383267	1.188019044	2.925618322	2.969721169
0.02593984962	0.4695809987	0.5578876181	1.188054073	2.936846417	2.981206424
0.02609022556	0.4713762918	0.5600369095	1.188088835	2.948074512	2.992691679
0.0262406015	0.473171585	0.5621862009	1.188123334	2.959302607	3.004176933
0.02639097744	0.4749668781	0.5643354924	1.188157571	2.970530703	3.015662188
0.02654135338	0.4767621712	0.5664847838	1.188191551	2.981758798	3.027147443
0.02669172932	0.4785574643	0.5686340752	1.188225276	2.992986893	3.038632697
0.02684210526	0.4803527574	0.5707833666	1.188258749	3.004214988	3.050117952
0.0269924812	0.4821480505	0.572932658	1.188291972	3.015443083	3.061603206
0.02714285714	0.4839433436	0.5750819494	1.18832495	3.026671178	3.073088461
0.02729323308	0.4857386367	0.5772312408	1.188357683	3.037899274	3.084573716
0.02744360902	0.4875339299	0.5793805322	1.188390175	3.049127369	3.09605897
0.02759398496	0.489329223	0.5815298236	1.188422429	3.060355464	3.107544225
0.0277443609	0.4911245161	0.583679115	1.188454447	3.071583559	3.11902948
0.02789473684	0.4929198092	0.5858284064	1.188486231	3.082811654	3.130514734
0.02804511278	0.4947151023	0.5879776978	1.188517785	3.09403975	3.141999989
0.02819548872	0.4965103954	0.5901269892	1.188549111	3.105267845	3.153485244
0.02834586466	0.4983056885	0.5922762807	1.188580211	3.11649594	3.164970498
0.0284962406	0.5001009816	0.5944255721	1.188611088	3.127724035	3.176455753
0.02864661654	0.5018962748	0.5965748635	1.188641744	3.13895213	3.187941007
0.02879699248	0.5036915679	0.5987241549	1.188672182	3.150180225	3.199426262
0.02894736842	0.505486861	0.6008734463	1.188702403	3.161408321	3.210911517
0.02909774436	0.5072821541	0.6030227377	1.18873241	3.172636416	3.222396771
0.0292481203	0.5090774472	0.6051720291	1.188762206	3.183864511	3.233882026
0.02939849624	0.5108727403	0.6073213205	1.188791792	3.195092606	3.245367281
0.02954887218	0.5126680334	0.6094706119	1.188821171	3.206320701	3.256852535
0.02969924812	0.5144633265	0.6116199033	1.188850345	3.217548796	3.26833779
0.02984962406	0.5162586197	0.6137691947	1.188879316	3.228776892	3.279823044
0.03	0.5180539128	0.6159184861	1.188908087	3.240004987	3.291308299
0.03015037594	0.5198492059	0.6180677775	1.188936658	3.251233082	3.302793554
0.03030075188	0.521644499	0.6202170689	1.188965033	3.262461177	3.314278808
0.03045112782	0.5234397921	0.6223663604	1.188993213	3.273689272	3.325764063
0.03060150376	0.5252350852	0.6245156518	1.189021201	3.284917367	3.337249318
0.0307518797	0.5270303783	0.6266649432	1.189048998	3.296145463	3.348734572
0.03090225564	0.5288256714	0.6288142346	1.189076606	3.307373558	3.360219827
0.03105263158	0.5306209646	0.630963526	1.189104027	3.318601653	3.371705082
0.03120300752	0.5324162577	0.6331128174	1.189131264	3.329829748	3.383190336
0.03135338346	0.5342115508	0.6352621088	1.189158317	3.341057843	3.394675591
0.0315037594	0.5360068439	0.6374114002	1.189185189	3.352285938	3.406160845
0.03165413534	0.537802137	0.6395606916	1.189211882	3.363514034	3.4176461
0.03180451128	0.5395974301	0.641709983	1.189238397	3.374742129	3.429131355
0.03195488722	0.5413927232	0.6438592744	1.189264737	3.385970224	3.440616609
0.03210526316	0.5431880163	0.6460085658	1.189290902	3.397198319	3.452101864
0.0322556391	0.5449833094	0.6481578572	1.189316895	3.408426414	3.463587119
0.03240601504	0.5467786026	0.6503071486	1.189342717	3.419654509	3.475072373
0.03255639098	0.5485738957	0.6524564401	1.18936837	3.430882605	3.486557628
0.03270676692	0.5503691888	0.6546057315	1.189393856	3.4421107	3.498042883
0.03285714286	0.5521644819	0.6567550229	1.189419176	3.453338795	3.509528137
0.0330075188	0.553959775	0.6589043143	1.189444332	3.46456689	3.521013392
0.03315789474	0.5557550681	0.6610536057	1.189469325	3.475794985	3.532498646
0.03330827068	0.5575503612	0.6632028971	1.189494157	3.487023081	3.543983901
0.03345864662	0.5593456543	0.6653521885	1.18951883	3.498251176	3.555469156
0.03360902256	0.5611409475	0.6675014799	1.189543345	3.509479271	3.56695441
0.0337593985	0.5629362406	0.6696507713	1.189567704	3.520707366	3.578439665
0.03390977444	0.5647315337	0.6718000627	1.189591908	3.531935461	3.58992492
0.03406015038	0.5665268268	0.6739493541	1.189615959	3.543163556	3.601410174
0.03421052632	0.5683221199	0.6760986455	1.189639857	3.554391652	3.612895429
0.03436090226	0.570117413	0.6782479369	1.189663605	3.565619747	3.624380683
0.0345112782	0.5719127061	0.6803972283	1.189687204	3.576847842	3.635865938
0.03466165414	0.5737079992	0.6825465198	1.189710655	3.588075937	3.647351193
0.03481203008	0.5755032924	0.6846958112	1.18973396	3.599304032	3.658836447
0.03496240602	0.5772985855	0.6868451026	1.18975712	3.610532127	3.670321702
0.03511278195	0.5790938786	0.688994394	1.189780137	3.621760223	3.681806957
0.03526315789	0.5808891717	0.6911436854	1.189803011	3.632988318	3.693292211
0.03541353383	0.5826844648	0.6932929768	1.189825744	3.644216413	3.704777466
0.03556390977	0.5844797579	0.6954422682	1.189848337	3.655444508	3.716262721
0.03571428571	0.586275051	0.6975915596	1.189870793	3.666672603	3.727747975
0.03586466165	0.5880703441	0.699740851	1.189893111	3.677900698	3.73923323
0.03601503759	0.5898656373	0.7018901424	1.189915293	3.689128794	3.750718484
0.03616541353	0.5916609304	0.7040394338	1.18993734	3.700356889	3.762203739
0.03631578947	0.5934562235	0.7061887252	1.189959254	3.711584984	3.773688994
0.03646616541	0.5952515166	0.7083380166	1.189981036	3.722813079	3.785174248
0.03661654135	0.5970468097	0.710487308	1.190002687	3.734041174	3.796659503
0.03676691729	0.5988421028	0.7126365995	1.190024209	3.745269269	3.808144758
0.03691729323	0.6006373959	0.7147858909	1.190045601	3.756497365	3.819630012
0.03706766917	0.602432689	0.7169351823	1.190066866	3.76772546	3.831115267
0.03721804511	0.6042279822	0.7190844737	1.190088005	3.778953555	3.842600521
0.03736842105	0.6060232753	0.7212337651	1.190109018	3.79018165	3.854085776
0.03751879699	0.6078185684	0.7233830565	1.190129907	3.801409745	3.865571031
0.03766917293	0.6096138615	0.7255323479	1.190150674	3.81263784	3.877056285
0.03781954887	0.6114091546	0.7276816393	1.190171318	3.823865936	3.88854154
0.03796992481	0.6132044477	0.7298309307	1.190191841	3.835094031	3.900026795
0.03812030075	0.6149997408	0.7319802221	1.190212245	3.846322126	3.911512049
0.03827067669	0.6167950339	0.7341295135	1.19023253	3.857550221	3.922997304
0.03842105263	0.6185903271	0.7362788049	1.190252697	3.868778316	3.934482559
0.03857142857	0.6203856202	0.7384280963	1.190272747	3.880006412	3.945967813
0.03872180451	0.6221809133	0.7405773878	1.190292682	3.891234507	3.957453068
0.03887218045	0.6239762064	0.7427266792	1.190312502	3.902462602	3.968938322
0.03902255639	0.6257714995	0.7448759706	1.190332208	3.913690697	3.980423577
0.03917293233	0.6275667926	0.747025262	1.190351801	3.924918792	3.991908832
0.03932330827	0.6293620857	0.7491745534	1.190371283	3.936146887	4.003394086
0.03947368421	0.6311573788	0.7513238448	1.190390654	3.947374983	4.014879341
0.03962406015	0.632952672	0.7534731362	1.190409915	3.958603078	4.026364596
0.03977443609	0.6347479651	0.7556224276	1.190429067	3.969831173	4.03784985
0.03992481203	0.6365432582	0.757771719	1.190448111	3.981059268	4.049335105
0.04007518797	0.6383385513	0.7599210104	1.190467047	3.992287363	4.060820359
0.04022556391	0.6401338444	0.7620703018	1.190485878	4.003515458	4.072305614
0.04037593985	0.6419291375	0.7642195932	1.190504603	4.014743554	4.083790869
0.04052631579	0.6437244306	0.7663688846	1.190523224	4.025971649	4.095276123
0.04067669173	0.6455197237	0.768518176	1.190541741	4.037199744	4.106761378
0.04082706767	0.6473150169	0.7706674675	1.190560156	4.048427839	4.118246633
0.04097744361	0.64911031	0.7728167589	1.190578469	4.059655934	4.129731887
0.04112781955	0.6509056031	0.7749660503	1.19059668	4.070884029	4.141217142
0.04127819549	0.6527008962	0.7771153417	1.190614792	4.082112125	4.152702397
0.04142857143	0.6544961893	0.7792646331	1.190632804	4.09334022	4.164187651
0.04157894737	0.6562914824	0.7814139245	1.190650718	4.104568315	4.175672906
0.04172932331	0.6580867755	0.7835632159	1.190668533	4.11579641	4.18715816
0.04187969925	0.6598820686	0.7857125073	1.190686252	4.127024505	4.198643415
0.04203007519	0.6616773618	0.7878617987	1.190703875	4.1382526	4.21012867
0.04218045113	0.6634726549	0.7900110901	1.190721402	4.149480696	4.221613924
0.04233082707	0.665267948	0.7921603815	1.190738835	4.160708791	4.233099179
0.04248120301	0.6670632411	0.7943096729	1.190756174	4.171936886	4.244584434
0.04263157895	0.6688585342	0.7964589643	1.19077342	4.183164981	4.256069688
0.04278195489	0.6706538273	0.7986082557	1.190790574	4.194393076	4.267554943
0.04293233083	0.6724491204	0.8007575472	1.190807636	4.205621171	4.279040197
0.04308270677	0.6742444135	0.8029068386	1.190824607	4.216849267	4.290525452
0.04323308271	0.6760397066	0.80505613	1.190841488	4.228077362	4.302010707
0.04338345865	0.6778349998	0.8072054214	1.190858279	4.239305457	4.313495961
0.04353383459	0.6796302929	0.8093547128	1.190874982	4.250533552	4.324981216
0.04368421053	0.681425586	0.8115040042	1.190891597	4.261761647	4.336466471
0.04383458647	0.6832208791	0.8136532956	1.190908124	4.272989743	4.347951725
0.04398496241	0.6850161722	0.815802587	1.190924565	4.284217838	4.35943698
0.04413533835	0.6868114653	0.8179518784	1.19094092	4.295445933	4.370922235
0.04428571429	0.6886067584	0.8201011698	1.19095719	4.306674028	4.382407489
0.04443609023	0.6904020515	0.8222504612	1.190973375	4.317902123	4.393892744
0.04458646617	0.6921973447	0.8243997526	1.190989476	4.329130218	4.405377998
0.04473684211	0.6939926378	0.826549044	1.191005494	4.340358314	4.416863253
0.04488721805	0.6957879309	0.8286983354	1.191021429	4.351586409	4.428348508
0.04503759398	0.697583224	0.8308476269	1.191037282	4.362814504	4.439833762
0.04518796992	0.6993785171	0.8329969183	1.191053053	4.374042599	4.451319017
0.04533834586	0.7011738102	0.8351462097	1.191068744	4.385270694	4.462804272
0.0454887218	0.7029691033	0.8372955011	1.191084355	4.396498789	4.474289526
0.04563909774	0.7047643964	0.8394447925	1.191099886	4.407726885	4.485774781
0.04578947368	0.7065596896	0.8415940839	1.191115339	4.41895498	4.497260036
0.04593984962	0.7083549827	0.8437433753	1.191130713	4.430183075	4.50874529
0.04609022556	0.7101502758	0.8458926667	1.191146009	4.44141117	4.520230545
0.0462406015	0.7119455689	0.8480419581	1.191161228	4.452639265	4.531715799
0.04639097744	0.713740862	0.8501912495	1.191176371	4.46386736	4.543201054
0.04654135338	0.7155361551	0.8523405409	1.191191437	4.475095456	4.554686309
0.04669172932	0.7173314482	0.8544898323	1.191206428	4.486323551	4.566171563
0.04684210526	0.7191267413	0.8566391237	1.191221345	4.497551646	4.577656818
0.0469924812	0.7209220345	0.8587884151	1.191236187	4.508779741	4.589142073
0.04714285714	0.7227173276	0.8609377066	1.191250955	4.520007836	4.600627327
0.04729323308	0.7245126207	0.863086998	1.19126565	4.531235931	4.612112582
0.04744360902	0.7263079138	0.8652362894	1.191280272	4.542464027	4.623597836
0.04759398496	0.7281032069	0.8673855808	1.191294823	4.553692122	4.635083091
0.0477443609	0.7298985	0.8695348722	1.191309301	4.564920217	4.646568346
0.04789473684	0.7316937931	0.8716841636	1.191323709	4.576148312	4.6580536
0.04804511278	0.7334890862	0.873833455	1.191338046	4.587376407	4.669538855
0.04819548872	0.7352843794	0.8759827464	1.191352313	4.598604503	4.68102411
0.04834586466	0.7370796725	0.8781320378	1.191366511	4.609832598	4.692509364
0.0484962406	0.7388749656	0.8802813292	1.19138064	4.621060693	4.703994619
0.04864661654	0.7406702587	0.8824306206	1.1913947	4.632288788	4.715479874
0.04879699248	0.7424655518	0.884579912	1.191408692	4.643516883	4.726965128
0.04894736842	0.7442608449	0.8867292034	1.191422617	4.654744978	4.738450383
0.04909774436	0.746056138	0.8888784948	1.191436474	4.665973074	4.749935637
0.0492481203	0.7478514311	0.8910277863	1.191450266	4.677201169	4.761420892
0.04939849624	0.7496467243	0.8931770777	1.191463991	4.688429264	4.772906147
0.04954887218	0.7514420174	0.8953263691	1.19147765	4.699657359	4.784391401
0.04969924812	0.7532373105	0.8974756605	1.191491245	4.710885454	4.795876656
0.04984962406	0.7550326036	0.8996249519	1.191504774	4.722113549	4.807361911
0.05	0.7568278967	0.9017742433	1.19151824	4.733341645	4.818847165
