# VHH-NNLO SMEFT scan points
# process: WminusHH
# energy_tev: 13.6
# scan_axis: phiBox
# fixed_wcs: phi=0,phiBox=0,phiD=0,phiW=0,phiq3st=0
#
phiBox	sigma_lo	sigma_nnlo	k	sigma_smeft_over_sm_lo	sigma_smeft_over_sm_nnlo
-1.1	0.02329493196	0.02704671701	1.161055849	0.145690813	0.1445306257
-1.092230576	0.02425973901	0.02817743748	1.16148972	0.1517248947	0.1505729019
-1.084461153	0.02522454607	0.02930815794	1.161890401	0.1577589765	0.1566151782
-1.076691729	0.02618935312	0.03043887841	1.16226156	0.1637930582	0.1626574545
-1.068922306	0.02715416017	0.03156959888	1.162606344	0.16982714	0.1686997308
-1.061152882	0.02811896722	0.03270031935	1.162927468	0.1758612217	0.1747420071
-1.053383459	0.02908377428	0.03383103982	1.163227286	0.1818953035	0.1807842834
-1.045614035	0.03004858133	0.03496176029	1.163507851	0.1879293852	0.1868265596
-1.037844612	0.03101338838	0.03609248075	1.16377096	0.193963467	0.1928688359
-1.030075188	0.03197819543	0.03722320122	1.164018192	0.1999975487	0.1989111122
-1.022305764	0.03294300248	0.03835392169	1.164250942	0.2060316305	0.2049533885
-1.014536341	0.03390780954	0.03948464216	1.164470448	0.2120657122	0.2109956648
-1.006766917	0.03487261659	0.04061536263	1.164677807	0.218099794	0.217037941
-0.9989974937	0.03583742364	0.04174608309	1.164874002	0.2241338757	0.2230802173
-0.9912280702	0.03680223069	0.04287680356	1.16505991	0.2301679575	0.2291224936
-0.9834586466	0.03776703774	0.04400752403	1.165236319	0.2362020392	0.2351647699
-0.9756892231	0.0387318448	0.0451382445	1.165403939	0.242236121	0.2412070462
-0.9679197995	0.03969665185	0.04626896497	1.165563412	0.2482702027	0.2472493225
-0.9601503759	0.0406614589	0.04739968543	1.165715317	0.2543042845	0.2532915987
-0.9523809524	0.04162626595	0.0485304059	1.16586018	0.2603383662	0.259333875
-0.9446115288	0.04259107301	0.04966112637	1.16599848	0.266372448	0.2653761513
-0.9368421053	0.04355588006	0.05079184684	1.166130653	0.2724065297	0.2714184276
-0.9290726817	0.04452068711	0.05192256731	1.166257097	0.2784406115	0.2774607039
-0.9213032581	0.04548549416	0.05305328778	1.166378177	0.2844746932	0.2835029802
-0.9135338346	0.04645030121	0.05418400824	1.166494228	0.290508775	0.2895452564
-0.905764411	0.04741510827	0.05531472871	1.166605555	0.2965428567	0.2955875327
-0.8979949875	0.04837991532	0.05644544918	1.166712443	0.3025769385	0.301629809
-0.8902255639	0.04934472237	0.05757616965	1.16681515	0.3086110202	0.3076720853
-0.8824561404	0.05030952942	0.05870689012	1.166913919	0.314645102	0.3137143616
-0.8746867168	0.05127433647	0.05983761058	1.16700897	0.3206791837	0.3197566379
-0.8669172932	0.05223914353	0.06096833105	1.16710051	0.3267132655	0.3257989141
-0.8591478697	0.05320395058	0.06209905152	1.16718873	0.3327473472	0.3318411904
-0.8513784461	0.05416875763	0.06322977199	1.167273808	0.338781429	0.3378834667
-0.8436090226	0.05513356468	0.06436049246	1.167355908	0.3448155107	0.343925743
-0.835839599	0.05609837173	0.06549121293	1.167435184	0.3508495925	0.3499680193
-0.8280701754	0.05706317879	0.06662193339	1.167511779	0.3568836742	0.3560102955
-0.8203007519	0.05802798584	0.06775265386	1.167585827	0.362917756	0.3620525718
-0.8125313283	0.05899279289	0.06888337433	1.167657454	0.3689518377	0.3680948481
-0.8047619048	0.05995759994	0.0700140948	1.167726775	0.3749859195	0.3741371244
-0.7969924812	0.060922407	0.07114481527	1.1677939	0.3810200012	0.3801794007
-0.7892230576	0.06188721405	0.07227553573	1.167858933	0.387054083	0.386221677
-0.7814536341	0.0628520211	0.0734062562	1.167921968	0.3930881647	0.3922639532
-0.7736842105	0.06381682815	0.07453697667	1.167983098	0.3991222465	0.3983062295
-0.765914787	0.0647816352	0.07566769714	1.168042407	0.4051563282	0.4043485058
-0.7581453634	0.06574644226	0.07679841761	1.168099976	0.41119041	0.4103907821
-0.7503759398	0.06671124931	0.07792913807	1.168155879	0.4172244917	0.4164330584
-0.7426065163	0.06767605636	0.07905985854	1.168210188	0.4232585735	0.4224753347
-0.7348370927	0.06864086341	0.08019057901	1.168262971	0.4292926552	0.4285176109
-0.7270676692	0.06960567046	0.08132129948	1.16831429	0.435326737	0.4345598872
-0.7192982456	0.07057047752	0.08245201995	1.168364206	0.4413608187	0.4406021635
-0.7115288221	0.07153528457	0.08358274042	1.168412776	0.4473949005	0.4466444398
-0.7037593985	0.07250009162	0.08471346088	1.168460053	0.4534289822	0.4526867161
-0.6959899749	0.07346489867	0.08584418135	1.168506088	0.459463064	0.4587289924
-0.6882205514	0.07442970573	0.08697490182	1.16855093	0.4654971457	0.4647712686
-0.6804511278	0.07539451278	0.08810562229	1.168594624	0.4715312274	0.4708135449
-0.6726817043	0.07635931983	0.08923634276	1.168637214	0.4775653092	0.4768558212
-0.6649122807	0.07732412688	0.09036706322	1.168678741	0.4835993909	0.4828980975
-0.6571428571	0.07828893393	0.09149778369	1.168719244	0.4896334727	0.4889403738
-0.6493734336	0.07925374099	0.09262850416	1.168758762	0.4956675544	0.4949826501
-0.64160401	0.08021854804	0.09375922463	1.168797328	0.5017016362	0.5010249263
-0.6338345865	0.08118335509	0.0948899451	1.168834978	0.5077357179	0.5070672026
-0.6260651629	0.08214816214	0.09602066557	1.168871744	0.5137697997	0.5131094789
-0.6182957393	0.08311296919	0.09715138603	1.168907656	0.5198038814	0.5191517552
-0.6105263158	0.08407777625	0.0982821065	1.168942744	0.5258379632	0.5251940315
-0.6027568922	0.0850425833	0.09941282697	1.168977036	0.5318720449	0.5312363077
-0.5949874687	0.08600739035	0.1005435474	1.169010559	0.5379061267	0.537278584
-0.5872180451	0.0869721974	0.1016742679	1.169043337	0.5439402084	0.5433208603
-0.5794486216	0.08793700445	0.1028049884	1.169075397	0.5499742902	0.5493631366
-0.571679198	0.08890181151	0.1039357088	1.16910676	0.5560083719	0.5554054129
-0.5639097744	0.08986661856	0.1050664293	1.169137451	0.5620424537	0.5614476892
-0.5561403509	0.09083142561	0.1061971498	1.169167489	0.5680765354	0.5674899654
-0.5483709273	0.09179623266	0.1073278702	1.169196895	0.5741106172	0.5735322417
-0.5406015038	0.09276103972	0.1084585907	1.169225691	0.5801446989	0.579574518
-0.5328320802	0.09372584677	0.1095893112	1.169253893	0.5861787807	0.5856167943
-0.5250626566	0.09469065382	0.1107200317	1.16928152	0.5922128624	0.5916590706
-0.5172932331	0.09565546087	0.1118507521	1.16930859	0.5982469442	0.5977013469
-0.5095238095	0.09662026792	0.1129814726	1.16933512	0.6042810259	0.6037436231
-0.501754386	0.09758507498	0.1141121931	1.169361125	0.6103151077	0.6097858994
-0.4939849624	0.09854988203	0.1152429135	1.169386621	0.6163491894	0.6158281757
-0.4862155388	0.09951468908	0.116373634	1.169411622	0.6223832712	0.621870452
-0.4784461153	0.1004794961	0.1175043545	1.169436144	0.6284173529	0.6279127283
-0.4706766917	0.1014443032	0.1186350749	1.169460198	0.6344514347	0.6339550046
-0.4629072682	0.1024091102	0.1197657954	1.1694838	0.6404855164	0.6399972808
-0.4551378446	0.1033739173	0.1208965159	1.169506961	0.6465195982	0.6460395571
-0.4473684211	0.1043387243	0.1220272363	1.169529694	0.6525536799	0.6520818334
-0.4395989975	0.1053035314	0.1231579568	1.16955201	0.6585877617	0.6581241097
-0.4318295739	0.1062683384	0.1242886773	1.169573921	0.6646218434	0.664166386
-0.4240601504	0.1072331455	0.1254193977	1.169595438	0.6706559252	0.6702086622
-0.4162907268	0.1081979525	0.1265501182	1.169616571	0.6766900069	0.6762509385
-0.4085213033	0.1091627596	0.1276808387	1.16963733	0.6827240887	0.6822932148
-0.4007518797	0.1101275667	0.1288115591	1.169657726	0.6887581704	0.6883354911
-0.3929824561	0.1110923737	0.1299422796	1.169677767	0.6947922522	0.6943777674
-0.3852130326	0.1120571808	0.1310730001	1.169697463	0.7008263339	0.7004200437
-0.377443609	0.1130219878	0.1322037205	1.169716823	0.7068604157	0.7064623199
-0.3696741855	0.1139867949	0.133334441	1.169735856	0.7128944974	0.7125045962
-0.3619047619	0.1149516019	0.1344651615	1.169754568	0.7189285792	0.7185468725
-0.3541353383	0.115916409	0.135595882	1.16977297	0.7249626609	0.7245891488
-0.3463659148	0.116881216	0.1367266024	1.169791067	0.7309967427	0.7306314251
-0.3385964912	0.1178460231	0.1378573229	1.169808868	0.7370308244	0.7366737014
-0.3308270677	0.1188108301	0.1389880434	1.16982638	0.7430649062	0.7427159776
-0.3230576441	0.1197756372	0.1401187638	1.16984361	0.7490989879	0.7487582539
-0.3152882206	0.1207404442	0.1412494843	1.169860565	0.7551330697	0.7548005302
-0.307518797	0.1217052513	0.1423802048	1.169877251	0.7611671514	0.7608428065
-0.2997493734	0.1226700583	0.1435109252	1.169893674	0.7672012332	0.7668850828
-0.2919799499	0.1236348654	0.1446416457	1.169909841	0.7732353149	0.7729273591
-0.2842105263	0.1245996724	0.1457723662	1.169925758	0.7792693967	0.7789696353
-0.2764411028	0.1255644795	0.1469030866	1.16994143	0.7853034784	0.7850119116
-0.2686716792	0.1265292865	0.1480338071	1.169956863	0.7913375602	0.7910541879
-0.2609022556	0.1274940936	0.1491645276	1.169972062	0.7973716419	0.7970964642
-0.2531328321	0.1284589006	0.150295248	1.169987033	0.8034057237	0.8031387405
-0.2453634085	0.1294237077	0.1514259685	1.170001781	0.8094398054	0.8091810168
-0.237593985	0.1303885147	0.152556689	1.170016311	0.8154738872	0.815223293
-0.2298245614	0.1313533218	0.1536874094	1.170030627	0.8215079689	0.8212655693
-0.2220551378	0.1323181289	0.1548181299	1.170044734	0.8275420507	0.8273078456
-0.2142857143	0.1332829359	0.1559488504	1.170058637	0.8335761324	0.8333501219
-0.2065162907	0.134247743	0.1570795708	1.170072341	0.8396102142	0.8393923982
-0.1987468672	0.13521255	0.1582102913	1.170085849	0.8456442959	0.8454346744
-0.1909774436	0.1361773571	0.1593410118	1.170099165	0.8516783776	0.8514769507
-0.1832080201	0.1371421641	0.1604717322	1.170112294	0.8577124594	0.857519227
-0.1754385965	0.1381069712	0.1616024527	1.17012524	0.8637465411	0.8635615033
-0.1676691729	0.1390717782	0.1627331732	1.170138006	0.8697806229	0.8696037796
-0.1598997494	0.1400365853	0.1638638937	1.170150596	0.8758147046	0.8756460559
-0.1521303258	0.1410013923	0.1649946141	1.170163013	0.8818487864	0.8816883321
-0.1443609023	0.1419661994	0.1661253346	1.170175262	0.8878828681	0.8877306084
-0.1365914787	0.1429310064	0.1672560551	1.170187346	0.8939169499	0.8937728847
-0.1288220551	0.1438958135	0.1683867755	1.170199267	0.8999510316	0.899815161
-0.1210526316	0.1448606205	0.169517496	1.17021103	0.9059851134	0.9058574373
-0.113283208	0.1458254276	0.1706482165	1.170222637	0.9120191951	0.9118997136
-0.1055137845	0.1467902346	0.1717789369	1.170234092	0.9180532769	0.9179419898
-0.0977443609	0.1477550417	0.1729096574	1.170245397	0.9240873586	0.9239842661
-0.08997493734	0.1487198487	0.1740403779	1.170256555	0.9301214404	0.9300265424
-0.08220551378	0.1496846558	0.1751710983	1.17026757	0.9361555221	0.9360688187
-0.07443609023	0.1506494628	0.1763018188	1.170278443	0.9421896039	0.942111095
-0.06666666667	0.1516142699	0.1774325393	1.170289178	0.9482236856	0.9481533713
-0.05889724311	0.1525790769	0.1785632597	1.170299777	0.9542577674	0.9541956475
-0.05112781955	0.153543884	0.1796939802	1.170310243	0.9602918491	0.9602379238
-0.04335839599	0.1545086911	0.1808247007	1.170320578	0.9663259309	0.9662802001
-0.03558897243	0.1554734981	0.1819554211	1.170330785	0.9723600126	0.9723224764
-0.02781954887	0.1564383052	0.1830861416	1.170340867	0.9783940944	0.9783647527
-0.02005012531	0.1574031122	0.1842168621	1.170350824	0.9844281761	0.9844070289
-0.01228070175	0.1583679193	0.1853475825	1.17036066	0.9904622579	0.9904493052
-0.004511278195	0.1593327263	0.186478303	1.170370377	0.9964963396	0.9964915815
0.003258145363	0.1602975334	0.1876090235	1.170379977	1.002530421	1.002533858
0.01102756892	0.1612623404	0.188739744	1.170389463	1.008564503	1.008576134
0.01879699248	0.1622271475	0.1898704644	1.170398835	1.014598585	1.01461841
0.02656641604	0.1631919545	0.1910011849	1.170408097	1.020632667	1.020660687
0.0343358396	0.1641567616	0.1921319054	1.170417249	1.026666748	1.026702963
0.04210526316	0.1651215686	0.1932626258	1.170426295	1.03270083	1.032745239
0.04987468672	0.1660863757	0.1943933463	1.170435236	1.038734912	1.038787515
0.05764411028	0.1670511827	0.1955240668	1.170444073	1.044768994	1.044829792
0.06541353383	0.1680159898	0.1966547872	1.170452809	1.050803075	1.050872068
0.07318295739	0.1689807968	0.1977855077	1.170461445	1.056837157	1.056914344
0.08095238095	0.1699456039	0.1989162282	1.170469983	1.062871239	1.062956621
0.08872180451	0.1709104109	0.2000469486	1.170478425	1.068905321	1.068998897
0.09649122807	0.171875218	0.2011776691	1.170486772	1.074939402	1.075041173
0.1042606516	0.172840025	0.2023083896	1.170495026	1.080973484	1.081083449
0.1120300752	0.1738048321	0.20343911	1.170503188	1.087007566	1.087125726
0.1197994987	0.1747696391	0.2045698305	1.17051126	1.093041648	1.093168002
0.1275689223	0.1757344462	0.205700551	1.170519243	1.099075729	1.099210278
0.1353383459	0.1766992533	0.2068312714	1.170527139	1.105109811	1.105252555
0.1431077694	0.1776640603	0.2079619919	1.17053495	1.111143893	1.111294831
0.150877193	0.1786288674	0.2090927124	1.170542676	1.117177975	1.117337107
0.1586466165	0.1795936744	0.2102234328	1.170550319	1.123212056	1.123379383
0.1664160401	0.1805584815	0.2113541533	1.17055788	1.129246138	1.12942166
0.1741854637	0.1815232885	0.2124848738	1.170565361	1.13528022	1.135463936
0.1819548872	0.1824880956	0.2136155943	1.170572763	1.141314302	1.141506212
0.1897243108	0.1834529026	0.2147463147	1.170580087	1.147348383	1.147548489
0.1974937343	0.1844177097	0.2158770352	1.170587334	1.153382465	1.153590765
0.2052631579	0.1853825167	0.2170077557	1.170594506	1.159416547	1.159633041
0.2130325815	0.1863473238	0.2181384761	1.170601604	1.165450629	1.165675317
0.220802005	0.1873121308	0.2192691966	1.170608629	1.17148471	1.171717594
0.2285714286	0.1882769379	0.2203999171	1.170615581	1.177518792	1.17775987
0.2363408521	0.1892417449	0.2215306375	1.170622463	1.183552874	1.183802146
0.2441102757	0.190206552	0.222661358	1.170629275	1.189586956	1.189844423
0.2518796992	0.191171359	0.2237920785	1.170636018	1.195621037	1.195886699
0.2596491228	0.1921361661	0.2249227989	1.170642693	1.201655119	1.201928975
0.2674185464	0.1931009731	0.2260535194	1.170649302	1.207689201	1.207971251
0.2751879699	0.1940657802	0.2271842399	1.170655845	1.213723283	1.214013528
0.2829573935	0.1950305872	0.2283149603	1.170662323	1.219757364	1.220055804
0.290726817	0.1959953943	0.2294456808	1.170668738	1.225791446	1.22609808
0.2984962406	0.1969602013	0.2305764013	1.170675089	1.231825528	1.232140357
0.3062656642	0.1979250084	0.2317071217	1.170681379	1.23785961	1.238182633
0.3140350877	0.1988898154	0.2328378422	1.170687608	1.243893691	1.244224909
0.3218045113	0.1998546225	0.2339685627	1.170693776	1.249927773	1.250267185
0.3295739348	0.2008194296	0.2350992831	1.170699885	1.255961855	1.256309462
0.3373433584	0.2017842366	0.2362300036	1.170705936	1.261995937	1.262351738
0.345112782	0.2027490437	0.2373607241	1.170711929	1.268030018	1.268394014
0.3528822055	0.2037138507	0.2384914446	1.170717866	1.2740641	1.274436291
0.3606516291	0.2046786578	0.239622165	1.170723746	1.280098182	1.280478567
0.3684210526	0.2056434648	0.2407528855	1.170729572	1.286132264	1.286520843
0.3761904762	0.2066082719	0.241883606	1.170735343	1.292166345	1.292563119
0.3839598997	0.2075730789	0.2430143264	1.17074106	1.298200427	1.298605396
0.3917293233	0.208537886	0.2441450469	1.170746724	1.304234509	1.304647672
0.3994987469	0.209502693	0.2452757674	1.170752337	1.310268591	1.310689948
0.4072681704	0.2104675001	0.2464064878	1.170757897	1.316302672	1.316732224
0.415037594	0.2114323071	0.2475372083	1.170763407	1.322336754	1.322774501
0.4228070175	0.2123971142	0.2486679288	1.170768867	1.328370836	1.328816777
0.4305764411	0.2133619212	0.2497986492	1.170774278	1.334404918	1.334859053
0.4383458647	0.2143267283	0.2509293697	1.17077964	1.340438999	1.34090133
0.4461152882	0.2152915353	0.2520600902	1.170784953	1.346473081	1.346943606
0.4538847118	0.2162563424	0.2531908106	1.17079022	1.352507163	1.352985882
0.4616541353	0.2172211494	0.2543215311	1.170795439	1.358541245	1.359028158
0.4694235589	0.2181859565	0.2554522516	1.170800613	1.364575326	1.365070435
0.4771929825	0.2191507635	0.256582972	1.170805741	1.370609408	1.371112711
0.484962406	0.2201155706	0.2577136925	1.170810824	1.37664349	1.377154987
0.4927318296	0.2210803776	0.258844413	1.170815862	1.382677572	1.383197264
0.5005012531	0.2220451847	0.2599751334	1.170820857	1.388711653	1.38923954
0.5082706767	0.2230099918	0.2611058539	1.170825809	1.394745735	1.395281816
0.5160401003	0.2239747988	0.2622365744	1.170830717	1.400779817	1.401324092
0.5238095238	0.2249396059	0.2633672949	1.170835584	1.406813899	1.407366369
0.5315789474	0.2259044129	0.2644980153	1.17084041	1.41284798	1.413408645
0.5393483709	0.22686922	0.2656287358	1.170845194	1.418882062	1.419450921
0.5471177945	0.227834027	0.2667594563	1.170849937	1.424916144	1.425493198
0.554887218	0.2287988341	0.2678901767	1.170854641	1.430950226	1.431535474
0.5626566416	0.2297636411	0.2690208972	1.170859305	1.436984307	1.43757775
0.5704260652	0.2307284482	0.2701516177	1.17086393	1.443018389	1.443620026
0.5781954887	0.2316932552	0.2712823381	1.170868517	1.449052471	1.449662303
0.5859649123	0.2326580623	0.2724130586	1.170873066	1.455086553	1.455704579
0.5937343358	0.2336228693	0.2735437791	1.170877577	1.461120634	1.461746855
0.6015037594	0.2345876764	0.2746744995	1.17088205	1.467154716	1.467789132
0.609273183	0.2355524834	0.27580522	1.170886488	1.473188798	1.473831408
0.6170426065	0.2365172905	0.2769359405	1.170890889	1.47922288	1.479873684
0.6248120301	0.2374820975	0.2780666609	1.170895254	1.485256961	1.48591596
0.6325814536	0.2384469046	0.2791973814	1.170899584	1.491291043	1.491958237
0.6403508772	0.2394117116	0.2803281019	1.170903879	1.497325125	1.498000513
0.6481203008	0.2403765187	0.2814588223	1.17090814	1.503359207	1.504042789
0.6558897243	0.2413413257	0.2825895428	1.170912366	1.509393288	1.510085066
0.6636591479	0.2423061328	0.2837202633	1.170916559	1.51542737	1.516127342
0.6714285714	0.2432709398	0.2848509837	1.170920719	1.521461452	1.522169618
0.679197995	0.2442357469	0.2859817042	1.170924846	1.527495534	1.528211894
0.6869674185	0.245200554	0.2871124247	1.17092894	1.533529615	1.534254171
0.6947368421	0.246165361	0.2882431452	1.170933002	1.539563697	1.540296447
0.7025062657	0.2471301681	0.2893738656	1.170937032	1.545597779	1.546338723
0.7102756892	0.2480949751	0.2905045861	1.170941032	1.551631861	1.552381
0.7180451128	0.2490597822	0.2916353066	1.170945	1.557665942	1.558423276
0.7258145363	0.2500245892	0.292766027	1.170948937	1.563700024	1.564465552
0.7335839599	0.2509893963	0.2938967475	1.170952844	1.569734106	1.570507828
0.7413533835	0.2519542033	0.295027468	1.170956722	1.575768188	1.576550105
0.749122807	0.2529190104	0.2961581884	1.17096057	1.581802269	1.582592381
0.7568922306	0.2538838174	0.2972889089	1.170964388	1.587836351	1.588634657
0.7646616541	0.2548486245	0.2984196294	1.170968178	1.593870433	1.594676933
0.7724310777	0.2558134315	0.2995503498	1.170971939	1.599904515	1.60071921
0.7802005013	0.2567782386	0.3006810703	1.170975671	1.605938596	1.606761486
0.7879699248	0.2577430456	0.3018117908	1.170979376	1.611972678	1.612803762
0.7957393484	0.2587078527	0.3029425112	1.170983053	1.61800676	1.618846039
0.8035087719	0.2596726597	0.3040732317	1.170986703	1.624040842	1.624888315
0.8112781955	0.2606374668	0.3052039522	1.170990326	1.630074923	1.630930591
0.819047619	0.2616022738	0.3063346726	1.170993922	1.636109005	1.636972867
0.8268170426	0.2625670809	0.3074653931	1.170997492	1.642143087	1.643015144
0.8345864662	0.2635318879	0.3085961136	1.171001035	1.648177169	1.64905742
0.8423558897	0.264496695	0.309726834	1.171004553	1.65421125	1.655099696
0.8501253133	0.265461502	0.3108575545	1.171008045	1.660245332	1.661141973
0.8578947368	0.2664263091	0.311988275	1.171011512	1.666279414	1.667184249
0.8656641604	0.2673911161	0.3131189955	1.171014954	1.672313496	1.673226525
0.873433584	0.2683559232	0.3142497159	1.171018371	1.678347577	1.679268801
0.8812030075	0.2693207303	0.3153804364	1.171021763	1.684381659	1.685311078
0.8889724311	0.2702855373	0.3165111569	1.171025131	1.690415741	1.691353354
0.8967418546	0.2712503444	0.3176418773	1.171028476	1.696449823	1.69739563
0.9045112782	0.2722151514	0.3187725978	1.171031797	1.702483904	1.703437907
0.9122807018	0.2731799585	0.3199033183	1.171035094	1.708517986	1.709480183
0.9200501253	0.2741447655	0.3210340387	1.171038368	1.714552068	1.715522459
0.9278195489	0.2751095726	0.3221647592	1.171041619	1.72058615	1.721564735
0.9355889724	0.2760743796	0.3232954797	1.171044847	1.726620231	1.727607012
0.943358396	0.2770391867	0.3244262001	1.171048053	1.732654313	1.733649288
0.9511278195	0.2780039937	0.3255569206	1.171051236	1.738688395	1.739691564
0.9588972431	0.2789688008	0.3266876411	1.171054398	1.744722477	1.745733841
0.9666666667	0.2799336078	0.3278183615	1.171057538	1.750756558	1.751776117
0.9744360902	0.2808984149	0.328949082	1.171060656	1.75679064	1.757818393
0.9822055138	0.2818632219	0.3300798025	1.171063753	1.762824722	1.763860669
0.9899749373	0.282828029	0.3312105229	1.171066829	1.768858804	1.769902946
0.9977443609	0.283792836	0.3323412434	1.171069883	1.774892885	1.775945222
1.005513784	0.2847576431	0.3334719639	1.171072918	1.780926967	1.781987498
1.013283208	0.2857224501	0.3346026843	1.171075931	1.786961049	1.788029775
1.021052632	0.2866872572	0.3357334048	1.171078924	1.792995131	1.794072051
1.028822055	0.2876520642	0.3368641253	1.171081898	1.799029212	1.800114327
1.036591479	0.2886168713	0.3379948457	1.171084851	1.805063294	1.806156603
1.044360902	0.2895816783	0.3391255662	1.171087785	1.811097376	1.81219888
1.052130326	0.2905464854	0.3402562867	1.171090699	1.817131458	1.818241156
1.059899749	0.2915112925	0.3413870072	1.171093594	1.823165539	1.824283432
1.067669173	0.2924760995	0.3425177276	1.17109647	1.829199621	1.830325709
1.075438596	0.2934409066	0.3436484481	1.171099327	1.835233703	1.836367985
1.08320802	0.2944057136	0.3447791686	1.171102165	1.841267785	1.842410261
1.090977444	0.2953705207	0.345909889	1.171104985	1.847301866	1.848452537
1.098746867	0.2963353277	0.3470406095	1.171107786	1.853335948	1.854494814
1.106516291	0.2973001348	0.34817133	1.171110569	1.85937003	1.86053709
1.114285714	0.2982649418	0.3493020504	1.171113334	1.865404112	1.866579366
1.122055138	0.2992297489	0.3504327709	1.171116081	1.871438193	1.872621643
1.129824561	0.3001945559	0.3515634914	1.171118811	1.877472275	1.878663919
1.137593985	0.301159363	0.3526942118	1.171121523	1.883506357	1.884706195
1.145363409	0.30212417	0.3538249323	1.171124218	1.889540439	1.890748471
1.153132832	0.3030889771	0.3549556528	1.171126895	1.89557452	1.896790748
1.160902256	0.3040537841	0.3560863732	1.171129556	1.901608602	1.902833024
1.168671679	0.3050185912	0.3572170937	1.1711322	1.907642684	1.9088753
1.176441103	0.3059833982	0.3583478142	1.171134827	1.913676766	1.914917576
1.184210526	0.3069482053	0.3594785346	1.171137438	1.919710847	1.920959853
1.19197995	0.3079130123	0.3606092551	1.171140032	1.925744929	1.927002129
1.199749373	0.3088778194	0.3617399756	1.17114261	1.931779011	1.933044405
1.207518797	0.3098426264	0.362870696	1.171145172	1.937813093	1.939086682
1.215288221	0.3108074335	0.3640014165	1.171147718	1.943847174	1.945128958
1.223057644	0.3117722405	0.365132137	1.171150248	1.949881256	1.951171234
1.230827068	0.3127370476	0.3662628575	1.171152763	1.955915338	1.95721351
1.238596491	0.3137018547	0.3673935779	1.171155262	1.96194942	1.963255787
1.246365915	0.3146666617	0.3685242984	1.171157746	1.967983501	1.969298063
1.254135338	0.3156314688	0.3696550189	1.171160215	1.974017583	1.975340339
1.261904762	0.3165962758	0.3707857393	1.171162669	1.980051665	1.981382616
1.269674185	0.3175610829	0.3719164598	1.171165108	1.986085746	1.987424892
1.277443609	0.3185258899	0.3730471803	1.171167532	1.992119828	1.993467168
1.285213033	0.319490697	0.3741779007	1.171169941	1.99815391	1.999509444
1.292982456	0.320455504	0.3753086212	1.171172336	2.004187992	2.005551721
1.30075188	0.3214203111	0.3764393417	1.171174716	2.010222073	2.011593997
1.308521303	0.3223851181	0.3775700621	1.171177083	2.016256155	2.017636273
1.316290727	0.3233499252	0.3787007826	1.171179435	2.022290237	2.02367855
1.32406015	0.3243147322	0.3798315031	1.171181773	2.028324319	2.029720826
1.331829574	0.3252795393	0.3809622235	1.171184097	2.0343584	2.035763102
1.339598997	0.3262443463	0.382092944	1.171186408	2.040392482	2.041805378
1.347368421	0.3272091534	0.3832236645	1.171188705	2.046426564	2.047847655
1.355137845	0.3281739604	0.3843543849	1.171190988	2.052460646	2.053889931
1.362907268	0.3291387675	0.3854851054	1.171193258	2.058494727	2.059932207
1.370676692	0.3301035745	0.3866158259	1.171195515	2.064528809	2.065974484
1.378446115	0.3310683816	0.3877465463	1.171197758	2.070562891	2.07201676
1.386215539	0.3320331886	0.3888772668	1.171199989	2.076596973	2.078059036
1.393984962	0.3329979957	0.3900079873	1.171202206	2.082631054	2.084101312
1.401754386	0.3339628027	0.3911387078	1.171204411	2.088665136	2.090143589
1.40952381	0.3349276098	0.3922694282	1.171206603	2.094699218	2.096185865
1.417293233	0.3358924169	0.3934001487	1.171208783	2.1007333	2.102228141
1.425062657	0.3368572239	0.3945308692	1.17121095	2.106767381	2.108270418
1.43283208	0.337822031	0.3956615896	1.171213104	2.112801463	2.114312694
1.440601504	0.338786838	0.3967923101	1.171215247	2.118835545	2.12035497
1.448370927	0.3397516451	0.3979230306	1.171217377	2.124869627	2.126397246
1.456140351	0.3407164521	0.399053751	1.171219495	2.130903708	2.132439523
1.463909774	0.3416812592	0.4001844715	1.171221601	2.13693779	2.138481799
1.471679198	0.3426460662	0.401315192	1.171223696	2.142971872	2.144524075
1.479448622	0.3436108733	0.4024459124	1.171225778	2.149005954	2.150566352
1.487218045	0.3445756803	0.4035766329	1.171227849	2.155040035	2.156608628
1.494987469	0.3455404874	0.4047073534	1.171229908	2.161074117	2.162650904
1.502756892	0.3465052944	0.4058380738	1.171231956	2.167108199	2.16869318
1.510526316	0.3474701015	0.4069687943	1.171233993	2.173142281	2.174735457
1.518295739	0.3484349085	0.4080995148	1.171236018	2.179176362	2.180777733
1.526065163	0.3493997156	0.4092302352	1.171238032	2.185210444	2.186820009
1.533834586	0.3503645226	0.4103609557	1.171240035	2.191244526	2.192862285
1.54160401	0.3513293297	0.4114916762	1.171242027	2.197278608	2.198904562
1.549373434	0.3522941367	0.4126223966	1.171244008	2.203312689	2.204946838
1.557142857	0.3532589438	0.4137531171	1.171245978	2.209346771	2.210989114
1.564912281	0.3542237508	0.4148838376	1.171247937	2.215380853	2.217031391
1.572681704	0.3551885579	0.4160145581	1.171249886	2.221414935	2.223073667
1.580451128	0.3561533649	0.4171452785	1.171251825	2.227449016	2.229115943
1.588220551	0.357118172	0.418275999	1.171253752	2.233483098	2.235158219
1.595989975	0.358082979	0.4194067195	1.17125567	2.23951718	2.241200496
1.603759398	0.3590477861	0.4205374399	1.171257577	2.245551262	2.247242772
1.611528822	0.3600125932	0.4216681604	1.171259474	2.251585343	2.253285048
1.619298246	0.3609774002	0.4227988809	1.17126136	2.257619425	2.259327325
1.627067669	0.3619422073	0.4239296013	1.171263237	2.263653507	2.265369601
1.634837093	0.3629070143	0.4250603218	1.171265104	2.269687589	2.271411877
1.642606516	0.3638718214	0.4261910423	1.171266961	2.27572167	2.277454153
1.65037594	0.3648366284	0.4273217627	1.171268808	2.281755752	2.28349643
1.658145363	0.3658014355	0.4284524832	1.171270645	2.287789834	2.289538706
1.665914787	0.3667662425	0.4295832037	1.171272472	2.293823916	2.295580982
1.673684211	0.3677310496	0.4307139241	1.17127429	2.299857997	2.301623259
1.681453634	0.3686958566	0.4318446446	1.171276099	2.305892079	2.307665535
1.689223058	0.3696606637	0.4329753651	1.171277898	2.311926161	2.313707811
1.696992481	0.3706254707	0.4341060855	1.171279688	2.317960243	2.319750087
1.704761905	0.3715902778	0.435236806	1.171281468	2.323994324	2.325792364
1.712531328	0.3725550848	0.4363675265	1.171283239	2.330028406	2.33183464
1.720300752	0.3735198919	0.4374982469	1.171285001	2.336062488	2.337876916
1.728070175	0.3744846989	0.4386289674	1.171286754	2.34209657	2.343919193
1.735839599	0.375449506	0.4397596879	1.171288498	2.348130651	2.349961469
1.743609023	0.376414313	0.4408904084	1.171290233	2.354164733	2.356003745
1.751378446	0.3773791201	0.4420211288	1.171291959	2.360198815	2.362046021
1.75914787	0.3783439271	0.4431518493	1.171293676	2.366232897	2.368088298
1.766917293	0.3793087342	0.4442825698	1.171295385	2.372266978	2.374130574
1.774686717	0.3802735412	0.4454132902	1.171297085	2.37830106	2.38017285
1.78245614	0.3812383483	0.4465440107	1.171298776	2.384335142	2.386215127
1.790225564	0.3822031554	0.4476747312	1.171300459	2.390369224	2.392257403
1.797994987	0.3831679624	0.4488054516	1.171302133	2.396403305	2.398299679
1.805764411	0.3841327695	0.4499361721	1.171303799	2.402437387	2.404341955
1.813533835	0.3850975765	0.4510668926	1.171305456	2.408471469	2.410384232
1.821303258	0.3860623836	0.452197613	1.171307106	2.414505551	2.416426508
1.829072682	0.3870271906	0.4533283335	1.171308747	2.420539632	2.422468784
1.836842105	0.3879919977	0.454459054	1.171310379	2.426573714	2.428511061
1.844611529	0.3889568047	0.4555897744	1.171312004	2.432607796	2.434553337
1.852380952	0.3899216118	0.4567204949	1.171313621	2.438641878	2.440595613
1.860150376	0.3908864188	0.4578512154	1.17131523	2.444675959	2.446637889
1.867919799	0.3918512259	0.4589819358	1.17131683	2.450710041	2.452680166
1.875689223	0.3928160329	0.4601126563	1.171318423	2.456744123	2.458722442
1.883458647	0.39378084	0.4612433768	1.171320008	2.462778205	2.464764718
1.89122807	0.394745647	0.4623740972	1.171321586	2.468812286	2.470806994
1.898997494	0.3957104541	0.4635048177	1.171323155	2.474846368	2.476849271
1.906766917	0.3966752611	0.4646355382	1.171324717	2.48088045	2.482891547
1.914536341	0.3976400682	0.4657662587	1.171326272	2.486914532	2.488933823
1.922305764	0.3986048752	0.4668969791	1.171327819	2.492948613	2.4949761
1.930075188	0.3995696823	0.4680276996	1.171329358	2.498982695	2.501018376
1.937844612	0.4005344893	0.4691584201	1.17133089	2.505016777	2.507060652
1.945614035	0.4014992964	0.4702891405	1.171332415	2.511050859	2.513102928
1.953383459	0.4024641034	0.471419861	1.171333933	2.51708494	2.519145205
1.961152882	0.4034289105	0.4725505815	1.171335443	2.523119022	2.525187481
1.968922306	0.4043937176	0.4736813019	1.171336946	2.529153104	2.531229757
1.976691729	0.4053585246	0.4748120224	1.171338441	2.535187186	2.537272034
1.984461153	0.4063233317	0.4759427429	1.17133993	2.541221267	2.54331431
1.992230576	0.4072881387	0.4770734633	1.171341412	2.547255349	2.549356586
2	0.4082529458	0.4782041838	1.171342886	2.553289431	2.555398862
