# VHH-NNLO SMEFT scan points
# process: WminusHH
# energy_tev: 13.6
# scan_axis: phiW
# fixed_wcs: phi=0,phiBox=0,phiD=0,phiW=0,phiq3st=0
#
phiW	sigma_lo	sigma_nnlo	k	sigma_smeft_over_sm_lo	sigma_smeft_over_sm_nnlo
-0.3	0.01530294372	0.01841217814	1.203178845	0.09570744035	0.09838989427
-0.2967418546	0.0168732611	0.02024458812	1.19980293	0.1055284957	0.1081818169
-0.2934837093	0.01844357849	0.02207699809	1.197001878	0.1153495511	0.1179737395
-0.2902255639	0.02001389587	0.02390940807	1.194640375	0.1251706065	0.1277656621
-0.2869674185	0.02158421326	0.02574181804	1.192622484	0.1349916618	0.1375575847
-0.2837092732	0.02315453065	0.02757422801	1.190878297	0.1448127172	0.1473495074
-0.2804511278	0.02472484803	0.02940663799	1.189355662	0.1546337726	0.15714143
-0.2771929825	0.02629516542	0.03123904796	1.188014887	0.1644548279	0.1669333526
-0.2739348371	0.0278654828	0.03307145794	1.186825226	0.1742758833	0.1767252752
-0.2706766917	0.02943580019	0.03490386791	1.185762496	0.1840969387	0.1865171978
-0.2674185464	0.03100611758	0.03673627789	1.184807411	0.193917994	0.1963091205
-0.264160401	0.03257643496	0.03856868786	1.183944404	0.2037390494	0.2061010431
-0.2609022556	0.03414675235	0.04040109783	1.183160771	0.2135601048	0.2158929657
-0.2576441103	0.03571706973	0.04223350781	1.182446044	0.2233811601	0.2256848883
-0.2543859649	0.03728738712	0.04406591778	1.181791517	0.2332022155	0.2354768109
-0.2511278195	0.0388577045	0.04589832776	1.181189891	0.2430232709	0.2452687335
-0.2478696742	0.04042802189	0.04773073773	1.180635003	0.2528443262	0.2550606562
-0.2446115288	0.04199833928	0.04956314771	1.180121609	0.2626653816	0.2648525788
-0.2413533835	0.04356865666	0.05139555768	1.179645222	0.272486437	0.2746445014
-0.2380952381	0.04513897405	0.05322796765	1.179201982	0.2823074923	0.284436424
-0.2348370927	0.04670929143	0.05506037763	1.178788544	0.2921285477	0.2942283466
-0.2315789474	0.04827960882	0.0568927876	1.178402	0.3019496031	0.3040202693
-0.228320802	0.04984992621	0.05872519758	1.17803981	0.3117706584	0.3138121919
-0.2250626566	0.05142024359	0.06055760755	1.177699741	0.3215917138	0.3236041145
-0.2218045113	0.05299056098	0.06239001753	1.177379827	0.3314127692	0.3333960371
-0.2185463659	0.05456087836	0.0642224275	1.177078328	0.3412338245	0.3431879597
-0.2152882206	0.05613119575	0.06605483747	1.176793699	0.3510548799	0.3529798824
-0.2120300752	0.05770151313	0.06788724745	1.176524562	0.3608759353	0.362771805
-0.2087719298	0.05927183052	0.06971965742	1.176269685	0.3706969907	0.3725637276
-0.2055137845	0.06084214791	0.0715520674	1.176027965	0.380518046	0.3823556502
-0.2022556391	0.06241246529	0.07338447737	1.175798409	0.3903391014	0.3921475728
-0.1989974937	0.06398278268	0.07521688734	1.17558012	0.4001601568	0.4019394954
-0.1957393484	0.06555310006	0.07704929732	1.17537229	0.4099812121	0.4117314181
-0.192481203	0.06712341745	0.07888170729	1.175174183	0.4198022675	0.4215233407
-0.1892230576	0.06869373484	0.08071411727	1.174985135	0.4296233229	0.4313152633
-0.1859649123	0.07026405222	0.08254652724	1.174804536	0.4394443782	0.4411071859
-0.1827067669	0.07183436961	0.08437893722	1.174631833	0.4492654336	0.4508991085
-0.1794486216	0.07340468699	0.08621134719	1.174466519	0.459086489	0.4606910312
-0.1761904762	0.07497500438	0.08804375716	1.17430813	0.4689075443	0.4704829538
-0.1729323308	0.07654532176	0.08987616714	1.174156239	0.4787285997	0.4802748764
-0.1696741855	0.07811563915	0.09170857711	1.174010456	0.4885496551	0.490066799
-0.1664160401	0.07968595654	0.09354098709	1.173870418	0.4983707104	0.4998587216
-0.1631578947	0.08125627392	0.09537339706	1.173735792	0.5081917658	0.5096506443
-0.1598997494	0.08282659131	0.09720580704	1.173606272	0.5180128212	0.5194425669
-0.156641604	0.08439690869	0.09903821701	1.173481571	0.5278338765	0.5292344895
-0.1533834586	0.08596722608	0.100870627	1.173361426	0.5376549319	0.5390264121
-0.1501253133	0.08753754347	0.102703037	1.173245591	0.5474759873	0.5488183347
-0.1468671679	0.08910786085	0.1045354469	1.17313384	0.5572970426	0.5586102573
-0.1436090226	0.09067817824	0.1063678569	1.173025958	0.567118098	0.56840218
-0.1403508772	0.09224849562	0.1082002669	1.17292175	0.5769391534	0.5781941026
-0.1370927318	0.09381881301	0.1100326769	1.172821029	0.5867602087	0.5879860252
-0.1338345865	0.09538913039	0.1118650868	1.172723626	0.5965812641	0.5977779478
-0.1305764411	0.09695944778	0.1136974968	1.172629377	0.6064023195	0.6075698704
-0.1273182957	0.09852976517	0.1155299068	1.172538132	0.6162233749	0.6173617931
-0.1240601504	0.1001000826	0.1173623168	1.17244975	0.6260444302	0.6271537157
-0.120802005	0.1016703999	0.1191947267	1.172364098	0.6358654856	0.6369456383
-0.1175438596	0.1032407173	0.1210271367	1.172281052	0.645686541	0.6467375609
-0.1142857143	0.1048110347	0.1228595467	1.172200494	0.6555075963	0.6565294835
-0.1110275689	0.1063813521	0.1246919566	1.172122315	0.6653286517	0.6663214061
-0.1077694236	0.1079516695	0.1265243666	1.17204641	0.6751497071	0.6761133288
-0.1045112782	0.1095219869	0.1283567766	1.171972681	0.6849707624	0.6859052514
-0.1012531328	0.1110923043	0.1301891866	1.171901037	0.6947918178	0.695697174
-0.09799498747	0.1126626216	0.1320215965	1.17183139	0.7046128732	0.7054890966
-0.09473684211	0.114232939	0.1338540065	1.171763658	0.7144339285	0.7152810192
-0.09147869674	0.1158032564	0.1356864165	1.171697763	0.7242549839	0.7250729419
-0.08822055138	0.1173735738	0.1375188265	1.171633631	0.7340760393	0.7348648645
-0.08496240602	0.1189438912	0.1393512364	1.171571193	0.7438970946	0.7446567871
-0.08170426065	0.1205142086	0.1411836464	1.171510381	0.75371815	0.7544487097
-0.07844611529	0.122084526	0.1430160564	1.171451134	0.7635392054	0.7642406323
-0.07518796992	0.1236548433	0.1448484664	1.171393392	0.7733602607	0.774032555
-0.07192982456	0.1252251607	0.1466808763	1.171337098	0.7831813161	0.7838244776
-0.0686716792	0.1267954781	0.1485132863	1.171282198	0.7930023715	0.7936164002
-0.06541353383	0.1283657955	0.1503456963	1.171228642	0.8028234268	0.8034083228
-0.06215538847	0.1299361129	0.1521781063	1.17117638	0.8126444822	0.8132002454
-0.05889724311	0.1315064303	0.1540105162	1.171125366	0.8224655376	0.822992168
-0.05563909774	0.1330767477	0.1558429262	1.171075556	0.8322865929	0.8327840907
-0.05238095238	0.134647065	0.1576753362	1.171026908	0.8421076483	0.8425760133
-0.04912280702	0.1362173824	0.1595077462	1.170979381	0.8519287037	0.8523679359
-0.04586466165	0.1377876998	0.1613401561	1.170932938	0.8617497591	0.8621598585
-0.04260651629	0.1393580172	0.1631725661	1.170887541	0.8715708144	0.8719517811
-0.03934837093	0.1409283346	0.1650049761	1.170843156	0.8813918698	0.8817437038
-0.03609022556	0.142498652	0.1668373861	1.17079975	0.8912129252	0.8915356264
-0.0328320802	0.1440689694	0.168669796	1.170757289	0.9010339805	0.901327549
-0.02957393484	0.1456392867	0.170502206	1.170715744	0.9108550359	0.9111194716
-0.02631578947	0.1472096041	0.172334616	1.170675086	0.9206760913	0.9209113942
-0.02305764411	0.1487799215	0.174167026	1.170635286	0.9304971466	0.9307033169
-0.01979949875	0.1503502389	0.1759994359	1.170596317	0.940318202	0.9404952395
-0.01654135338	0.1519205563	0.1778318459	1.170558154	0.9501392574	0.9502871621
-0.01328320802	0.1534908737	0.1796642559	1.170520772	0.9599603127	0.9600790847
-0.01002506266	0.1550611911	0.1814966658	1.170484146	0.9697813681	0.9698710073
-0.006766917293	0.1566315084	0.1833290758	1.170448256	0.9796024235	0.9796629299
-0.00350877193	0.1582018258	0.1851614858	1.170413077	0.9894234788	0.9894548526
-0.0002506265664	0.1597721432	0.1869938958	1.17037859	0.9992445342	0.9992467752
0.003007518797	0.1613424606	0.1888263057	1.170344775	1.00906559	1.009038698
0.00626566416	0.162912778	0.1906587157	1.170311611	1.018886645	1.01883062
0.009523809524	0.1644830954	0.1924911257	1.170279081	1.0287077	1.028622543
0.01278195489	0.1660534128	0.1943235357	1.170247166	1.038528756	1.038414466
0.01604010025	0.1676237301	0.1961559456	1.170215849	1.048349811	1.048206388
0.01929824561	0.1691940475	0.1979883556	1.170185113	1.058170866	1.057998311
0.02255639098	0.1707643649	0.1998207656	1.170154942	1.067991922	1.067790234
0.02581453634	0.1723346823	0.2016531756	1.170125322	1.077812977	1.077582156
0.0290726817	0.1739049997	0.2034855855	1.170096236	1.087634033	1.087374079
0.03233082707	0.1754753171	0.2053179955	1.170067671	1.097455088	1.097166001
0.03558897243	0.1770456345	0.2071504055	1.170039612	1.107276143	1.106957924
0.03884711779	0.1786159518	0.2089828155	1.170012047	1.117097199	1.116749847
0.04210526316	0.1801862692	0.2108152254	1.169984962	1.126918254	1.126541769
0.04536340852	0.1817565866	0.2126476354	1.169958346	1.136739309	1.136333692
0.04862155388	0.183326904	0.2144800454	1.169932185	1.146560365	1.146125614
0.05187969925	0.1848972214	0.2163124554	1.169906469	1.15638142	1.155917537
0.05513784461	0.1864675388	0.2181448653	1.169881186	1.166202475	1.16570946
0.05839598997	0.1880378562	0.2199772753	1.169856325	1.176023531	1.175501382
0.06165413534	0.1896081735	0.2218096853	1.169831876	1.185844586	1.185293305
0.0649122807	0.1911784909	0.2236420953	1.169807828	1.195665642	1.195085228
0.06817042607	0.1927488083	0.2254745052	1.169784172	1.205486697	1.20487715
0.07142857143	0.1943191257	0.2273069152	1.169760899	1.215307752	1.214669073
0.07468671679	0.1958894431	0.2291393252	1.169737999	1.225128808	1.224460995
0.07794486216	0.1974597605	0.2309717352	1.169715463	1.234949863	1.234252918
0.08120300752	0.1990300779	0.2328041451	1.169693283	1.244770918	1.244044841
0.08446115288	0.2006003952	0.2346365551	1.16967145	1.254591974	1.253836763
0.08771929825	0.2021707126	0.2364689651	1.169649956	1.264413029	1.263628686
0.09097744361	0.20374103	0.2383013751	1.169628793	1.274234085	1.273420609
0.09423558897	0.2053113474	0.240133785	1.169607954	1.28405514	1.283212531
0.09749373434	0.2068816648	0.241966195	1.169587432	1.293876195	1.293004454
0.1007518797	0.2084519822	0.243798605	1.169567218	1.303697251	1.302796376
0.1040100251	0.2100222996	0.2456310149	1.169547307	1.313518306	1.312588299
0.1072681704	0.2115926169	0.2474634249	1.169527692	1.323339361	1.322380222
0.1105263158	0.2131629343	0.2492958349	1.169508365	1.333160417	1.332172144
0.1137844612	0.2147332517	0.2511282449	1.169489322	1.342981472	1.341964067
0.1170426065	0.2163035691	0.2529606548	1.169470554	1.352802527	1.351755989
0.1203007519	0.2178738865	0.2547930648	1.169452057	1.362623583	1.361547912
0.1235588972	0.2194442039	0.2566254748	1.169433825	1.372444638	1.371339835
0.1268170426	0.2210145213	0.2584578848	1.169415852	1.382265694	1.381131757
0.130075188	0.2225848386	0.2602902947	1.169398133	1.392086749	1.39092368
0.1333333333	0.224155156	0.2621227047	1.169380662	1.401907804	1.400715603
0.1365914787	0.2257254734	0.2639551147	1.169363434	1.41172886	1.410507525
0.1398496241	0.2272957908	0.2657875247	1.169346444	1.421549915	1.420299448
0.1431077694	0.2288661082	0.2676199346	1.169329687	1.43137097	1.43009137
0.1463659148	0.2304364256	0.2694523446	1.169313158	1.441192026	1.439883293
0.1496240602	0.232006743	0.2712847546	1.169296854	1.451013081	1.449675216
0.1528822055	0.2335770603	0.2731171646	1.169280768	1.460834136	1.459467138
0.1561403509	0.2351473777	0.2749495745	1.169264898	1.470655192	1.469259061
0.1593984962	0.2367176951	0.2767819845	1.169249237	1.480476247	1.479050983
0.1626566416	0.2382880125	0.2786143945	1.169233784	1.490297303	1.488842906
0.165914787	0.2398583299	0.2804468045	1.169218532	1.500118358	1.498634829
0.1691729323	0.2414286473	0.2822792144	1.169203479	1.509939413	1.508426751
0.1724310777	0.2429989647	0.2841116244	1.169188621	1.519760469	1.518218674
0.1756892231	0.244569282	0.2859440344	1.169173953	1.529581524	1.528010597
0.1789473684	0.2461395994	0.2877764444	1.169159473	1.539402579	1.537802519
0.1822055138	0.2477099168	0.2896088543	1.169145176	1.549223635	1.547594442
0.1854636591	0.2492802342	0.2914412643	1.169131059	1.55904469	1.557386364
0.1887218045	0.2508505516	0.2932736743	1.169117119	1.568865746	1.567178287
0.1919799499	0.252420869	0.2951060843	1.169103353	1.578686801	1.57697021
0.1952380952	0.2539911864	0.2969384942	1.169089757	1.588507856	1.586762132
0.1984962406	0.2555615037	0.2987709042	1.169076327	1.598328912	1.596554055
0.201754386	0.2571318211	0.3006033142	1.169063062	1.608149967	1.606345978
0.2050125313	0.2587021385	0.3024357241	1.169049958	1.617971022	1.6161379
0.2082706767	0.2602724559	0.3042681341	1.169037012	1.627792078	1.625929823
0.2115288221	0.2618427733	0.3061005441	1.169024221	1.637613133	1.635721745
0.2147869674	0.2634130907	0.3079329541	1.169011583	1.647434188	1.645513668
0.2180451128	0.2649834081	0.309765364	1.168999094	1.657255244	1.655305591
0.2213032581	0.2665537254	0.311597774	1.168986753	1.667076299	1.665097513
0.2245614035	0.2681240428	0.313430184	1.168974556	1.676897355	1.674889436
0.2278195489	0.2696943602	0.315262594	1.168962502	1.68671841	1.684681358
0.2310776942	0.2712646776	0.3170950039	1.168950586	1.696539465	1.694473281
0.2343358396	0.272834995	0.3189274139	1.168938808	1.706360521	1.704265204
0.237593985	0.2744053124	0.3207598239	1.168927165	1.716181576	1.714057126
0.2408521303	0.2759756298	0.3225922339	1.168915654	1.726002631	1.723849049
0.2441102757	0.2775459472	0.3244246438	1.168904274	1.735823687	1.733640972
0.2473684211	0.2791162645	0.3262570538	1.168893022	1.745644742	1.743432894
0.2506265664	0.2806865819	0.3280894638	1.168881895	1.755465798	1.753224817
0.2538847118	0.2822568993	0.3299218738	1.168870892	1.765286853	1.763016739
0.2571428571	0.2838272167	0.3317542837	1.168860011	1.775107908	1.772808662
0.2604010025	0.2853975341	0.3335866937	1.16884925	1.784928964	1.782600585
0.2636591479	0.2869678515	0.3354191037	1.168838607	1.794750019	1.792392507
0.2669172932	0.2885381689	0.3372515137	1.168828079	1.804571074	1.80218443
0.2701754386	0.2901084862	0.3390839236	1.168817666	1.81439213	1.811976353
0.273433584	0.2916788036	0.3409163336	1.168807364	1.824213185	1.821768275
0.2766917293	0.293249121	0.3427487436	1.168797173	1.83403424	1.831560198
0.2799498747	0.2948194384	0.3445811536	1.16878709	1.843855296	1.84135212
0.2832080201	0.2963897558	0.3464135635	1.168777115	1.853676351	1.851144043
0.2864661654	0.2979600732	0.3482459735	1.168767244	1.863497407	1.860935966
0.2897243108	0.2995303906	0.3500783835	1.168757477	1.873318462	1.870727888
0.2929824561	0.3011007079	0.3519107935	1.168747812	1.883139517	1.880519811
0.2962406015	0.3026710253	0.3537432034	1.168738247	1.892960573	1.890311733
0.2994987469	0.3042413427	0.3555756134	1.16872878	1.902781628	1.900103656
0.3027568922	0.3058116601	0.3574080234	1.168719411	1.912602683	1.909895579
0.3060150376	0.3073819775	0.3592404334	1.168710138	1.922423739	1.919687501
0.309273183	0.3089522949	0.3610728433	1.168700959	1.932244794	1.929479424
0.3125313283	0.3105226123	0.3629052533	1.168691873	1.94206585	1.939271347
0.3157894737	0.3120929296	0.3647376633	1.168682878	1.951886905	1.949063269
0.319047619	0.313663247	0.3665700732	1.168673974	1.96170796	1.958855192
0.3223057644	0.3152335644	0.3684024832	1.168665158	1.971529016	1.968647114
0.3255639098	0.3168038818	0.3702348932	1.168656429	1.981350071	1.978439037
0.3288220551	0.3183741992	0.3720673032	1.168647787	1.991171126	1.98823096
0.3320802005	0.3199445166	0.3738997131	1.168639229	2.000992182	1.998022882
0.3353383459	0.321514834	0.3757321231	1.168630755	2.010813237	2.007814805
0.3385964912	0.3230851513	0.3775645331	1.168622363	2.020634292	2.017606728
0.3418546366	0.3246554687	0.3793969431	1.168614053	2.030455348	2.02739865
0.345112782	0.3262257861	0.381229353	1.168605822	2.040276403	2.037190573
0.3483709273	0.3277961035	0.383061763	1.168597671	2.050097459	2.046982495
0.3516290727	0.3293664209	0.384894173	1.168589597	2.059918514	2.056774418
0.354887218	0.3309367383	0.386726583	1.1685816	2.069739569	2.066566341
0.3581453634	0.3325070557	0.3885589929	1.168573678	2.079560625	2.076358263
0.3614035088	0.334077373	0.3903914029	1.168565831	2.08938168	2.086150186
0.3646616541	0.3356476904	0.3922238129	1.168558057	2.099202735	2.095942108
0.3679197995	0.3372180078	0.3940562229	1.168550355	2.109023791	2.105734031
0.3711779449	0.3387883252	0.3958886328	1.168542725	2.118844846	2.115525954
0.3744360902	0.3403586426	0.3977210428	1.168535166	2.128665902	2.125317876
0.3776942356	0.34192896	0.3995534528	1.168527676	2.138486957	2.135109799
0.380952381	0.3434992774	0.4013858628	1.168520254	2.148308012	2.144901722
0.3842105263	0.3450695947	0.4032182727	1.1685129	2.158129068	2.154693644
0.3874686717	0.3466399121	0.4050506827	1.168505612	2.167950123	2.164485567
0.390726817	0.3482102295	0.4068830927	1.16849839	2.177771178	2.174277489
0.3939849624	0.3497805469	0.4087155027	1.168491233	2.187592234	2.184069412
0.3972431078	0.3513508643	0.4105479126	1.16848414	2.197413289	2.193861335
0.4005012531	0.3529211817	0.4123803226	1.168477111	2.207234344	2.203653257
0.4037593985	0.3544914991	0.4142127326	1.168470143	2.2170554	2.21344518
0.4070175439	0.3560618164	0.4160451426	1.168463237	2.226876455	2.223237103
0.4102756892	0.3576321338	0.4178775525	1.168456391	2.236697511	2.233029025
0.4135338346	0.3592024512	0.4197099625	1.168449606	2.246518566	2.242820948
0.4167919799	0.3607727686	0.4215423725	1.168442879	2.256339621	2.25261287
0.4200501253	0.362343086	0.4233747824	1.168436211	2.266160677	2.262404793
0.4233082707	0.3639134034	0.4252071924	1.1684296	2.275981732	2.272196716
0.426566416	0.3654837208	0.4270396024	1.168423046	2.285802787	2.281988638
0.4298245614	0.3670540381	0.4288720124	1.168416549	2.295623843	2.291780561
0.4330827068	0.3686243555	0.4307044223	1.168410106	2.305444898	2.301572483
0.4363408521	0.3701946729	0.4325368323	1.168403718	2.315265954	2.311364406
0.4395989975	0.3717649903	0.4343692423	1.168397384	2.325087009	2.321156329
0.4428571429	0.3733353077	0.4362016523	1.168391104	2.334908064	2.330948251
0.4461152882	0.3749056251	0.4380340622	1.168384876	2.34472912	2.340740174
0.4493734336	0.3764759425	0.4398664722	1.1683787	2.354550175	2.350532097
0.4526315789	0.3780462598	0.4416988822	1.168372575	2.36437123	2.360324019
0.4558897243	0.3796165772	0.4435312922	1.168366501	2.374192286	2.370115942
0.4591478697	0.3811868946	0.4453637021	1.168360477	2.384013341	2.379907864
0.462406015	0.382757212	0.4471961121	1.168354503	2.393834396	2.389699787
0.4656641604	0.3843275294	0.4490285221	1.168348577	2.403655452	2.39949171
0.4689223058	0.3858978468	0.4508609321	1.1683427	2.413476507	2.409283632
0.4721804511	0.3874681642	0.452693342	1.16833687	2.423297563	2.419075555
0.4754385965	0.3890384815	0.454525752	1.168331087	2.433118618	2.428867478
0.4786967419	0.3906087989	0.456358162	1.168325351	2.442939673	2.4386594
0.4819548872	0.3921791163	0.458190572	1.16831966	2.452760729	2.448451323
0.4852130326	0.3937494337	0.4600229819	1.168314015	2.462581784	2.458243245
0.4884711779	0.3953197511	0.4618553919	1.168308415	2.472402839	2.468035168
0.4917293233	0.3968900685	0.4636878019	1.168302859	2.482223895	2.477827091
0.4949874687	0.3984603859	0.4655202119	1.168297347	2.49204495	2.487619013
0.498245614	0.4000307032	0.4673526218	1.168291879	2.501866005	2.497410936
0.5015037594	0.4016010206	0.4691850318	1.168286453	2.511687061	2.507202858
0.5047619048	0.403171338	0.4710174418	1.168281069	2.521508116	2.516994781
0.5080200501	0.4047416554	0.4728498518	1.168275727	2.531329172	2.526786704
0.5112781955	0.4063119728	0.4746822617	1.168270426	2.541150227	2.536578626
0.5145363409	0.4078822902	0.4765146717	1.168265167	2.550971282	2.546370549
0.5177944862	0.4094526076	0.4783470817	1.168259947	2.560792338	2.556162472
0.5210526316	0.4110229249	0.4801794916	1.168254768	2.570613393	2.565954394
0.5243107769	0.4125932423	0.4820119016	1.168249627	2.580434448	2.575746317
0.5275689223	0.4141635597	0.4838443116	1.168244526	2.590255504	2.585538239
0.5308270677	0.4157338771	0.4856767216	1.168239464	2.600076559	2.595330162
0.534085213	0.4173041945	0.4875091315	1.168234439	2.609897615	2.605122085
0.5373433584	0.4188745119	0.4893415415	1.168229452	2.61971867	2.614914007
0.5406015038	0.4204448293	0.4911739515	1.168224503	2.629539725	2.62470593
0.5438596491	0.4220151466	0.4930063615	1.16821959	2.639360781	2.634497852
0.5471177945	0.423585464	0.4948387714	1.168214713	2.649181836	2.644289775
0.5503759398	0.4251557814	0.4966711814	1.168209873	2.659002891	2.654081698
0.5536340852	0.4267260988	0.4985035914	1.168205068	2.668823947	2.66387362
0.5568922306	0.4282964162	0.5003360014	1.168200299	2.678645002	2.673665543
0.5601503759	0.4298667336	0.5021684113	1.168195564	2.688466057	2.683457466
0.5634085213	0.431437051	0.5040008213	1.168190864	2.698287113	2.693249388
0.5666666667	0.4330073683	0.5058332313	1.168186198	2.708108168	2.703041311
0.569924812	0.4345776857	0.5076656413	1.168181566	2.717929224	2.712833233
0.5731829574	0.4361480031	0.5094980512	1.168176967	2.727750279	2.722625156
0.5764411028	0.4377183205	0.5113304612	1.168172401	2.737571334	2.732417079
0.5796992481	0.4392886379	0.5131628712	1.168167867	2.74739239	2.742209001
0.5829573935	0.4408589553	0.5149952812	1.168163366	2.757213445	2.752000924
0.5862155388	0.4424292727	0.5168276911	1.168158897	2.7670345	2.761792847
0.5894736842	0.44399959	0.5186601011	1.168154459	2.776855556	2.771584769
0.5927318296	0.4455699074	0.5204925111	1.168150053	2.786676611	2.781376692
0.5959899749	0.4471402248	0.5223249211	1.168145678	2.796497667	2.791168614
0.5992481203	0.4487105422	0.524157331	1.168141333	2.806318722	2.800960537
0.6025062657	0.4502808596	0.525989741	1.168137019	2.816139777	2.81075246
0.605764411	0.451851177	0.527822151	1.168132735	2.825960833	2.820544382
0.6090225564	0.4534214944	0.529654561	1.16812848	2.835781888	2.830336305
0.6122807018	0.4549918117	0.5314869709	1.168124255	2.845602943	2.840128227
0.6155388471	0.4565621291	0.5333193809	1.168120058	2.855423999	2.84992015
0.6187969925	0.4581324465	0.5351517909	1.168115891	2.865245054	2.859712073
0.6220551378	0.4597027639	0.5369842009	1.168111752	2.875066109	2.869503995
0.6253132832	0.4612730813	0.5388166108	1.168107641	2.884887165	2.879295918
0.6285714286	0.4628433987	0.5406490208	1.168103558	2.89470822	2.889087841
0.6318295739	0.4644137161	0.5424814308	1.168099503	2.904529276	2.898879763
0.6350877193	0.4659840334	0.5443138407	1.168095475	2.914350331	2.908671686
0.6383458647	0.4675543508	0.5461462507	1.168091474	2.924171386	2.918463608
0.64160401	0.4691246682	0.5479786607	1.1680875	2.933992442	2.928255531
0.6448621554	0.4706949856	0.5498110707	1.168083552	2.943813497	2.938047454
0.6481203008	0.472265303	0.5516434806	1.168079631	2.953634552	2.947839376
0.6513784461	0.4738356204	0.5534758906	1.168075735	2.963455608	2.957631299
0.6546365915	0.4754059378	0.5553083006	1.168071865	2.973276663	2.967423222
0.6578947368	0.4769762552	0.5571407106	1.168068021	2.983097719	2.977215144
0.6611528822	0.4785465725	0.5589731205	1.168064202	2.992918774	2.987007067
0.6644110276	0.4801168899	0.5608055305	1.168060408	3.002739829	2.996798989
0.6676691729	0.4816872073	0.5626379405	1.168056639	3.012560885	3.006590912
0.6709273183	0.4832575247	0.5644703505	1.168052894	3.02238194	3.016382835
0.6741854637	0.4848278421	0.5663027604	1.168049174	3.032202995	3.026174757
0.677443609	0.4863981595	0.5681351704	1.168045477	3.042024051	3.03596668
0.6807017544	0.4879684769	0.5699675804	1.168041805	3.051845106	3.045758602
0.6839598997	0.4895387942	0.5717999904	1.168038156	3.061666161	3.055550525
0.6872180451	0.4911091116	0.5736324003	1.16803453	3.071487217	3.065342448
0.6904761905	0.492679429	0.5754648103	1.168030927	3.081308272	3.07513437
0.6937343358	0.4942497464	0.5772972203	1.168027347	3.091129328	3.084926293
0.6969924812	0.4958200638	0.5791296303	1.16802379	3.100950383	3.094718216
0.7002506266	0.4973903812	0.5809620402	1.168020256	3.110771438	3.104510138
0.7035087719	0.4989606986	0.5827944502	1.168016743	3.120592494	3.114302061
0.7067669173	0.5005310159	0.5846268602	1.168013253	3.130413549	3.124093983
0.7100250627	0.5021013333	0.5864592702	1.168009785	3.140234604	3.133885906
0.713283208	0.5036716507	0.5882916801	1.168006338	3.15005566	3.143677829
0.7165413534	0.5052419681	0.5901240901	1.168002912	3.159876715	3.153469751
0.7197994987	0.5068122855	0.5919565001	1.167999508	3.169697771	3.163261674
0.7230576441	0.5083826029	0.5937889101	1.167996125	3.179518826	3.173053597
0.7263157895	0.5099529203	0.59562132	1.167992762	3.189339881	3.182845519
0.7295739348	0.5115232376	0.59745373	1.167989421	3.199160937	3.192637442
0.7328320802	0.513093555	0.59928614	1.167986099	3.208981992	3.202429364
0.7360902256	0.5146638724	0.6011185499	1.167982798	3.218803047	3.212221287
0.7393483709	0.5162341898	0.6029509599	1.167979518	3.228624103	3.22201321
0.7426065163	0.5178045072	0.6047833699	1.167976256	3.238445158	3.231805132
0.7458646617	0.5193748246	0.6066157799	1.167973015	3.248266213	3.241597055
0.749122807	0.520945142	0.6084481898	1.167969793	3.258087269	3.251388977
0.7523809524	0.5225154593	0.6102805998	1.167966591	3.267908324	3.2611809
0.7556390977	0.5240857767	0.6121130098	1.167963408	3.27772938	3.270972823
0.7588972431	0.5256560941	0.6139454198	1.167960244	3.287550435	3.280764745
0.7621553885	0.5272264115	0.6157778297	1.167957098	3.29737149	3.290556668
0.7654135338	0.5287967289	0.6176102397	1.167953972	3.307192546	3.300348591
0.7686716792	0.5303670463	0.6194426497	1.167950864	3.317013601	3.310140513
0.7719298246	0.5319373637	0.6212750597	1.167947774	3.326834656	3.319932436
0.7751879699	0.533507681	0.6231074696	1.167944702	3.336655712	3.329724358
0.7784461153	0.5350779984	0.6249398796	1.167941649	3.346476767	3.339516281
0.7817042607	0.5366483158	0.6267722896	1.167938613	3.356297823	3.349308204
0.784962406	0.5382186332	0.6286046996	1.167935595	3.366118878	3.359100126
0.7882205514	0.5397889506	0.6304371095	1.167932594	3.375939933	3.368892049
0.7914786967	0.541359268	0.6322695195	1.167929611	3.385760989	3.378683972
0.7947368421	0.5429295854	0.6341019295	1.167926646	3.395582044	3.388475894
0.7979949875	0.5444999027	0.6359343395	1.167923697	3.405403099	3.398267817
0.8012531328	0.5460702201	0.6377667494	1.167920765	3.415224155	3.408059739
0.8045112782	0.5476405375	0.6395991594	1.16791785	3.42504521	3.417851662
0.8077694236	0.5492108549	0.6414315694	1.167914952	3.434866265	3.427643585
0.8110275689	0.5507811723	0.6432639794	1.167912071	3.444687321	3.437435507
0.8142857143	0.5523514897	0.6450963893	1.167909205	3.454508376	3.44722743
0.8175438596	0.5539218071	0.6469287993	1.167906356	3.464329432	3.457019352
0.820802005	0.5554921244	0.6487612093	1.167903523	3.474150487	3.466811275
0.8240601504	0.5570624418	0.6505936193	1.167900706	3.483971542	3.476603198
0.8273182957	0.5586327592	0.6524260292	1.167897905	3.493792598	3.48639512
0.8305764411	0.5602030766	0.6542584392	1.16789512	3.503613653	3.496187043
0.8338345865	0.561773394	0.6560908492	1.16789235	3.513434708	3.505978966
0.8370927318	0.5633437114	0.6579232591	1.167889595	3.523255764	3.515770888
0.8403508772	0.5649140288	0.6597556691	1.167886856	3.533076819	3.525562811
0.8436090226	0.5664843461	0.6615880791	1.167884132	3.542897875	3.535354733
0.8468671679	0.5680546635	0.6634204891	1.167881424	3.55271893	3.545146656
0.8501253133	0.5696249809	0.665252899	1.16787873	3.562539985	3.554938579
0.8533834586	0.5711952983	0.667085309	1.16787605	3.572361041	3.564730501
0.856641604	0.5727656157	0.668917719	1.167873386	3.582182096	3.574522424
0.8598997494	0.5743359331	0.670750129	1.167870736	3.592003151	3.584314346
0.8631578947	0.5759062505	0.6725825389	1.167868101	3.601824207	3.594106269
0.8664160401	0.5774765678	0.6744149489	1.16786548	3.611645262	3.603898192
0.8696741855	0.5790468852	0.6762473589	1.167862873	3.621466317	3.613690114
0.8729323308	0.5806172026	0.6780797689	1.16786028	3.631287373	3.623482037
0.8761904762	0.58218752	0.6799121788	1.167857701	3.641108428	3.63327396
0.8794486216	0.5837578374	0.6817445888	1.167855136	3.650929484	3.643065882
0.8827067669	0.5853281548	0.6835769988	1.167852585	3.660750539	3.652857805
0.8859649123	0.5868984722	0.6854094088	1.167850048	3.670571594	3.662649727
0.8892230576	0.5884687895	0.6872418187	1.167847524	3.68039265	3.67244165
0.892481203	0.5900391069	0.6890742287	1.167845013	3.690213705	3.682233573
0.8957393484	0.5916094243	0.6909066387	1.167842516	3.70003476	3.692025495
0.8989974937	0.5931797417	0.6927390487	1.167840032	3.709855816	3.701817418
0.9022556391	0.5947500591	0.6945714586	1.167837561	3.719676871	3.711609341
0.9055137845	0.5963203765	0.6964038686	1.167835104	3.729497926	3.721401263
0.9087719298	0.5978906939	0.6982362786	1.167832659	3.739318982	3.731193186
0.9120300752	0.5994610112	0.7000686886	1.167830227	3.749140037	3.740985108
0.9152882206	0.6010313286	0.7019010985	1.167827807	3.758961093	3.750777031
0.9185463659	0.602601646	0.7037335085	1.1678254	3.768782148	3.760568954
0.9218045113	0.6041719634	0.7055659185	1.167823006	3.778603203	3.770360876
0.9250626566	0.6057422808	0.7073983285	1.167820624	3.788424259	3.780152799
0.928320802	0.6073125982	0.7092307384	1.167818255	3.798245314	3.789944721
0.9315789474	0.6088829156	0.7110631484	1.167815897	3.808066369	3.799736644
0.9348370927	0.6104532329	0.7128955584	1.167813552	3.817887425	3.809528567
0.9380952381	0.6120235503	0.7147279684	1.167811219	3.82770848	3.819320489
0.9413533835	0.6135938677	0.7165603783	1.167808898	3.837529536	3.829112412
0.9446115288	0.6151641851	0.7183927883	1.167806588	3.847350591	3.838904335
0.9478696742	0.6167345025	0.7202251983	1.167804291	3.857171646	3.848696257
0.9511278195	0.6183048199	0.7220576082	1.167802005	3.866992702	3.85848818
0.9543859649	0.6198751373	0.7238900182	1.16779973	3.876813757	3.868280102
0.9576441103	0.6214454546	0.7257224282	1.167797468	3.886634812	3.878072025
0.9609022556	0.623015772	0.7275548382	1.167795216	3.896455868	3.887863948
0.964160401	0.6245860894	0.7293872481	1.167792976	3.906276923	3.89765587
0.9674185464	0.6261564068	0.7312196581	1.167790747	3.916097978	3.907447793
0.9706766917	0.6277267242	0.7330520681	1.167788529	3.925919034	3.917239716
0.9739348371	0.6292970416	0.7348844781	1.167786323	3.935740089	3.927031638
0.9771929825	0.630867359	0.736716888	1.167784127	3.945561145	3.936823561
0.9804511278	0.6324376763	0.738549298	1.167781942	3.9553822	3.946615483
0.9837092732	0.6340079937	0.740381708	1.167779768	3.965203255	3.956407406
0.9869674185	0.6355783111	0.742214118	1.167777605	3.975024311	3.966199329
0.9902255639	0.6371486285	0.7440465279	1.167775452	3.984845366	3.975991251
0.9934837093	0.6387189459	0.7458789379	1.16777331	3.994666421	3.985783174
0.9967418546	0.6402892633	0.7477113479	1.167771179	4.004487477	3.995575096
1	0.6418595807	0.7495437579	1.167769058	4.014308532	4.005367019
