# VHH-NNLO SMEFT scan points
# process: WminusHH
# energy_tev: 13.6
# scan_axis: phi
# fixed_wcs: phi=0,phiBox=0,phiD=0,phiW=0,phiq3st=0
#
phi	sigma_lo	sigma_nnlo	k	sigma_smeft_over_sm_lo	sigma_smeft_over_sm_nnlo
-15	0.7744780905	0.9035494521	1.166655924	4.843729221	4.82833342
-14.95488722	0.7726297141	0.9013948218	1.166658239	4.832169133	4.816819635
-14.90977444	0.7707813377	0.8992401914	1.166660566	4.820609045	4.80530585
-14.86466165	0.7689329613	0.897085561	1.166662903	4.809048957	4.793792066
-14.81954887	0.7670845849	0.8949309306	1.166665252	4.797488869	4.782278281
-14.77443609	0.7652362085	0.8927763002	1.166667612	4.785928782	4.770764496
-14.72932331	0.7633878321	0.8906216699	1.166669984	4.774368694	4.759250712
-14.68421053	0.7615394557	0.8884670395	1.166672367	4.762808606	4.747736927
-14.63909774	0.7596910793	0.8863124091	1.166674762	4.751248518	4.736223142
-14.59398496	0.7578427029	0.8841577787	1.166677168	4.73968843	4.724709357
-14.54887218	0.7559943265	0.8820031483	1.166679587	4.728128342	4.713195573
-14.5037594	0.7541459501	0.879848518	1.166682017	4.716568254	4.701681788
-14.45864662	0.7522975737	0.8776938876	1.166684459	4.705008166	4.690168003
-14.41353383	0.7504491973	0.8755392572	1.166686913	4.693448078	4.678654219
-14.36842105	0.7486008209	0.8733846268	1.166689379	4.681887991	4.667140434
-14.32330827	0.7467524445	0.8712299964	1.166691857	4.670327903	4.655626649
-14.27819549	0.744904068	0.869075366	1.166694348	4.658767815	4.644112864
-14.23308271	0.7430556916	0.8669207357	1.166696851	4.647207727	4.63259908
-14.18796992	0.7412073152	0.8647661053	1.166699367	4.635647639	4.621085295
-14.14285714	0.7393589388	0.8626114749	1.166701895	4.624087551	4.60957151
-14.09774436	0.7375105624	0.8604568445	1.166704436	4.612527463	4.598057725
-14.05263158	0.735662186	0.8583022141	1.166706989	4.600967375	4.586543941
-14.0075188	0.7338138096	0.8561475838	1.166709556	4.589407288	4.575030156
-13.96240602	0.7319654332	0.8539929534	1.166712135	4.5778472	4.563516371
-13.91729323	0.7301170568	0.851838323	1.166714727	4.566287112	4.552002587
-13.87218045	0.7282686804	0.8496836926	1.166717333	4.554727024	4.540488802
-13.82706767	0.726420304	0.8475290622	1.166719952	4.543166936	4.528975017
-13.78195489	0.7245719276	0.8453744319	1.166722584	4.531606848	4.517461232
-13.73684211	0.7227235512	0.8432198015	1.16672523	4.52004676	4.505947448
-13.69172932	0.7208751748	0.8410651711	1.166727889	4.508486672	4.494433663
-13.64661654	0.7190267984	0.8389105407	1.166730562	4.496926584	4.482919878
-13.60150376	0.717178422	0.8367559103	1.166733249	4.485366497	4.471406094
-13.55639098	0.7153300456	0.8346012799	1.166735949	4.473806409	4.459892309
-13.5112782	0.7134816692	0.8324466496	1.166738664	4.462246321	4.448378524
-13.46616541	0.7116332928	0.8302920192	1.166741393	4.450686233	4.436864739
-13.42105263	0.7097849164	0.8281373888	1.166744136	4.439126145	4.425350955
-13.37593985	0.70793654	0.8259827584	1.166746893	4.427566057	4.41383717
-13.33082707	0.7060881636	0.823828128	1.166749665	4.416005969	4.402323385
-13.28571429	0.7042397872	0.8216734977	1.166752451	4.404445881	4.3908096
-13.2406015	0.7023914108	0.8195188673	1.166755252	4.392885794	4.379295816
-13.19548872	0.7005430344	0.8173642369	1.166758067	4.381325706	4.367782031
-13.15037594	0.698694658	0.8152096065	1.166760898	4.369765618	4.356268246
-13.10526316	0.6968462816	0.8130549761	1.166763743	4.35820553	4.344754462
-13.06015038	0.6949979052	0.8109003458	1.166766604	4.346645442	4.333240677
-13.01503759	0.6931495288	0.8087457154	1.16676948	4.335085354	4.321726892
-12.96992481	0.6913011524	0.806591085	1.166772371	4.323525266	4.310213107
-12.92481203	0.689452776	0.8044364546	1.166775278	4.311965178	4.298699323
-12.87969925	0.6876043996	0.8022818242	1.166778201	4.30040509	4.287185538
-12.83458647	0.6857560232	0.8001271938	1.166781139	4.288845003	4.275671753
-12.78947368	0.6839076468	0.7979725635	1.166784093	4.277284915	4.264157969
-12.7443609	0.6820592704	0.7958179331	1.166787063	4.265724827	4.252644184
-12.69924812	0.680210894	0.7936633027	1.16679005	4.254164739	4.241130399
-12.65413534	0.6783625176	0.7915086723	1.166793052	4.242604651	4.229616614
-12.60902256	0.6765141412	0.7893540419	1.166796071	4.231044563	4.21810283
-12.56390977	0.6746657648	0.7871994116	1.166799107	4.219484475	4.206589045
-12.51879699	0.6728173884	0.7850447812	1.166802159	4.207924387	4.19507526
-12.47368421	0.670969012	0.7828901508	1.166805228	4.1963643	4.183561476
-12.42857143	0.6691206356	0.7807355204	1.166808314	4.184804212	4.172047691
-12.38345865	0.6672722592	0.77858089	1.166811417	4.173244124	4.160533906
-12.33834586	0.6654238828	0.7764262597	1.166814537	4.161684036	4.149020121
-12.29323308	0.6635755064	0.7742716293	1.166817675	4.150123948	4.137506337
-12.2481203	0.66172713	0.7721169989	1.16682083	4.13856386	4.125992552
-12.20300752	0.6598787536	0.7699623685	1.166824003	4.127003772	4.114478767
-12.15789474	0.6580303772	0.7678077381	1.166827193	4.115443684	4.102964982
-12.11278195	0.6561820008	0.7656531077	1.166830402	4.103883596	4.091451198
-12.06766917	0.6543336244	0.7634984774	1.166833629	4.092323509	4.079937413
-12.02255639	0.652485248	0.761343847	1.166836874	4.080763421	4.068423628
-11.97744361	0.6506368716	0.7591892166	1.166840137	4.069203333	4.056909844
-11.93233083	0.6487884952	0.7570345862	1.16684342	4.057643245	4.045396059
-11.88721805	0.6469401188	0.7548799558	1.16684672	4.046083157	4.033882274
-11.84210526	0.6450917423	0.7527253255	1.16685004	4.034523069	4.022368489
-11.79699248	0.6432433659	0.7505706951	1.166853379	4.022962981	4.010854705
-11.7518797	0.6413949895	0.7484160647	1.166856737	4.011402893	3.99934092
-11.70676692	0.6395466131	0.7462614343	1.166860115	3.999842806	3.987827135
-11.66165414	0.6376982367	0.7441068039	1.166863512	3.988282718	3.976313351
-11.61654135	0.6358498603	0.7419521736	1.166866929	3.97672263	3.964799566
-11.57142857	0.6340014839	0.7397975432	1.166870365	3.965162542	3.953285781
-11.52631579	0.6321531075	0.7376429128	1.166873822	3.953602454	3.941771996
-11.48120301	0.6303047311	0.7354882824	1.166877299	3.942042366	3.930258212
-11.43609023	0.6284563547	0.733333652	1.166880797	3.930482278	3.918744427
-11.39097744	0.6266079783	0.7311790216	1.166884315	3.91892219	3.907230642
-11.34586466	0.6247596019	0.7290243913	1.166887854	3.907362102	3.895716857
-11.30075188	0.6229112255	0.7268697609	1.166891414	3.895802015	3.884203073
-11.2556391	0.6210628491	0.7247151305	1.166894995	3.884241927	3.872689288
-11.21052632	0.6192144727	0.7225605001	1.166898598	3.872681839	3.861175503
-11.16541353	0.6173660963	0.7204058697	1.166902222	3.861121751	3.849661719
-11.12030075	0.6155177199	0.7182512394	1.166905868	3.849561663	3.838147934
-11.07518797	0.6136693435	0.716096609	1.166909536	3.838001575	3.826634149
-11.03007519	0.6118209671	0.7139419786	1.166913226	3.826441487	3.815120364
-10.98496241	0.6099725907	0.7117873482	1.166916939	3.814881399	3.80360658
-10.93984962	0.6081242143	0.7096327178	1.166920674	3.803321311	3.792092795
-10.89473684	0.6062758379	0.7074780875	1.166924431	3.791761224	3.78057901
-10.84962406	0.6044274615	0.7053234571	1.166928212	3.780201136	3.769065226
-10.80451128	0.6025790851	0.7031688267	1.166932016	3.768641048	3.757551441
-10.7593985	0.6007307087	0.7010141963	1.166935844	3.75708096	3.746037656
-10.71428571	0.5988823323	0.6988595659	1.166939695	3.745520872	3.734523871
-10.66917293	0.5970339559	0.6967049355	1.166943569	3.733960784	3.723010087
-10.62406015	0.5951855795	0.6945503052	1.166947468	3.722400696	3.711496302
-10.57894737	0.5933372031	0.6923956748	1.166951392	3.710840608	3.699982517
-10.53383459	0.5914888267	0.6902410444	1.166955339	3.699280521	3.688468732
-10.4887218	0.5896404503	0.688086414	1.166959312	3.687720433	3.676954948
-10.44360902	0.5877920739	0.6859317836	1.166963309	3.676160345	3.665441163
-10.39849624	0.5859436975	0.6837771533	1.166967332	3.664600257	3.653927378
-10.35338346	0.5840953211	0.6816225229	1.16697138	3.653040169	3.642413594
-10.30827068	0.5822469447	0.6794678925	1.166975454	3.641480081	3.630899809
-10.26315789	0.5803985683	0.6773132621	1.166979554	3.629919993	3.619386024
-10.21804511	0.5785501919	0.6751586317	1.16698368	3.618359905	3.607872239
-10.17293233	0.5767018155	0.6730040014	1.166987832	3.606799817	3.596358455
-10.12781955	0.5748534391	0.670849371	1.166992011	3.59523973	3.58484467
-10.08270677	0.5730050627	0.6686947406	1.166996217	3.583679642	3.573330885
-10.03759398	0.5711566863	0.6665401102	1.167000451	3.572119554	3.561817101
-9.992481203	0.5693083099	0.6643854798	1.167004711	3.560559466	3.550303316
-9.947368421	0.5674599335	0.6622308494	1.167009	3.548999378	3.538789531
-9.902255639	0.5656115571	0.6600762191	1.167013317	3.53743929	3.527275746
-9.857142857	0.5637631807	0.6579215887	1.167017661	3.525879202	3.515761962
-9.812030075	0.5619148043	0.6557669583	1.167022035	3.514319114	3.504248177
-9.766917293	0.5600664279	0.6536123279	1.167026437	3.502759027	3.492734392
-9.721804511	0.5582180515	0.6514576975	1.167030869	3.491198939	3.481220607
-9.676691729	0.5563696751	0.6493030672	1.16703533	3.479638851	3.469706823
-9.631578947	0.5545212987	0.6471484368	1.16703982	3.468078763	3.458193038
-9.586466165	0.5526729223	0.6449938064	1.167044341	3.456518675	3.446679253
-9.541353383	0.5508245459	0.642839176	1.167048892	3.444958587	3.435165469
-9.496240602	0.5489761695	0.6406845456	1.167053474	3.433398499	3.423651684
-9.45112782	0.547127793	0.6385299153	1.167058087	3.421838411	3.412137899
-9.406015038	0.5452794166	0.6363752849	1.16706273	3.410278323	3.400624114
-9.360902256	0.5434310402	0.6342206545	1.167067406	3.398718236	3.38911033
-9.315789474	0.5415826638	0.6320660241	1.167072113	3.387158148	3.377596545
-9.270676692	0.5397342874	0.6299113937	1.167076853	3.37559806	3.36608276
-9.22556391	0.537885911	0.6277567633	1.167081625	3.364037972	3.354568976
-9.180451128	0.5360375346	0.625602133	1.167086431	3.352477884	3.343055191
-9.135338346	0.5341891582	0.6234475026	1.167091269	3.340917796	3.331541406
-9.090225564	0.5323407818	0.6212928722	1.167096141	3.329357708	3.320027621
-9.045112782	0.5304924054	0.6191382418	1.167101047	3.31779762	3.308513837
-9	0.528644029	0.6169836114	1.167105987	3.306237533	3.297000052
-8.954887218	0.5267956526	0.6148289811	1.167110962	3.294677445	3.285486267
-8.909774436	0.5249472762	0.6126743507	1.167115972	3.283117357	3.273972483
-8.864661654	0.5230988998	0.6105197203	1.167121018	3.271557269	3.262458698
-8.819548872	0.5212505234	0.6083650899	1.167126099	3.259997181	3.250944913
-8.77443609	0.519402147	0.6062104595	1.167131216	3.248437093	3.239431128
-8.729323308	0.5175537706	0.6040558292	1.16713637	3.236877005	3.227917344
-8.684210526	0.5157053942	0.6019011988	1.167141561	3.225316917	3.216403559
-8.639097744	0.5138570178	0.5997465684	1.167146789	3.213756829	3.204889774
-8.593984962	0.5120086414	0.597591938	1.167152055	3.202196742	3.193375989
-8.54887218	0.510160265	0.5954373076	1.167157359	3.190636654	3.181862205
-8.503759398	0.5083118886	0.5932826772	1.167162702	3.179076566	3.17034842
-8.458646617	0.5064635122	0.5911280469	1.167168083	3.167516478	3.158834635
-8.413533835	0.5046151358	0.5889734165	1.167173505	3.15595639	3.147320851
-8.368421053	0.5027667594	0.5868187861	1.167178965	3.144396302	3.135807066
-8.323308271	0.500918383	0.5846641557	1.167184467	3.132836214	3.124293281
-8.278195489	0.4990700066	0.5825095253	1.167190009	3.121276126	3.112779496
-8.233082707	0.4972216302	0.580354895	1.167195592	3.109716039	3.101265712
-8.187969925	0.4953732538	0.5782002646	1.167201217	3.098155951	3.089751927
-8.142857143	0.4935248774	0.5760456342	1.167206884	3.086595863	3.078238142
-8.097744361	0.491676501	0.5738910038	1.167212593	3.075035775	3.066724358
-8.052631579	0.4898281246	0.5717363734	1.167218346	3.063475687	3.055210573
-8.007518797	0.4879797482	0.5695817431	1.167224142	3.051915599	3.043696788
-7.962406015	0.4861313718	0.5674271127	1.167229983	3.040355511	3.032183003
-7.917293233	0.4842829954	0.5652724823	1.167235868	3.028795423	3.020669219
-7.872180451	0.482434619	0.5631178519	1.167241798	3.017235335	3.009155434
-7.827067669	0.4805862426	0.5609632215	1.167247773	3.005675248	2.997641649
-7.781954887	0.4787378662	0.5588085911	1.167253795	2.99411516	2.986127864
-7.736842105	0.4768894898	0.5566539608	1.167259864	2.982555072	2.97461408
-7.691729323	0.4750411134	0.5544993304	1.167265979	2.970994984	2.963100295
-7.646616541	0.473192737	0.5523447	1.167272143	2.959434896	2.95158651
-7.601503759	0.4713443606	0.5501900696	1.167278355	2.947874808	2.940072726
-7.556390977	0.4694959842	0.5480354392	1.167284615	2.93631472	2.928558941
-7.511278195	0.4676476078	0.5458808089	1.167290925	2.924754632	2.917045156
-7.466165414	0.4657992314	0.5437261785	1.167297286	2.913194545	2.905531371
-7.421052632	0.463950855	0.5415715481	1.167303697	2.901634457	2.894017587
-7.37593985	0.4621024786	0.5394169177	1.167310159	2.890074369	2.882503802
-7.330827068	0.4602541022	0.5372622873	1.167316673	2.878514281	2.870990017
-7.285714286	0.4584057258	0.535107657	1.16732324	2.866954193	2.859476233
-7.240601504	0.4565573494	0.5329530266	1.16732986	2.855394105	2.847962448
-7.195488722	0.454708973	0.5307983962	1.167336533	2.843834017	2.836448663
-7.15037594	0.4528605966	0.5286437658	1.167343262	2.832273929	2.824934878
-7.105263158	0.4510122202	0.5264891354	1.167350045	2.820713841	2.813421094
-7.060150376	0.4491638438	0.524334505	1.167356884	2.809153754	2.801907309
-7.015037594	0.4473154673	0.5221798747	1.16736378	2.797593666	2.790393524
-6.969924812	0.4454670909	0.5200252443	1.167370733	2.786033578	2.778879739
-6.92481203	0.4436187145	0.5178706139	1.167377743	2.77447349	2.767365955
-6.879699248	0.4417703381	0.5157159835	1.167384813	2.762913402	2.75585217
-6.834586466	0.4399219617	0.5135613531	1.167391942	2.751353314	2.744338385
-6.789473684	0.4380735853	0.5114067228	1.167399131	2.739793226	2.732824601
-6.744360902	0.4362252089	0.5092520924	1.167406381	2.728233138	2.721310816
-6.69924812	0.4343768325	0.507097462	1.167413692	2.716673051	2.709797031
-6.654135338	0.4325284561	0.5049428316	1.167421067	2.705112963	2.698283246
-6.609022556	0.4306800797	0.5027882012	1.167428504	2.693552875	2.686769462
-6.563909774	0.4288317033	0.5006335709	1.167436006	2.681992787	2.675255677
-6.518796992	0.4269833269	0.4984789405	1.167443572	2.670432699	2.663741892
-6.473684211	0.4251349505	0.4963243101	1.167451205	2.658872611	2.652228108
-6.428571429	0.4232865741	0.4941696797	1.167458904	2.647312523	2.640714323
-6.383458647	0.4214381977	0.4920150493	1.16746667	2.635752435	2.629200538
-6.338345865	0.4195898213	0.489860419	1.167474505	2.624192347	2.617686753
-6.293233083	0.4177414449	0.4877057886	1.167482409	2.61263226	2.606172969
-6.248120301	0.4158930685	0.4855511582	1.167490384	2.601072172	2.594659184
-6.203007519	0.4140446921	0.4833965278	1.16749843	2.589512084	2.583145399
-6.157894737	0.4121963157	0.4812418974	1.167506547	2.577951996	2.571631614
-6.112781955	0.4103479393	0.479087267	1.167514738	2.566391908	2.56011783
-6.067669173	0.4084995629	0.4769326367	1.167523004	2.55483182	2.548604045
-6.022556391	0.4066511865	0.4747780063	1.167531344	2.543271732	2.53709026
-5.977443609	0.4048028101	0.4726233759	1.16753976	2.531711644	2.525576476
-5.932330827	0.4029544337	0.4704687455	1.167548254	2.520151557	2.514062691
-5.887218045	0.4011060573	0.4683141151	1.167556826	2.508591469	2.502548906
-5.842105263	0.3992576809	0.4661594848	1.167565477	2.497031381	2.491035121
-5.796992481	0.3974093045	0.4640048544	1.167574209	2.485471293	2.479521337
-5.751879699	0.3955609281	0.461850224	1.167583022	2.473911205	2.468007552
-5.706766917	0.3937125517	0.4596955936	1.167591919	2.462351117	2.456493767
-5.661654135	0.3918641753	0.4575409632	1.167600899	2.450791029	2.444979983
-5.616541353	0.3900157989	0.4553863329	1.167609964	2.439230941	2.433466198
-5.571428571	0.3881674225	0.4532317025	1.167619115	2.427670853	2.421952413
-5.526315789	0.3863190461	0.4510770721	1.167628354	2.416110766	2.410438628
-5.481203008	0.3844706697	0.4489224417	1.167637682	2.404550678	2.398924844
-5.436090226	0.3826222933	0.4467678113	1.1676471	2.39299059	2.387411059
-5.390977444	0.3807739169	0.4446131809	1.16765661	2.381430502	2.375897274
-5.345864662	0.3789255405	0.4424585506	1.167666212	2.369870414	2.36438349
-5.30075188	0.3770771641	0.4403039202	1.167675909	2.358310326	2.352869705
-5.255639098	0.3752287877	0.4381492898	1.167685701	2.346750238	2.34135592
-5.210526316	0.3733804113	0.4359946594	1.167695589	2.33519015	2.329842135
-5.165413534	0.3715320349	0.433840029	1.167705577	2.323630063	2.318328351
-5.120300752	0.3696836585	0.4316853987	1.167715664	2.312069975	2.306814566
-5.07518797	0.3678352821	0.4295307683	1.167725852	2.300509887	2.295300781
-5.030075188	0.3659869057	0.4273761379	1.167736144	2.288949799	2.283786996
-4.984962406	0.3641385293	0.4252215075	1.16774654	2.277389711	2.272273212
-4.939849624	0.3622901529	0.4230668771	1.167757042	2.265829623	2.260759427
-4.894736842	0.3604417765	0.4209122468	1.167767651	2.254269535	2.249245642
-4.84962406	0.3585934001	0.4187576164	1.16777837	2.242709447	2.237731858
-4.804511278	0.3567450237	0.416602986	1.167789201	2.231149359	2.226218073
-4.759398496	0.3548966473	0.4144483556	1.167800144	2.219589272	2.214704288
-4.714285714	0.3530482709	0.4122937252	1.167811201	2.208029184	2.203190503
-4.669172932	0.3511998945	0.4101390948	1.167822375	2.196469096	2.191676719
-4.62406015	0.349351518	0.4079844645	1.167833667	2.184909008	2.180162934
-4.578947368	0.3475031416	0.4058298341	1.167845079	2.17334892	2.168649149
-4.533834586	0.3456547652	0.4036752037	1.167856614	2.161788832	2.157135365
-4.488721805	0.3438063888	0.4015205733	1.167868272	2.150228744	2.14562158
-4.443609023	0.3419580124	0.3993659429	1.167880057	2.138668656	2.134107795
-4.398496241	0.340109636	0.3972113126	1.167891969	2.127108569	2.12259401
-4.353383459	0.3382612596	0.3950566822	1.167904012	2.115548481	2.111080226
-4.308270677	0.3364128832	0.3929020518	1.167916187	2.103988393	2.099566441
-4.263157895	0.3345645068	0.3907474214	1.167928496	2.092428305	2.088052656
-4.218045113	0.3327161304	0.388592791	1.167940943	2.080868217	2.076538871
-4.172932331	0.330867754	0.3864381607	1.167953528	2.069308129	2.065025087
-4.127819549	0.3290193776	0.3842835303	1.167966255	2.057748041	2.053511302
-4.082706767	0.3271710012	0.3821288999	1.167979125	2.046187953	2.041997517
-4.037593985	0.3253226248	0.3799742695	1.167992142	2.034627865	2.030483733
-3.992481203	0.3234742484	0.3778196391	1.168005308	2.023067778	2.018969948
-3.947368421	0.321625872	0.3756650087	1.168018625	2.01150769	2.007456163
-3.902255639	0.3197774956	0.3735103784	1.168032096	1.999947602	1.995942378
-3.857142857	0.3179291192	0.371355748	1.168045723	1.988387514	1.984428594
-3.812030075	0.3160807428	0.3692011176	1.16805951	1.976827426	1.972914809
-3.766917293	0.3142323664	0.3670464872	1.168073459	1.965267338	1.961401024
-3.721804511	0.31238399	0.3648918568	1.168087573	1.95370725	1.94988724
-3.676691729	0.3105356136	0.3627372265	1.168101855	1.942147162	1.938373455
-3.631578947	0.3086872372	0.3605825961	1.168116309	1.930587075	1.92685967
-3.586466165	0.3068388608	0.3584279657	1.168130936	1.919026987	1.915345885
-3.541353383	0.3049904844	0.3562733353	1.168145741	1.907466899	1.903832101
-3.496240602	0.303142108	0.3541187049	1.168160726	1.895906811	1.892318316
-3.45112782	0.3012937316	0.3519640746	1.168175895	1.884346723	1.880804531
-3.406015038	0.2994453552	0.3498094442	1.168191251	1.872786635	1.869290746
-3.360902256	0.2975969788	0.3476548138	1.168206798	1.861226547	1.857776962
-3.315789474	0.2957486024	0.3455001834	1.16822254	1.849666459	1.846263177
-3.270676692	0.293900226	0.343345553	1.168238479	1.838106371	1.834749392
-3.22556391	0.2920518496	0.3411909226	1.16825462	1.826546284	1.823235608
-3.180451128	0.2902034732	0.3390362923	1.168270967	1.814986196	1.811721823
-3.135338346	0.2883550968	0.3368816619	1.168287523	1.803426108	1.800208038
-3.090225564	0.2865067204	0.3347270315	1.168304293	1.79186602	1.788694253
-3.045112782	0.284658344	0.3325724011	1.168321281	1.780305932	1.777180469
-3	0.2828099676	0.3304177707	1.168338491	1.768745844	1.765666684
-2.954887218	0.2809615912	0.3282631404	1.168355927	1.757185756	1.754152899
-2.909774436	0.2791132148	0.32610851	1.168373594	1.745625668	1.742639115
-2.864661654	0.2772648384	0.3239538796	1.168391497	1.734065581	1.73112533
-2.819548872	0.275416462	0.3217992492	1.16840964	1.722505493	1.719611545
-2.77443609	0.2735680856	0.3196446188	1.168428028	1.710945405	1.70809776
-2.729323308	0.2717197092	0.3174899885	1.168446667	1.699385317	1.696583976
-2.684210526	0.2698713328	0.3153353581	1.16846556	1.687825229	1.685070191
-2.639097744	0.2680229564	0.3131807277	1.168484715	1.676265141	1.673556406
-2.593984962	0.26617458	0.3110260973	1.168504135	1.664705053	1.662042621
-2.54887218	0.2643262036	0.3088714669	1.168523827	1.653144965	1.650528837
-2.503759398	0.2624778272	0.3067168365	1.168543796	1.641584877	1.639015052
-2.458646617	0.2606294508	0.3045622062	1.168564049	1.63002479	1.627501267
-2.413533835	0.2587810744	0.3024075758	1.16858459	1.618464702	1.615987483
-2.368421053	0.256932698	0.3002529454	1.168605428	1.606904614	1.604473698
-2.323308271	0.2550843216	0.298098315	1.168626567	1.595344526	1.592959913
-2.278195489	0.2532359452	0.2959436846	1.168648015	1.583784438	1.581446128
-2.233082707	0.2513875688	0.2937890543	1.168669778	1.57222435	1.569932344
-2.187969925	0.2495391923	0.2916344239	1.168691864	1.560664262	1.558418559
-2.142857143	0.2476908159	0.2894797935	1.168714279	1.549104174	1.546904774
-2.097744361	0.2458424395	0.2873251631	1.168737032	1.537544087	1.53539099
-2.052631579	0.2439940631	0.2851705327	1.168760129	1.525983999	1.523877205
-2.007518797	0.2421456867	0.2830159024	1.168783579	1.514423911	1.51236342
-1.962406015	0.2402973103	0.280861272	1.168807389	1.502863823	1.500849635
-1.917293233	0.2384489339	0.2787066416	1.168831569	1.491303735	1.489335851
-1.872180451	0.2366005575	0.2765520112	1.168856126	1.479743647	1.477822066
-1.827067669	0.2347521811	0.2743973808	1.168881071	1.468183559	1.466308281
-1.781954887	0.2329038047	0.2722427504	1.168906411	1.456623471	1.454794497
-1.736842105	0.2310554283	0.2700881201	1.168932156	1.445063383	1.443280712
-1.691729323	0.2292070519	0.2679334897	1.168958317	1.433503296	1.431766927
-1.646616541	0.2273586755	0.2657788593	1.168984903	1.421943208	1.420253142
-1.601503759	0.2255102991	0.2636242289	1.169011925	1.41038312	1.408739358
-1.556390977	0.2236619227	0.2614695985	1.169039394	1.398823032	1.397225573
-1.511278195	0.2218135463	0.2593149682	1.16906732	1.387262944	1.385711788
-1.466165414	0.2199651699	0.2571603378	1.169095716	1.375702856	1.374198003
-1.421052632	0.2181167935	0.2550057074	1.169124593	1.364142768	1.362684219
-1.37593985	0.2162684171	0.252851077	1.169153963	1.35258268	1.351170434
-1.330827068	0.2144200407	0.2506964466	1.16918384	1.341022593	1.339656649
-1.285714286	0.2125716643	0.2485418163	1.169214237	1.329462505	1.328142865
-1.240601504	0.2107232879	0.2463871859	1.169245167	1.317902417	1.31662908
-1.195488722	0.2088749115	0.2442325555	1.169276644	1.306342329	1.305115295
-1.15037594	0.2070265351	0.2420779251	1.169308683	1.294782241	1.29360151
-1.105263158	0.2051781587	0.2399232947	1.169341299	1.283222153	1.282087726
-1.060150376	0.2033297823	0.2377686643	1.169374509	1.271662065	1.270573941
-1.015037594	0.2014814059	0.235614034	1.169408328	1.260101977	1.259060156
-0.969924812	0.1996330295	0.2334594036	1.169442773	1.248541889	1.247546372
-0.9248120301	0.1977846531	0.2313047732	1.169477862	1.236981802	1.236032587
-0.8796992481	0.1959362767	0.2291501428	1.169513613	1.225421714	1.224518802
-0.8345864662	0.1940879003	0.2269955124	1.169550045	1.213861626	1.213005017
-0.7894736842	0.1922395239	0.2248408821	1.169587177	1.202301538	1.201491233
-0.7443609023	0.1903911475	0.2226862517	1.16962503	1.19074145	1.189977448
-0.6992481203	0.1885427711	0.2205316213	1.169663626	1.179181362	1.178463663
-0.6541353383	0.1866943947	0.2183769909	1.169702986	1.167621274	1.166949878
-0.6090225564	0.1848460183	0.2162223605	1.169743133	1.156061186	1.155436094
-0.5639097744	0.1829976419	0.2140677302	1.169784091	1.144501099	1.143922309
-0.5187969925	0.1811492655	0.2119130998	1.169825885	1.132941011	1.132408524
-0.4736842105	0.1793008891	0.2097584694	1.16986854	1.121380923	1.12089474
-0.4285714286	0.1774525127	0.207603839	1.169912085	1.109820835	1.109380955
-0.3834586466	0.1756041363	0.2054492086	1.169956545	1.098260747	1.09786717
-0.3383458647	0.1737557599	0.2032945782	1.170001952	1.086700659	1.086353385
-0.2932330827	0.1719073835	0.2011399479	1.170048335	1.075140571	1.074839601
-0.2481203008	0.1700590071	0.1989853175	1.170095727	1.063580483	1.063325816
-0.2030075188	0.1682106307	0.1968306871	1.17014416	1.052020395	1.051812031
-0.1578947368	0.1663622543	0.1946760567	1.170193669	1.040460308	1.040298247
-0.1127819549	0.1645138779	0.1925214263	1.170244291	1.02890022	1.028784462
-0.06766917293	0.1626655015	0.190366796	1.170296063	1.017340132	1.017270677
-0.02255639098	0.1608171251	0.1882121656	1.170349025	1.005780044	1.005756892
0.02255639098	0.1589687487	0.1860575352	1.170403219	0.9942199561	0.9942431076
0.06766917293	0.1571203723	0.1839029048	1.170458688	0.9826598682	0.9827293229
0.1127819549	0.1552719959	0.1817482744	1.170515478	0.9710997803	0.9712155382
0.1578947368	0.1534236195	0.1795936441	1.170573636	0.9595396924	0.9597017535
0.2030075188	0.151575243	0.1774390137	1.170633212	0.9479796045	0.9481879688
0.2481203008	0.1497268666	0.1752843833	1.17069426	0.9364195166	0.936674184
0.2932330827	0.1478784902	0.1731297529	1.170756833	0.9248594288	0.9251603993
0.3383458647	0.1460301138	0.1709751225	1.17082099	0.9132993409	0.9136466146
0.3834586466	0.1441817374	0.1688204921	1.170886793	0.901739253	0.9021328299
0.4285714286	0.142333361	0.1666658618	1.170954304	0.8901791651	0.8906190451
0.4736842105	0.1404849846	0.1645112314	1.171023592	0.8786190772	0.8791052604
0.5187969925	0.1386366082	0.162356601	1.171094728	0.8670589894	0.8675914757
0.5639097744	0.1367882318	0.1602019706	1.171167786	0.8554989015	0.856077691
0.6090225564	0.1349398554	0.1580473402	1.171242845	0.8439388136	0.8445639063
0.6541353383	0.133091479	0.1558927099	1.17131999	0.8323787257	0.8330501215
0.6992481203	0.1312431026	0.1537380795	1.171399307	0.8208186378	0.8215363368
0.7443609023	0.1293947262	0.1515834491	1.17148089	0.8092585499	0.8100225521
0.7894736842	0.1275463498	0.1494288187	1.171564838	0.7976984621	0.7985087674
0.8345864662	0.1256979734	0.1472741883	1.171651255	0.7861383742	0.7869949827
0.8796992481	0.123849597	0.145119558	1.171740251	0.7745782863	0.7754811979
0.9248120301	0.1220012206	0.1429649276	1.171831944	0.7630181984	0.7639674132
0.969924812	0.1201528442	0.1408102972	1.171926458	0.7514581105	0.7524536285
1.015037594	0.1183044678	0.1386556668	1.172023926	0.7398980226	0.7409398438
1.060150376	0.1164560914	0.1365010364	1.172124487	0.7283379348	0.729426059
1.105263158	0.114607715	0.134346406	1.172228292	0.7167778469	0.7179122743
1.15037594	0.1127593386	0.1321917757	1.1723355	0.705217759	0.7063984896
1.195488722	0.1109109622	0.1300371453	1.172446282	0.6936576711	0.6948847049
1.240601504	0.1090625858	0.1278825149	1.172560819	0.6820975832	0.6833709202
1.285714286	0.1072142094	0.1257278845	1.172679305	0.6705374953	0.6718571354
1.330827068	0.105365833	0.1235732541	1.172801947	0.6589774075	0.6603433507
1.37593985	0.1035174566	0.1214186238	1.17292897	0.6474173196	0.648829566
1.421052632	0.1016690802	0.1192639934	1.173060611	0.6358572317	0.6373157813
1.466165414	0.0998207038	0.117109363	1.173197128	0.6242971438	0.6258019966
1.511278195	0.0979723274	0.1149547326	1.173338795	0.6127370559	0.6142882118
1.556390977	0.09612395099	0.1128001022	1.173485911	0.6011769681	0.6027744271
1.601503759	0.09427557459	0.1106454719	1.173638796	0.5896168802	0.5912606424
1.646616541	0.09242719819	0.1084908415	1.173797795	0.5780567923	0.5797468577
1.691729323	0.09057882179	0.1063362111	1.173963284	0.5664967044	0.5682330729
1.736842105	0.08873044539	0.1041815807	1.174135667	0.5549366165	0.5567192882
1.781954887	0.08688206898	0.1020269503	1.174315385	0.5433765286	0.5452055035
1.827067669	0.08503369258	0.09987231995	1.174502917	0.5318164408	0.5336917188
1.872180451	0.08318531618	0.09771768956	1.174698782	0.5202563529	0.5221779341
1.917293233	0.08133693978	0.09556305918	1.174903549	0.508696265	0.5106641493
1.962406015	0.07948856338	0.0934084288	1.175117839	0.4971361771	0.4991503646
2.007518797	0.07764018698	0.09125379842	1.175342332	0.4855760892	0.4876365799
2.052631579	0.07579181057	0.08909916804	1.175577775	0.4740160013	0.4761227952
2.097744361	0.07394343417	0.08694453766	1.175824989	0.4624559135	0.4646090104
2.142857143	0.07209505777	0.08478990728	1.176084879	0.4508958256	0.4530952257
2.187969925	0.07024668137	0.0826352769	1.176358446	0.4393357377	0.441581441
2.233082707	0.06839830497	0.08048064651	1.176646798	0.4277756498	0.4300676563
2.278195489	0.06654992856	0.07832601613	1.176951168	0.4162155619	0.4185538716
2.323308271	0.06470155216	0.07617138575	1.177272928	0.4046554741	0.4070400868
2.368421053	0.06285317576	0.07401675537	1.177613613	0.3930953862	0.3955263021
2.413533835	0.06100479936	0.07186212499	1.177974942	0.3815352983	0.3840125174
2.458646617	0.05915642296	0.06970749461	1.178358851	0.3699752104	0.3724987327
2.503759398	0.05730804655	0.06755286423	1.178767525	0.3584151225	0.360984948
2.54887218	0.05545967015	0.06539823385	1.17920344	0.3468550346	0.3494711632
2.593984962	0.05361129375	0.06324360346	1.179669414	0.3352949468	0.3379573785
2.639097744	0.05176291735	0.06108897308	1.180168665	0.3237348589	0.3264435938
2.684210526	0.04991454095	0.0589343427	1.180704892	0.312174771	0.3149298091
2.729323308	0.04806616455	0.05677971232	1.181282361	0.3006146831	0.3034160243
2.77443609	0.04621778814	0.05462508194	1.181906018	0.2890545952	0.2919022396
2.819548872	0.04436941174	0.05247045156	1.182581637	0.2774945073	0.2803884549
2.864661654	0.04252103534	0.05031582118	1.183315993	0.2659344195	0.2688746702
2.909774436	0.04067265894	0.0481611908	1.184117096	0.2543743316	0.2573608855
2.954887218	0.03882428254	0.04600656041	1.184994478	0.2428142437	0.2458471007
3	0.03697590613	0.04385193003	1.185959578	0.2312541558	0.234333316
