# VHH-NNLO scan points
# process: ZHH
# energy_tev: 14
# scan_axis: kappa_z
# scan_x_key: kappa_z
# vmin: 0.9
# vmax: 1.2
# n_points: 400
# fixed_kappa: 1,1,1,1
#
kappa_z	sigma_lo	sigma_nnlo	k	sigma_heft_over_sm_lo	sigma_heft_over_sm_nnlo
0.9	0.2716687664	0.3624767305	1.334259861	0.889255146	0.8685551125
0.9007518797	0.2718925879	0.3628355313	1.334481142	0.8899877823	0.8694148593
0.9015037594	0.2721168369	0.3631951039	1.334702799	0.890721818	0.8702764557
0.9022556391	0.2723415141	0.3635554493	1.334924829	0.8914572556	0.8711399039
0.9030075188	0.2725666205	0.3639165684	1.33514723	0.8921940978	0.8720052059
0.9037593985	0.2727921568	0.3642784621	1.335369999	0.8929323471	0.872872364
0.9045112782	0.2730181237	0.3646411313	1.335593134	0.8936720061	0.8737413804
0.9052631579	0.2732445221	0.365004577	1.335816631	0.8944130774	0.8746122572
0.9060150376	0.2734713527	0.3653688	1.33604049	0.8951555636	0.8754849967
0.9067669173	0.2736986164	0.3657338013	1.336264706	0.8958994674	0.876359601
0.907518797	0.273926314	0.3660995817	1.336489278	0.8966447913	0.8772360724
0.9082706767	0.2741544462	0.3664661423	1.336714204	0.897391538	0.878114413
0.9090225564	0.2743830139	0.3668334838	1.33693948	0.89813971	0.878994625
0.9097744361	0.2746120178	0.3672016073	1.337165104	0.8988893099	0.8798767107
0.9105263158	0.2748414587	0.3675705137	1.337391074	0.8996403405	0.8807606723
0.9112781955	0.2750713375	0.3679402038	1.337617387	0.9003928042	0.8816465119
0.9120300752	0.2753016549	0.3683106786	1.337844041	0.9011467038	0.8825342317
0.9127819549	0.2755324118	0.368681939	1.338071033	0.9019020418	0.883423834
0.9135338346	0.2757636089	0.369053986	1.338298362	0.9026588208	0.8843153211
0.9142857143	0.2759952471	0.3694268204	1.338526023	0.9034170436	0.885208695
0.915037594	0.2762273271	0.3698004433	1.338754015	0.9041767126	0.886103958
0.9157894737	0.2764598498	0.3701748554	1.338982336	0.9049378306	0.8870011124
0.9165413534	0.2766928159	0.3705500578	1.339210982	0.9057004002	0.8879001604
0.9172932331	0.2769262263	0.3709260514	1.339439952	0.9064644239	0.8888011041
0.9180451128	0.2771600818	0.3713028371	1.339669243	0.9072299046	0.8897039459
0.9187969925	0.2773943831	0.3716804158	1.339898853	0.9079968447	0.8906086879
0.9195488722	0.2776291311	0.3720587885	1.340128779	0.9087652469	0.8915153324
0.9203007519	0.2778643267	0.372437956	1.340359018	0.9095351139	0.8924238816
0.9210526316	0.2780999705	0.3728179195	1.340589569	0.9103064484	0.8933343377
0.9218045113	0.2783360634	0.3731986796	1.340820428	0.9110792528	0.894246703
0.922556391	0.2785726062	0.3735802375	1.341051594	0.9118535301	0.8951609798
0.9233082707	0.2788095998	0.373962594	1.341283063	0.9126292826	0.8960771702
0.9240601504	0.2790470449	0.3743457501	1.341514834	0.9134065132	0.8969952765
0.9248120301	0.2792849423	0.3747297067	1.341746904	0.9141852245	0.897915301
0.9255639098	0.279523293	0.3751144648	1.34197927	0.9149654191	0.8988372459
0.9263157895	0.2797620976	0.3755000252	1.342211931	0.9157470998	0.8997611134
0.9270676692	0.2800013569	0.375886389	1.342444883	0.9165302691	0.9006869059
0.9278195489	0.2802410719	0.376273557	1.342678125	0.9173149297	0.9016146255
0.9285714286	0.2804812433	0.3766615303	1.342911653	0.9181010843	0.9025442746
0.9293233083	0.280721872	0.3770503097	1.343145466	0.9188887356	0.9034758553
0.930075188	0.2809629587	0.3774398962	1.343379561	0.9196778863	0.90440937
0.9308270677	0.2812045042	0.3778302907	1.343613936	0.920468539	0.9053448209
0.9315789474	0.2814465095	0.3782214943	1.343848588	0.9212606963	0.9062822103
0.9323308271	0.2816889752	0.3786135077	1.344083514	0.9220543611	0.9072215404
0.9330827068	0.2819319023	0.3790063321	1.344318713	0.9228495359	0.9081628136
0.9338345865	0.2821752916	0.3793999683	1.344554182	0.9236462234	0.909106032
0.9345864662	0.2824191438	0.3797944173	1.344789918	0.9244444264	0.910051198
0.9353383459	0.2826634597	0.38018968	1.34502592	0.9252441475	0.9109983138
0.9360902256	0.2829082403	0.3805857574	1.345262185	0.9260453895	0.9119473818
0.9368421053	0.2831534864	0.3809826505	1.345498709	0.9268481549	0.9128984042
0.937593985	0.2833991986	0.3813803601	1.345735492	0.9276524465	0.9138513833
0.9383458647	0.283645378	0.3817788873	1.345972531	0.928458267	0.9148063213
0.9390977444	0.2838920253	0.382178233	1.346209823	0.9292656191	0.9157632207
0.9398496241	0.2841391413	0.3825783981	1.346447365	0.9300745055	0.9167220835
0.9406015038	0.2843867268	0.3829793837	1.346685156	0.930884929	0.9176829123
0.9413533835	0.2846347828	0.3833811906	1.346923194	0.9316968921	0.9186457092
0.9421052632	0.2848833099	0.3837838199	1.347161475	0.9325103976	0.9196104765
0.9428571429	0.2851323091	0.3841872724	1.347399997	0.9333254483	0.9205772166
0.9436090226	0.2853817812	0.3845915493	1.347638758	0.9341420468	0.9215459317
0.9443609023	0.2856317269	0.3849966513	1.347877756	0.9349601959	0.9225166241
0.945112782	0.2858821472	0.3854025795	1.348116989	0.9357798983	0.9234892963
0.9458646617	0.2861330429	0.3858093348	1.348356453	0.9366011567	0.9244639504
0.9466165414	0.2863844147	0.3862169183	1.348596147	0.9374239738	0.9254405887
0.9473684211	0.2866362636	0.3866253308	1.348836068	0.9382483523	0.9264192137
0.9481203008	0.2868885903	0.3870345733	1.349076214	0.939074295	0.9273998276
0.9488721805	0.2871413957	0.3874446469	1.349316583	0.9399018046	0.9283824327
0.9496240602	0.2873946807	0.3878555524	1.349557172	0.9407308839	0.9293670313
0.9503759398	0.287648446	0.3882672909	1.349797978	0.9415615355	0.9303536258
0.9511278195	0.2879026925	0.3886798632	1.350039001	0.9423937622	0.9313422185
0.9518796992	0.288157421	0.3890932705	1.350280236	0.9432275667	0.9323328117
0.9526315789	0.2884126324	0.3895075136	1.350521683	0.9440629519	0.9333254077
0.9533834586	0.2886683275	0.3899225935	1.350763338	0.9448999204	0.9343200089
0.9541353383	0.2889245071	0.3903385113	1.351005199	0.9457384749	0.9353166177
0.954887218	0.2891811722	0.3907552678	1.351247264	0.9465786182	0.9363152363
0.9556390977	0.2894383235	0.391172864	1.351489531	0.9474203532	0.937315867
0.9563909774	0.2896959618	0.391591301	1.351731997	0.9482636824	0.9383185123
0.9571428571	0.289954088	0.3920105797	1.35197466	0.9491086087	0.9393231744
0.9578947368	0.290212703	0.3924307011	1.352217518	0.9499551349	0.9403298558
0.9586466165	0.2904718076	0.3928516661	1.352460569	0.9508032636	0.9413385587
0.9593984962	0.2907314026	0.3932734758	1.352703809	0.9516529977	0.9423492855
0.9601503759	0.2909914889	0.3936961311	1.352947237	0.9525043399	0.9433620385
0.9609022556	0.2912520674	0.394119633	1.353190851	0.953357293	0.9443768202
0.9616541353	0.2915131388	0.3945439824	1.353434648	0.9542118597	0.9453936328
0.962406015	0.291774704	0.3949691805	1.353678626	0.9550680428	0.9464124787
0.9631578947	0.2920367639	0.3953952281	1.353922783	0.9559258452	0.9474333603
0.9639097744	0.2922993193	0.3958221263	1.354167116	0.9567852694	0.94845628
0.9646616541	0.292562371	0.3962498759	1.354411624	0.9576463185	0.94948124
0.9654135338	0.29282592	0.3966784781	1.354656303	0.958508995	0.9505082429
0.9661654135	0.293089967	0.3971079338	1.354901152	0.9593733018	0.9515372908
0.9669172932	0.2933545129	0.397538244	1.355146168	0.9602392418	0.9525683863
0.9676691729	0.2936195586	0.3979694097	1.355391349	0.9611068175	0.9536015316
0.9684210526	0.2938851049	0.3984014318	1.355636693	0.961976032	0.9546367292
0.9691729323	0.2941511527	0.3988343114	1.355882198	0.9628468879	0.9556739815
0.969924812	0.2944177028	0.3992680495	1.356127861	0.963719388	0.9567132907
0.9706766917	0.294684756	0.399702647	1.35637368	0.9645935351	0.9577546594
0.9714285714	0.2949523133	0.400138105	1.356619653	0.9654693321	0.9587980898
0.9721804511	0.2952203755	0.4005744244	1.356865778	0.9663467817	0.9598435844
0.9729323308	0.2954889433	0.4010116063	1.357112052	0.9672258867	0.9608911455
0.9736842105	0.2957580178	0.4014496516	1.357358473	0.96810665	0.9619407756
0.9744360902	0.2960275998	0.4018885613	1.35760504	0.9689890743	0.962992477
0.9751879699	0.29629769	0.4023283365	1.357851749	0.9698731625	0.9640462521
0.9759398496	0.2965682894	0.4027689781	1.358098598	0.9707589173	0.9651021034
0.9766917293	0.2968393988	0.4032104871	1.358345586	0.9716463415	0.9661600332
0.977443609	0.2971110192	0.4036528646	1.35859271	0.9725354381	0.9672200439
0.9781954887	0.2973831512	0.4040961115	1.358839967	0.9734262097	0.968282138
0.9789473684	0.2976557959	0.4045402289	1.359087357	0.9743186593	0.9693463178
0.9796992481	0.297928954	0.4049852177	1.359334876	0.9752127896	0.9704125858
0.9804511278	0.2982026265	0.405431079	1.359582522	0.9761086035	0.9714809443
0.9812030075	0.2984768142	0.4058778137	1.359830293	0.9770061038	0.9725513957
0.9819548872	0.2987515179	0.406325423	1.360078188	0.9779052933	0.9736239426
0.9827067669	0.2990267385	0.4067739077	1.360326202	0.9788061748	0.9746985873
0.9834586466	0.299302477	0.4072232689	1.360574336	0.9797087512	0.9757753321
0.9842105263	0.2995787341	0.4076735076	1.360822586	0.9806130254	0.9768541797
0.984962406	0.2998555107	0.4081246248	1.36107095	0.9815190001	0.9779351323
0.9857142857	0.3001328077	0.4085766215	1.361319426	0.9824266782	0.9790181923
0.9864661654	0.3004106259	0.4090294988	1.361568012	0.9833360625	0.9801033623
0.9872180451	0.3006889663	0.4094832576	1.361816706	0.9842471559	0.9811906447
0.9879699248	0.3009678297	0.409937899	1.362065505	0.9851599613	0.9822800418
0.9887218045	0.301247217	0.410393424	1.362314408	0.9860744814	0.9833715562
0.9894736842	0.301527129	0.4108498336	1.362563412	0.9869907191	0.9844651902
0.9902255639	0.3018075666	0.4113071288	1.362812515	0.9879086773	0.9855609463
0.9909774436	0.3020885306	0.4117653107	1.363061715	0.9888283589	0.9866588269
0.9917293233	0.3023700221	0.4122243802	1.36331101	0.9897497666	0.9877588346
0.992481203	0.3026520417	0.4126843383	1.363560398	0.9906729034	0.9888609716
0.9932330827	0.3029345905	0.4131451862	1.363809876	0.9915977721	0.9899652405
0.9939849624	0.3032176692	0.4136069248	1.364059442	0.9925243756	0.9910716437
0.9947368421	0.3035012788	0.4140695552	1.364309095	0.9934527167	0.9921801838
0.9954887218	0.3037854201	0.4145330783	1.364558833	0.9943827984	0.993290863
0.9962406015	0.3040700941	0.4149974952	1.364808652	0.9953146234	0.9944036839
0.9969924812	0.3043553015	0.415462807	1.365058551	0.9962481947	0.995518649
0.9977443609	0.3046410433	0.4159290146	1.365308529	0.9971835151	0.9966357607
0.9984962406	0.3049273203	0.416396119	1.365558582	0.9981205876	0.9977550214
0.9992481203	0.3052141334	0.4168641214	1.365808709	0.9990594149	0.9988764337
1	0.3055014836	0.4173330227	1.366058907	1	1
1.00075188	0.3057893716	0.417802824	1.366309175	1.000942346	1.001125723
1.001503759	0.3060777984	0.4182735263	1.36655951	1.001886455	1.002253604
1.002255639	0.3063667648	0.4187451306	1.366809911	1.002832331	1.003383648
1.003007519	0.3066562718	0.419217638	1.367060375	1.003779976	1.004515855
1.003759398	0.3069463202	0.4196910495	1.367310901	1.004729393	1.005650228
1.004511278	0.3072369109	0.4201653661	1.367561485	1.005680586	1.00678677
1.005263158	0.3075280448	0.4206405889	1.367812127	1.006633556	1.007925484
1.006015038	0.3078197227	0.4211167189	1.368062823	1.007588307	1.009066371
1.006766917	0.3081119456	0.4215937571	1.368313573	1.008544842	1.010209435
1.007518797	0.3084047144	0.4220717047	1.368564373	1.009503164	1.011354678
1.008270677	0.3086980298	0.4225505625	1.368815223	1.010463276	1.012502101
1.009022556	0.3089918929	0.4230303318	1.369066119	1.01142518	1.013651709
1.009774436	0.3092863046	0.4235110134	1.36931706	1.012388879	1.014803503
1.010526316	0.3095812656	0.4239926085	1.369568044	1.013354377	1.015957486
1.011278195	0.3098767769	0.4244751181	1.369819069	1.014321676	1.01711366
1.012030075	0.3101728394	0.4249585432	1.370070133	1.01529078	1.018272028
1.012781955	0.310469454	0.4254428849	1.370321233	1.01626169	1.019432592
1.013533835	0.3107666215	0.4259281443	1.370572368	1.01723441	1.020595355
1.014285714	0.3110643429	0.4264143223	1.370823535	1.018208944	1.021760319
1.015037594	0.3113626191	0.4269014201	1.371074734	1.019185293	1.022927487
1.015789474	0.3116614509	0.4273894386	1.371325961	1.020163461	1.024096861
1.016541353	0.3119608393	0.427878379	1.371577215	1.021143451	1.025268444
1.017293233	0.3122607851	0.4283682422	1.371828493	1.022125266	1.026442239
1.018045113	0.3125612893	0.4288590294	1.372079794	1.023108908	1.027618247
1.018796992	0.3128623527	0.4293507416	1.372331116	1.024094381	1.028796472
1.019548872	0.3131639762	0.4298433798	1.372582457	1.025081687	1.029976916
1.020300752	0.3134661608	0.4303369451	1.372833814	1.02607083	1.031159582
1.021052632	0.3137689073	0.4308314386	1.373085187	1.027061812	1.032344471
1.021804511	0.3140722166	0.4313268612	1.373336572	1.028054636	1.033531587
1.022556391	0.3143760897	0.4318232141	1.373587968	1.029049306	1.034720932
1.023308271	0.3146805274	0.4323204984	1.373839373	1.030045824	1.035912508
1.02406015	0.3149855307	0.432818715	1.374090785	1.031044193	1.037106319
1.02481203	0.3152911004	0.4333178651	1.374342202	1.032044417	1.038302366
1.02556391	0.3155972375	0.4338179496	1.374593622	1.033046497	1.039500653
1.026315789	0.3159039428	0.4343189698	1.374845043	1.034050438	1.040701181
1.027067669	0.3162112173	0.4348209266	1.375096463	1.035056241	1.041903954
1.027819549	0.3165190618	0.435323821	1.375347881	1.036063911	1.043108974
1.028571429	0.3168274773	0.4358276542	1.375599294	1.037073449	1.044316243
1.029323308	0.3171364647	0.4363324273	1.375850701	1.03808486	1.045525764
1.030075188	0.3174460249	0.4368381412	1.376102099	1.039098145	1.046737539
1.030827068	0.3177561588	0.4373447971	1.376353487	1.040113308	1.047951572
1.031578947	0.3180668673	0.437852396	1.376604862	1.041130353	1.049167864
1.032330827	0.3183781513	0.438360939	1.376856224	1.042149281	1.050386418
1.033082707	0.3186900117	0.4388704272	1.377107569	1.043170095	1.051607238
1.033834586	0.3190024495	0.4393808616	1.377358896	1.0441928	1.052830324
1.034586466	0.3193154655	0.4398922434	1.377610203	1.045217397	1.054055681
1.035338346	0.3196290607	0.4404045735	1.377861489	1.04624389	1.05528331
1.036090226	0.319943236	0.4409178531	1.378112751	1.047272282	1.056513214
1.036842105	0.3202579922	0.4414320832	1.378363987	1.048302576	1.057745396
1.037593985	0.3205733304	0.4419472649	1.378615197	1.049334775	1.058979857
1.038345865	0.3208892514	0.4424633993	1.378866377	1.050368881	1.060216602
1.039097744	0.3212057561	0.4429804875	1.379117525	1.051404898	1.061455632
1.039849624	0.3215228455	0.4434985305	1.379368641	1.052442829	1.06269695
1.040601504	0.3218405204	0.4440175295	1.379619722	1.053482676	1.063940559
1.041353383	0.3221587819	0.4445374854	1.379870767	1.054524443	1.065186461
1.042105263	0.3224776307	0.4450583994	1.380121773	1.055568133	1.066434658
1.042857143	0.3227970679	0.4455802726	1.380372739	1.056613749	1.067685154
1.043609023	0.3231170944	0.4461031061	1.380623662	1.057661294	1.068937951
1.044360902	0.323437711	0.4466269009	1.380874542	1.05871077	1.070193051
1.045112782	0.3237589187	0.4471516581	1.381125375	1.059762181	1.071450457
1.045864662	0.3240807184	0.4476773788	1.381376162	1.060815531	1.072710173
1.046616541	0.324403111	0.4482040641	1.381626898	1.061870821	1.073972199
1.047368421	0.3247260976	0.4487317151	1.381877584	1.062928054	1.075236539
1.048120301	0.3250496789	0.4492603329	1.382128216	1.063987235	1.076503196
1.04887218	0.3253738559	0.4497899185	1.382378794	1.065048366	1.077772172
1.04962406	0.3256986295	0.4503204731	1.382629315	1.06611145	1.07904347
1.05037594	0.3260240008	0.4508519977	1.382879778	1.067176489	1.080317093
1.05112782	0.3263499705	0.4513844935	1.38313018	1.068243488	1.081593042
1.051879699	0.3266765396	0.4519179615	1.383380521	1.069312449	1.082871321
1.052631579	0.3270037091	0.4524524028	1.383630798	1.070383375	1.084151932
1.053383459	0.3273314799	0.4529878186	1.383881009	1.071456269	1.085434878
1.054135338	0.3276598528	0.4535242098	1.384131153	1.072531135	1.086720161
1.054887218	0.327988829	0.4540615777	1.384381228	1.073607974	1.088007785
1.055639098	0.3283184091	0.4545999233	1.384631232	1.074686791	1.089297752
1.056390977	0.3286485943	0.4551392477	1.384881163	1.075767589	1.090590063
1.057142857	0.3289793855	0.455679552	1.385131021	1.076850369	1.091884723
1.057894737	0.3293107835	0.4562208373	1.385380802	1.077935137	1.093181734
1.058646617	0.3296427893	0.4567631048	1.385630506	1.079021893	1.094481098
1.059398496	0.3299754038	0.4573063554	1.38588013	1.080110643	1.095782817
1.060150376	0.330308628	0.4578505904	1.386129673	1.081201388	1.097086896
1.060902256	0.3306424628	0.4583958108	1.386379133	1.082294131	1.098393335
1.061654135	0.3309769092	0.4589420177	1.386628508	1.083388877	1.099702139
1.062406015	0.331311968	0.4594892123	1.386877797	1.084485627	1.101013309
1.063157895	0.3316476403	0.4600373956	1.387126998	1.085584385	1.102326848
1.063909774	0.3319839269	0.4605865688	1.387376109	1.086685155	1.103642759
1.064661654	0.3323208289	0.4611367329	1.387625129	1.087787938	1.104961045
1.065413534	0.3326583471	0.4616878891	1.387874055	1.088892739	1.106281708
1.066165414	0.3329964824	0.4622400385	1.388122887	1.089999559	1.107604751
1.066917293	0.3333352359	0.4627931822	1.388371622	1.091108403	1.108930176
1.067669173	0.3336746085	0.4633473213	1.388620259	1.092219274	1.110257986
1.068421053	0.334014601	0.4639024569	1.388868796	1.093332173	1.111588184
1.069172932	0.3343552146	0.4644585902	1.389117232	1.094447106	1.112920773
1.069924812	0.33469645	0.4650157222	1.389365565	1.095564074	1.114255755
1.070676692	0.3350383082	0.4655738541	1.389613792	1.096683081	1.115593132
1.071428571	0.3353807903	0.466132987	1.389861914	1.09780413	1.116932909
1.072180451	0.3357238971	0.4666931219	1.390109927	1.098927223	1.118275086
1.072932331	0.3360676295	0.4672542601	1.39035783	1.100052365	1.119619667
1.073684211	0.3364119886	0.4678164027	1.390605622	1.101179558	1.120966655
1.07443609	0.3367569753	0.4683795507	1.390853301	1.102308805	1.122316053
1.07518797	0.3371025905	0.4689437053	1.391100865	1.10344011	1.123667862
1.07593985	0.3374488352	0.4695088676	1.391348313	1.104573475	1.125022086
1.076691729	0.3377957104	0.4700750388	1.391595643	1.105708903	1.126378727
1.077443609	0.3381432169	0.4706422199	1.391842854	1.106846399	1.127737788
1.078195489	0.3384913557	0.4712104121	1.392089943	1.107985964	1.129099272
1.078947368	0.3388401278	0.4717796166	1.39233691	1.109127602	1.130463181
1.079699248	0.3391895342	0.4723498343	1.392583753	1.110271316	1.131829519
1.080451128	0.3395395757	0.4729210666	1.392830469	1.111417109	1.133198287
1.081203008	0.3398902534	0.4734933144	1.393077058	1.112564985	1.134569489
1.081954887	0.3402415682	0.474066579	1.393323518	1.113714946	1.135943127
1.082706767	0.3405935211	0.4746408614	1.393569848	1.114866996	1.137319204
1.083458647	0.340946113	0.4752161629	1.393816045	1.116021137	1.138697723
1.084210526	0.3412993449	0.4757924844	1.394062109	1.117177373	1.140078687
1.084962406	0.3416532176	0.4763698272	1.394308037	1.118335707	1.141462097
1.085714286	0.3420077323	0.4769481925	1.394553828	1.119496142	1.142847957
1.086466165	0.3423628899	0.4775275812	1.394799481	1.120658682	1.14423627
1.087218045	0.3427186912	0.4781079946	1.395044994	1.121823329	1.145627038
1.087969925	0.3430751373	0.4786894339	1.395290366	1.122990086	1.147020264
1.088721805	0.3434322292	0.4792719	1.395535594	1.124158957	1.148415951
1.089473684	0.3437899677	0.4798553943	1.395780678	1.125329945	1.149814101
1.090225564	0.3441483539	0.4804399178	1.396025616	1.126503053	1.151214717
1.090977444	0.3445073888	0.4810254717	1.396270406	1.127678284	1.152617803
1.091729323	0.3448670732	0.481612057	1.396515047	1.128855641	1.15402336
1.092481203	0.3452274082	0.4821996751	1.396759538	1.130035128	1.155431391
1.093233083	0.3455883947	0.4827883269	1.397003876	1.131216748	1.1568419
1.093984962	0.3459500336	0.4833780137	1.397248061	1.132400503	1.158254888
1.094736842	0.3463123261	0.4839687365	1.397492091	1.133586397	1.15967036
1.095488722	0.3466752729	0.4845604967	1.397735964	1.134774433	1.161088316
1.096240602	0.3470388752	0.4851532951	1.397979679	1.135964615	1.162508761
1.096992481	0.3474031337	0.4857471332	1.398223234	1.137156945	1.163931697
1.097744361	0.3477680497	0.4863420119	1.398466628	1.138351427	1.165357126
1.098496241	0.3481336239	0.4869379324	1.39870986	1.139548063	1.166785052
1.09924812	0.3484998574	0.487534896	1.398952928	1.140746858	1.168215476
1.1	0.3488667511	0.4881329036	1.399195831	1.141947813	1.169648403
1.10075188	0.3492343061	0.4887319566	1.399438566	1.143150933	1.171083835
1.101503759	0.3496025232	0.489332056	1.399681134	1.144356221	1.172521774
1.102255639	0.3499714035	0.4899332031	1.399923531	1.145563679	1.173962223
1.103007519	0.3503409479	0.4905353988	1.400165758	1.146773311	1.175405185
1.103759398	0.3507111575	0.4911386445	1.400407812	1.147985121	1.176850663
1.104511278	0.3510820331	0.4917429413	1.400649691	1.14919911	1.17829866
1.105263158	0.3514535758	0.4923482903	1.400891396	1.150415283	1.179749178
1.106015038	0.3518257866	0.4929546927	1.401132923	1.151633643	1.18120222
1.106766917	0.3521986663	0.4935621497	1.401374272	1.152854193	1.182657788
1.107518797	0.3525722161	0.4941706624	1.401615442	1.154076936	1.184115887
1.108270677	0.3529464368	0.4947802319	1.40185643	1.155301875	1.185576518
1.109022556	0.3533213295	0.4953908595	1.402097236	1.156529014	1.187039684
1.109774436	0.3536968952	0.4960025463	1.402337858	1.157758355	1.188505389
1.110526316	0.3540731347	0.4966152935	1.402578295	1.158989903	1.189973634
1.111278195	0.3544500492	0.4972291023	1.402818545	1.160223659	1.191444423
1.112030075	0.3548276396	0.4978439737	1.403058607	1.161459628	1.192917758
1.112781955	0.3552059068	0.498459909	1.40329848	1.162697813	1.194393642
1.113533835	0.3555848519	0.4990769094	1.403538162	1.163938216	1.195872079
1.114285714	0.3559644758	0.4996949759	1.403777652	1.165180842	1.19735307
1.115037594	0.3563447795	0.5003141099	1.404016948	1.166425692	1.198836619
1.115789474	0.3567257641	0.5009343124	1.40425605	1.167672772	1.200322728
1.116541353	0.3571074304	0.5015555847	1.404494956	1.168922083	1.201811401
1.117293233	0.3574897796	0.5021779278	1.404733664	1.170173629	1.20330264
1.118045113	0.3578728125	0.5028013431	1.404972173	1.171427413	1.204796447
1.118796992	0.3582565302	0.5034258316	1.405210482	1.172683438	1.206292826
1.119548872	0.3586409336	0.5040513945	1.40544859	1.173941709	1.20779178
1.120300752	0.3590260238	0.5046780331	1.405686495	1.175202227	1.209293311
1.121052632	0.3594118017	0.5053057484	1.405924196	1.176464996	1.210797423
1.121804511	0.3597982684	0.5059345417	1.406161692	1.17773002	1.212304117
1.122556391	0.3601854248	0.5065644141	1.40639898	1.178997302	1.213813397
1.123308271	0.3605732718	0.5071953669	1.406636061	1.180266844	1.215325266
1.12406015	0.3609618106	0.5078274012	1.406872933	1.181538651	1.216839726
1.12481203	0.3613510421	0.5084605182	1.407109594	1.182812725	1.218356781
1.12556391	0.3617409673	0.509094719	1.407346043	1.184089069	1.219876433
1.126315789	0.3621315872	0.509730005	1.407582279	1.185367688	1.221398685
1.127067669	0.3625229028	0.5103663772	1.407818301	1.186648584	1.222923539
1.127819549	0.3629149151	0.5110038368	1.408054107	1.18793176	1.224450999
1.128571429	0.363307625	0.511642385	1.408289697	1.18921722	1.225981068
1.129323308	0.3637010337	0.5122820231	1.408525068	1.190504967	1.227513748
1.130075188	0.364095142	0.5129227521	1.408760219	1.191795005	1.229049043
1.130827068	0.364489951	0.5135645734	1.408995151	1.193087335	1.230586954
1.131578947	0.3648854617	0.514207488	1.40922986	1.194381963	1.232127486
1.132330827	0.3652816751	0.5148514972	1.409464346	1.195678891	1.23367064
1.133082707	0.3656785922	0.5154966022	1.409698608	1.196978122	1.23521642
1.133834586	0.3660762139	0.5161428042	1.409932644	1.19827966	1.236764828
1.134586466	0.3664745414	0.5167901043	1.410166453	1.199583508	1.238315868
1.135338346	0.3668735755	0.5174385037	1.410400035	1.200889669	1.239869542
1.136090226	0.3672733174	0.5180880038	1.410633387	1.202198147	1.241425853
1.136842105	0.367673768	0.5187386055	1.410866509	1.203508944	1.242984804
1.137593985	0.3680749283	0.5193903103	1.411099399	1.204822065	1.244546398
1.138345865	0.3684767993	0.5200431191	1.411332057	1.206137512	1.246110638
1.139097744	0.3688793821	0.5206970333	1.411564481	1.207455289	1.247677526
1.139849624	0.3692826776	0.5213520541	1.411796669	1.208775399	1.249247066
1.140601504	0.3696866868	0.5220081826	1.412028621	1.210097845	1.25081926
1.141353383	0.3700914108	0.5226654201	1.412260336	1.21142263	1.252394111
1.142105263	0.3704968506	0.5233237678	1.412491812	1.212749759	1.253971623
1.142857143	0.3709030071	0.5239832268	1.412723048	1.214079234	1.255551797
1.143609023	0.3713098815	0.5246437983	1.412954043	1.215411058	1.257134638
1.144360902	0.3717174746	0.5253054837	1.413184796	1.216745236	1.258720147
1.145112782	0.3721257876	0.5259682841	1.413415306	1.218081769	1.260308328
1.145864662	0.3725348214	0.5266322006	1.413645572	1.219420662	1.261899183
1.146616541	0.3729445771	0.5272972345	1.413875592	1.220761918	1.263492716
1.147368421	0.3733550556	0.5279633871	1.414105365	1.22210554	1.26508893
1.148120301	0.373766258	0.5286306595	1.41433489	1.223451532	1.266687827
1.14887218	0.3741781853	0.529299053	1.414564167	1.224799896	1.268289409
1.14962406	0.3745908385	0.5299685687	1.414793194	1.226150636	1.269893682
1.15037594	0.3750042186	0.5306392078	1.415021969	1.227503756	1.271500646
1.15112782	0.3754183267	0.5313109717	1.415250492	1.228859259	1.273110305
1.151879699	0.3758331638	0.5319838614	1.415478762	1.230217148	1.274722661
1.152631579	0.3762487308	0.5326578783	1.415706778	1.231577426	1.276337719
1.153383459	0.3766650289	0.5333330235	1.415934538	1.232940097	1.27795548
1.154135338	0.3770820589	0.5340092983	1.416162041	1.234305165	1.279575948
1.154887218	0.3774998221	0.5346867038	1.416389287	1.235672631	1.281199126
1.155639098	0.3779183193	0.5353652414	1.416616274	1.237042501	1.282825016
1.156390977	0.3783375516	0.5360449121	1.416843001	1.238414777	1.284453621
1.157142857	0.37875752	0.5367257173	1.417069468	1.239789462	1.286084944
1.157894737	0.3791782256	0.5374076582	1.417295672	1.241166561	1.287718989
1.158646617	0.3795996694	0.5380907359	1.417521614	1.242546075	1.289355758
1.159398496	0.3800218524	0.5387749518	1.417747291	1.24392801	1.290995254
1.160150376	0.3804447756	0.539460307	1.417972704	1.245312367	1.29263748
1.160902256	0.38086844	0.5401468028	1.41819785	1.24669915	1.29428244
1.161654135	0.3812928467	0.5408344404	1.418422729	1.248088364	1.295930135
1.162406015	0.3817179968	0.541523221	1.418647341	1.24948001	1.297580569
1.163157895	0.3821438912	0.5422131459	1.418871683	1.250874093	1.299233745
1.163909774	0.3825705309	0.5429042162	1.419095754	1.252270616	1.300889665
1.164661654	0.3829979171	0.5435964333	1.419319555	1.253669582	1.302548334
1.165413534	0.3834260507	0.5442897983	1.419543084	1.255070994	1.304209753
1.166165414	0.3838549328	0.5449843125	1.419766339	1.256474857	1.305873925
1.166917293	0.3842845643	0.5456799772	1.41998932	1.257881172	1.307540855
1.167669173	0.3847149464	0.5463767935	1.420212026	1.259289945	1.309210543
1.168421053	0.3851460801	0.5470747626	1.420434456	1.260701178	1.310882995
1.169172932	0.3855779664	0.547773886	1.420656608	1.262114874	1.312558212
1.169924812	0.3860106063	0.5484741646	1.420878483	1.263531037	1.314236197
1.170676692	0.3864440009	0.5491755999	1.421100078	1.26494967	1.315916954
1.171428571	0.3868781512	0.5498781931	1.421321394	1.266370777	1.317600485
1.172180451	0.3873130583	0.5505819453	1.421542428	1.267794361	1.319286793
1.172932331	0.3877487232	0.5512868579	1.421763181	1.269220426	1.320975882
1.173684211	0.3881851468	0.551992932	1.42198365	1.270648975	1.322667754
1.17443609	0.3886223304	0.552700169	1.422203836	1.27208001	1.324362413
1.17518797	0.3890602749	0.55340857	1.422423737	1.273513537	1.326059861
1.17593985	0.3894989813	0.5541181364	1.422643352	1.274949558	1.327760101
1.176691729	0.3899384507	0.5548288693	1.422862681	1.276388076	1.329463136
1.177443609	0.3903786842	0.55554077	1.423081722	1.277829095	1.33116897
1.178195489	0.3908196827	0.5562538398	1.423300474	1.279272618	1.332877605
1.178947368	0.3912614474	0.5569680798	1.423518937	1.280718649	1.334589044
1.179699248	0.3917039793	0.5576834914	1.42373711	1.282167192	1.33630329
1.180451128	0.3921472793	0.5584000759	1.423954992	1.283618249	1.338020347
1.181203008	0.3925913486	0.5591178344	1.424172581	1.285071824	1.339740217
1.181954887	0.3930361883	0.5598367681	1.424389878	1.28652792	1.341462903
1.182706767	0.3934817993	0.5605568785	1.42460688	1.287986542	1.343188408
1.183458647	0.3939281827	0.5612781667	1.424823588	1.289447691	1.344916736
1.184210526	0.3943753395	0.5620006339	1.42504	1.290911373	1.346647889
1.184962406	0.3948232709	0.5627242815	1.425256116	1.292377589	1.34838187
1.185714286	0.3952719778	0.5634491107	1.425471934	1.293846344	1.350118682
1.186466165	0.3957214613	0.5641751227	1.425687454	1.295317642	1.351858329
1.187218045	0.3961717224	0.5649023189	1.425902675	1.296791485	1.353600813
1.187969925	0.3966227623	0.5656307004	1.426117596	1.298267876	1.355346137
1.188721805	0.397074582	0.5663602685	1.426332216	1.299746821	1.357094305
1.189473684	0.3975271824	0.5670910246	1.426546535	1.301228321	1.358845319
1.190225564	0.3979805647	0.5678229697	1.426760551	1.30271238	1.360599183
1.190977444	0.39843473	0.5685561054	1.426974263	1.304199002	1.362355899
1.191729323	0.3988896792	0.5692904327	1.427187672	1.30568819	1.36411547
1.192481203	0.3993454135	0.5700259529	1.427400775	1.307179948	1.365877901
1.193233083	0.3998019339	0.5707626674	1.427613573	1.308674279	1.367643192
1.193984962	0.4002592414	0.5715005773	1.427826064	1.310171187	1.369411348
1.194736842	0.4007173371	0.5722396841	1.428038248	1.311670675	1.371182372
1.195488722	0.4011762221	0.5729799888	1.428250123	1.313172746	1.372956267
1.196240602	0.4016358975	0.5737214928	1.42846169	1.314677404	1.374733035
1.196992481	0.4020963642	0.5744641975	1.428672947	1.316184653	1.37651268
1.197744361	0.4025576234	0.5752081039	1.428883893	1.317694496	1.378295204
1.198496241	0.4030196761	0.5759532135	1.429094527	1.319206936	1.380080612
1.19924812	0.4034825234	0.5766995274	1.42930485	1.320721977	1.381868906
1.2	0.4039461663	0.5774470471	1.429514859	1.322239623	1.383660088
