# VHH-NNLO scan points
# process: ZHH
# energy_tev: 13.6
# scan_axis: kappa_z
# scan_x_key: kappa_z
# vmin: 0.9
# vmax: 1.2
# n_points: 400
# fixed_kappa: 1,1,1,1
#
kappa_z	sigma_lo	sigma_nnlo	k	sigma_heft_over_sm_lo	sigma_heft_over_sm_nnlo
0.9	0.2584257938	0.3444511841	1.332882368	0.8889928377	0.8688055275
0.9007518797	0.2586395033	0.3447918291	1.333098095	0.8897280048	0.8696647328
0.9015037594	0.2588536173	0.3451331996	1.333314184	0.8904645639	0.8705257678
0.9022556391	0.2590681368	0.3454752964	1.333530633	0.8912025177	0.8713886349
0.9030075188	0.2592830625	0.3458181203	1.333747438	0.8919418686	0.8722533361
0.9037593985	0.259498395	0.3461616723	1.333964599	0.8926826193	0.8731198737
0.9045112782	0.2597141352	0.3465059533	1.334182111	0.8934247724	0.8739882498
0.9052631579	0.2599302838	0.346850964	1.334399974	0.8941683303	0.8748584666
0.9060150376	0.2601468415	0.3471967053	1.334618184	0.8949132957	0.8757305262
0.9067669173	0.2603638092	0.3475431781	1.33483674	0.8956596711	0.8766044309
0.907518797	0.2605811874	0.3478903833	1.335055638	0.8964074592	0.8774801829
0.9082706767	0.2607989771	0.3482383218	1.335274876	0.8971566625	0.8783577842
0.9090225564	0.2610171789	0.3485869943	1.335494452	0.8979072836	0.8792372372
0.9097744361	0.2612357936	0.3489364018	1.335714363	0.8986593251	0.880118544
0.9105263158	0.261454822	0.3492865451	1.335934608	0.8994127895	0.8810017067
0.9112781955	0.2616742648	0.3496374251	1.336155183	0.9001676796	0.8818867276
0.9120300752	0.2618941227	0.3499890427	1.336376086	0.9009239977	0.8827736089
0.9127819549	0.2621143965	0.3503413988	1.336597316	0.9016817466	0.8836623528
0.9135338346	0.262335087	0.3506944941	1.336818868	0.9024409289	0.8845529614
0.9142857143	0.262556195	0.3510483297	1.337040742	0.9032015471	0.885445437
0.915037594	0.2627777211	0.3514029063	1.337262934	0.9039636038	0.8863397818
0.9157894737	0.2629996661	0.3517582248	1.337485443	0.9047271017	0.887235998
0.9165413534	0.2632220308	0.3521142862	1.337708265	0.9054920434	0.8881340878
0.9172932331	0.263444816	0.3524710913	1.337931399	0.9062584314	0.8890340533
0.9180451128	0.2636680224	0.3528286409	1.338154842	0.9070262684	0.8899358969
0.9187969925	0.2638916508	0.353186936	1.338378592	0.907795557	0.8908396207
0.9195488722	0.2641157019	0.3535459773	1.338602646	0.9085662998	0.891745227
0.9203007519	0.2643401764	0.3539057659	1.338827002	0.9093384994	0.8926527179
0.9210526316	0.2645650753	0.3542663026	1.339051658	0.9101121584	0.8935620957
0.9218045113	0.2647903991	0.3546275883	1.339276611	0.9108872795	0.8944733626
0.922556391	0.2650161488	0.3549896238	1.339501858	0.9116638653	0.8953865209
0.9233082707	0.2652423249	0.35535241	1.339727399	0.9124419184	0.8963015727
0.9240601504	0.2654689284	0.3557159479	1.339953229	0.9132214415	0.8972185203
0.9248120301	0.2656959599	0.3560802382	1.340179348	0.9140024371	0.898137366
0.9255639098	0.2659234203	0.356445282	1.340405751	0.9147849079	0.8990581119
0.9263157895	0.2661513103	0.35681108	1.340632438	0.9155688566	0.8999807603
0.9270676692	0.2663796306	0.3571776332	1.340859406	0.9163542857	0.9009053135
0.9278195489	0.2666083821	0.3575449424	1.341086651	0.917141198	0.9018317736
0.9285714286	0.2668375655	0.3579130086	1.341314173	0.917929596	0.902760143
0.9293233083	0.2670671815	0.3582818326	1.341541969	0.9187194824	0.9036904238
0.930075188	0.267297231	0.3586514153	1.341770036	0.9195108598	0.9046226184
0.9308270677	0.2675277147	0.3590217576	1.341998372	0.920303731	0.9055567289
0.9315789474	0.2677586334	0.3593928605	1.342226975	0.9210980985	0.9064927576
0.9323308271	0.2679899878	0.3597647247	1.342455842	0.921893965	0.9074307068
0.9330827068	0.2682217788	0.3601373513	1.342684971	0.9226913332	0.9083705788
0.9338345865	0.268454007	0.360510741	1.34291436	0.9234902056	0.9093123757
0.9345864662	0.2686866733	0.3608848949	1.343144006	0.9242905851	0.9102560999
0.9353383459	0.2689197785	0.3612598137	1.343373908	0.9250924741	0.9112017536
0.9360902256	0.2691533233	0.3616354984	1.343604062	0.9258958755	0.9121493391
0.9368421053	0.2693873085	0.3620119499	1.343834466	0.9267007918	0.9130988586
0.937593985	0.2696217348	0.362389169	1.344065119	0.9275072258	0.9140503145
0.9383458647	0.2698566031	0.3627671568	1.344296017	0.9283151801	0.915003709
0.9390977444	0.2700919141	0.363145914	1.344527159	0.9291246573	0.9159590443
0.9398496241	0.2703276686	0.3635254416	1.344758543	0.9299356602	0.9169163227
0.9406015038	0.2705638674	0.3639057405	1.344990165	0.9307481914	0.9178755466
0.9413533835	0.2708005112	0.3642868117	1.345222023	0.9315622537	0.9188367182
0.9421052632	0.2710376009	0.3646686559	1.345454117	0.9323778496	0.9197998397
0.9428571429	0.2712751372	0.3650512741	1.345686442	0.9331949819	0.9207649135
0.9436090226	0.2715131209	0.3654346672	1.345918997	0.9340136532	0.9217319419
0.9443609023	0.2717515527	0.3658188362	1.346151779	0.9348338663	0.9227009271
0.945112782	0.2719904336	0.3662037818	1.346384787	0.9356556239	0.9236718715
0.9458646617	0.2722297641	0.3665895052	1.346618017	0.9364789286	0.9246447773
0.9466165414	0.2724695452	0.366976007	1.346851468	0.9373037831	0.9256196468
0.9473684211	0.2727097776	0.3673632884	1.347085138	0.9381301901	0.9265964824
0.9481203008	0.2729504622	0.3677513501	1.347319023	0.9389581523	0.9275752862
0.9488721805	0.2731915995	0.3681401931	1.347553123	0.9397876725	0.9285560607
0.9496240602	0.2734331906	0.3685298182	1.347787434	0.9406187533	0.9295388082
0.9503759398	0.2736752361	0.3689202265	1.348021954	0.9414513974	0.9305235308
0.9511278195	0.2739177369	0.3693114189	1.348256681	0.9422856076	0.9315102311
0.9518796992	0.2741606936	0.3697033962	1.348491614	0.9431213866	0.9324989111
0.9526315789	0.2744041072	0.3700961593	1.348726748	0.943958737	0.9334895734
0.9533834586	0.2746479784	0.3704897092	1.348962084	0.9447976616	0.9344822202
0.9541353383	0.274892308	0.3708840468	1.349197617	0.9456381631	0.9354768537
0.954887218	0.2751370968	0.3712791731	1.349433346	0.9464802442	0.9364734764
0.9556390977	0.2753823456	0.3716750889	1.349669268	0.9473239076	0.9374720905
0.9563909774	0.2756280551	0.3720717951	1.349905382	0.9481691561	0.9384726985
0.9571428571	0.2758742262	0.3724692928	1.350141685	0.9490159925	0.9394753025
0.9578947368	0.2761208597	0.3728675827	1.350378175	0.9498644193	0.9404799049
0.9586466165	0.2763679563	0.3732666659	1.35061485	0.9507144394	0.9414865082
0.9593984962	0.2766155169	0.3736665432	1.350851707	0.9515660555	0.9424951145
0.9601503759	0.2768635421	0.3740672156	1.351088745	0.9524192703	0.9435057262
0.9609022556	0.277112033	0.3744686841	1.35132596	0.9532740865	0.9445183457
0.9616541353	0.2773609901	0.3748709494	1.351563352	0.954130507	0.9455329753
0.962406015	0.2776104144	0.3752740127	1.351800916	0.9549885343	0.9465496174
0.9631578947	0.2778603067	0.3756778747	1.352038653	0.9558481714	0.9475682743
0.9639097744	0.2781106676	0.3760825365	1.352276558	0.9567094209	0.9485889483
0.9646616541	0.2783614981	0.3764879989	1.352514631	0.9575722856	0.9496116418
0.9654135338	0.2786127989	0.3768942629	1.352752869	0.9584367682	0.9506363572
0.9661654135	0.2788645708	0.3773013294	1.352991269	0.9593028715	0.9516630967
0.9669172932	0.2791168146	0.3777091994	1.353229829	0.9601705982	0.9526918628
0.9676691729	0.2793695312	0.3781178738	1.353468548	0.9610399512	0.9537226578
0.9684210526	0.2796227213	0.3785273535	1.353707423	0.9619109331	0.9547554841
0.9691729323	0.2798763857	0.3789376394	1.353946452	0.9627835467	0.955790344
0.969924812	0.2801305253	0.3793487326	1.354185633	0.9636577947	0.9568272399
0.9706766917	0.2803851408	0.3797606339	1.354424963	0.9645336801	0.9578661741
0.9714285714	0.280640233	0.3801733443	1.354664441	0.9654112054	0.9589071491
0.9721804511	0.2808958028	0.3805868647	1.354904064	0.9662903735	0.9599501672
0.9729323308	0.281151851	0.3810011961	1.35514383	0.9671711872	0.9609952307
0.9736842105	0.2814083783	0.3814163393	1.355383737	0.9680536493	0.9620423421
0.9744360902	0.2816653856	0.3818322954	1.355623782	0.9689377624	0.9630915038
0.9751879699	0.2819228737	0.3822490653	1.355863965	0.9698235294	0.964142718
0.9759398496	0.2821808433	0.38266665	1.356104282	0.9707109532	0.9651959872
0.9766917293	0.2824392954	0.3830850503	1.356344731	0.9716000363	0.9662513138
0.977443609	0.2826982306	0.3835042672	1.356585311	0.9724907817	0.9673087001
0.9781954887	0.2829576499	0.3839243017	1.356826019	0.9733831922	0.9683681486
0.9789473684	0.283217554	0.3843451547	1.357066853	0.9742772705	0.9694296616
0.9796992481	0.2834779438	0.3847668271	1.35730781	0.9751730193	0.9704932415
0.9804511278	0.28373882	0.38518932	1.35754889	0.9760704416	0.9715588908
0.9812030075	0.2840001834	0.3856126342	1.357790089	0.9769695402	0.9726266118
0.9819548872	0.284262035	0.3860367708	1.358031405	0.9778703177	0.9736964068
0.9827067669	0.2845243754	0.3864617306	1.358272837	0.978772777	0.9747682785
0.9834586466	0.2847872056	0.3868875147	1.358514382	0.979676921	0.975842229
0.9842105263	0.2850505262	0.3873141239	1.358756039	0.9805827524	0.9769182608
0.984962406	0.2853143383	0.3877415592	1.358997804	0.981490274	0.9779963764
0.9857142857	0.2855786424	0.3881698217	1.359239677	0.9823994886	0.9790765782
0.9864661654	0.2858434396	0.3885989121	1.359481654	0.9833103991	0.9801588685
0.9872180451	0.2861087305	0.3890288316	1.359723735	0.9842230083	0.9812432497
0.9879699248	0.2863745161	0.389459581	1.359965916	0.985137319	0.9823297244
0.9887218045	0.2866407971	0.3898911614	1.360208196	0.986053334	0.9834182948
0.9894736842	0.2869075743	0.3903235736	1.360450572	0.9869710561	0.9845089635
0.9902255639	0.2871748487	0.3907568186	1.360693043	0.9878904881	0.9856017328
0.9909774436	0.2874426209	0.3911908975	1.360935606	0.988811633	0.9866966053
0.9917293233	0.2877108918	0.3916258111	1.36117826	0.9897344934	0.9877935832
0.992481203	0.2879796623	0.3920615604	1.361421002	0.9906590723	0.988892669
0.9932330827	0.2882489332	0.3924981464	1.36166383	0.9915853725	0.9899938652
0.9939849624	0.2885187052	0.3929355701	1.361906743	0.9925133968	0.9910971743
0.9947368421	0.2887889793	0.3933738324	1.362149738	0.993443148	0.9922025985
0.9954887218	0.2890597562	0.3938129342	1.362392813	0.994374629	0.9933101404
0.9962406015	0.2893310367	0.3942528766	1.362635966	0.9953078427	0.9944198025
0.9969924812	0.2896028218	0.3946936606	1.362879195	0.9962427918	0.9955315871
0.9977443609	0.2898751122	0.395135287	1.363122498	0.9971794792	0.9966454967
0.9984962406	0.2901479087	0.3955777569	1.363365873	0.9981179079	0.9977615337
0.9992481203	0.2904212122	0.3960210712	1.363609318	0.9990580805	0.9988797007
1	0.2906950235	0.3964652309	1.363852832	1	1
1.00075188	0.2909693435	0.396910237	1.364096411	1.000943669	1.001122434
1.001503759	0.2912441729	0.3973560905	1.364340054	1.001889091	1.002247005
1.002255639	0.2915195126	0.3978027923	1.364583759	1.002836268	1.003373717
1.003007519	0.2917953634	0.3982503433	1.364827524	1.003785204	1.00450257
1.003759398	0.2920717263	0.3986987447	1.365071347	1.004735901	1.005633568
1.004511278	0.2923486019	0.3991479973	1.365315226	1.005688361	1.006766713
1.005263158	0.2926259911	0.3995981021	1.365559158	1.006642589	1.007902007
1.006015038	0.2929038948	0.4000490602	1.365803143	1.007598587	1.009039454
1.006766917	0.2931823138	0.4005008724	1.366047178	1.008556357	1.010179055
1.007518797	0.293461249	0.4009535398	1.366291261	1.009515902	1.011320813
1.008270677	0.2937407011	0.4014070634	1.366535389	1.010477226	1.012464731
1.009022556	0.294020671	0.4018614441	1.366779562	1.011440332	1.013610811
1.009774436	0.2943011596	0.4023166829	1.367023777	1.012405221	1.014759055
1.010526316	0.2945821677	0.4027727808	1.367268033	1.013371898	1.015909465
1.011278195	0.2948636961	0.4032297388	1.367512326	1.014340364	1.017062046
1.012030075	0.2951457456	0.4036875579	1.367756655	1.015310624	1.018216798
1.012781955	0.2954283172	0.404146239	1.368001019	1.016282679	1.019373724
1.013533835	0.2957114116	0.4046057832	1.368245415	1.017256532	1.020532828
1.014285714	0.2959950297	0.4050661914	1.368489842	1.018232188	1.02169411
1.015037594	0.2962791724	0.4055274647	1.368734297	1.019209647	1.022857575
1.015789474	0.2965638404	0.405989604	1.368978779	1.020188914	1.024023224
1.016541353	0.2968490346	0.4064526102	1.369223285	1.021169991	1.02519106
1.017293233	0.2971347559	0.4069164845	1.369467814	1.022152881	1.026361085
1.018045113	0.2974210051	0.4073812278	1.369712363	1.023137588	1.027533302
1.018796992	0.297707783	0.407846841	1.369956932	1.024124113	1.028707713
1.019548872	0.2979950906	0.4083133253	1.370201517	1.02511246	1.029884321
1.020300752	0.2982829286	0.4087806815	1.370446118	1.026102632	1.031063129
1.021052632	0.2985712979	0.4092489106	1.370690731	1.027094631	1.032244138
1.021804511	0.2988601993	0.4097180138	1.370935356	1.028088461	1.033427352
1.022556391	0.2991496337	0.4101879919	1.37117999	1.029084124	1.034612773
1.023308271	0.299439602	0.410658846	1.371424632	1.030081624	1.035800403
1.02406015	0.2997301049	0.411130577	1.371669279	1.031080964	1.036990245
1.02481203	0.3000211434	0.411603186	1.37191393	1.032082145	1.038182302
1.02556391	0.3003127183	0.412076674	1.372158583	1.033085172	1.039376576
1.026315789	0.3006048305	0.412551042	1.372403236	1.034090047	1.040573069
1.027067669	0.3008974807	0.4130262909	1.372647886	1.035096773	1.041771784
1.027819549	0.3011906699	0.4135024218	1.372892533	1.036105353	1.042972724
1.028571429	0.3014843989	0.4139794357	1.373137175	1.03711579	1.044175891
1.029323308	0.3017786685	0.4144573336	1.373381809	1.038128087	1.045381288
1.030075188	0.3020734797	0.4149361165	1.373626433	1.039142246	1.046588916
1.030827068	0.3023688332	0.4154157853	1.373871047	1.040158272	1.04779878
1.031578947	0.30266473	0.4158963412	1.374115647	1.041176166	1.049010881
1.032330827	0.3029611708	0.4163777851	1.374360233	1.042195931	1.050225222
1.033082707	0.3032581566	0.4168601181	1.374604801	1.043217572	1.051441805
1.033834586	0.3035556882	0.4173433411	1.374849352	1.04424109	1.052660633
1.034586466	0.3038537664	0.4178274551	1.375093882	1.045266488	1.053881709
1.035338346	0.3041523922	0.4183124612	1.37533839	1.04629377	1.055105035
1.036090226	0.3044515663	0.4187983604	1.375582873	1.047322939	1.056330613
1.036842105	0.3047512897	0.4192851537	1.375827332	1.048353997	1.057558446
1.037593985	0.3050515632	0.4197728421	1.376071762	1.049386947	1.058788538
1.038345865	0.3053523877	0.4202614266	1.376316163	1.050421793	1.060020889
1.039097744	0.3056537639	0.4207509083	1.376560533	1.051458536	1.061255504
1.039849624	0.3059556929	0.4212412881	1.37680487	1.052497182	1.062492383
1.040601504	0.3062581755	0.4217325671	1.377049173	1.053537731	1.063731531
1.041353383	0.3065612124	0.4222247464	1.377293438	1.054580188	1.064972949
1.042105263	0.3068648047	0.4227178268	1.377537666	1.055624554	1.066216641
1.042857143	0.3071689531	0.4232118095	1.377781853	1.056670834	1.067462608
1.043609023	0.3074736585	0.4237066954	1.378025999	1.057719031	1.068710854
1.044360902	0.3077789218	0.4242024856	1.378270101	1.058769146	1.06996138
1.045112782	0.3080847439	0.4246991812	1.378514158	1.059821184	1.07121419
1.045864662	0.3083911255	0.4251967831	1.378758167	1.060875146	1.072469286
1.046616541	0.3086980677	0.4256952923	1.379002128	1.061931037	1.07372667
1.047368421	0.3090055713	0.42619471	1.379246038	1.062988859	1.074986346
1.048120301	0.3093136371	0.426695037	1.379489896	1.064048615	1.076248316
1.04887218	0.309622266	0.4271962745	1.3797337	1.065110308	1.077512582
1.04962406	0.3099314588	0.4276984235	1.379977448	1.066173941	1.078779147
1.05037594	0.3102412166	0.428201485	1.380221138	1.067239517	1.080048013
1.05112782	0.31055154	0.42870546	1.380464769	1.06830704	1.081319184
1.051879699	0.3108624301	0.4292103496	1.38070834	1.069376511	1.082592662
1.052631579	0.3111738876	0.4297161548	1.380951847	1.070447935	1.083868449
1.053383459	0.3114859135	0.4302228767	1.38119529	1.071521314	1.085146548
1.054135338	0.3117985086	0.4307305162	1.381438667	1.072596651	1.086426961
1.054887218	0.3121116738	0.4312390744	1.381681977	1.073673949	1.087709692
1.055639098	0.3124254099	0.4317485523	1.381925217	1.074753211	1.088994743
1.056390977	0.312739718	0.4322589511	1.382168385	1.075834441	1.090282116
1.057142857	0.3130545988	0.4327702716	1.382411481	1.07691764	1.091571815
1.057894737	0.3133700532	0.433282515	1.382654503	1.078002813	1.092863841
1.058646617	0.3136860821	0.4337956823	1.382897448	1.079089963	1.094158197
1.059398496	0.3140026863	0.4343097746	1.383140315	1.080179091	1.095454887
1.060150376	0.3143198668	0.4348247928	1.383383103	1.081270202	1.096753911
1.060902256	0.3146376245	0.435340738	1.38362581	1.082363299	1.098055275
1.061654135	0.3149559602	0.4358576113	1.383868434	1.083458383	1.099358979
1.062406015	0.3152748748	0.4363754137	1.384110973	1.084555459	1.100665026
1.063157895	0.3155943692	0.4368941463	1.384353426	1.08565453	1.10197342
1.063909774	0.3159144442	0.4374138101	1.384595792	1.086755598	1.103284162
1.064661654	0.3162351008	0.4379344061	1.384838068	1.087858667	1.104597256
1.065413534	0.3165563399	0.4384559354	1.385080253	1.08896374	1.105912703
1.066165414	0.3168781623	0.438978399	1.385322346	1.090070819	1.107230508
1.066917293	0.3172005689	0.439501798	1.385564344	1.091179907	1.108550672
1.067669173	0.3175235606	0.4400261335	1.385806246	1.092291009	1.109873197
1.068421053	0.3178471383	0.4405514065	1.386048051	1.093404127	1.111198088
1.069172932	0.3181713028	0.441077618	1.386289757	1.094519263	1.112525345
1.069924812	0.3184960552	0.4416047691	1.386531362	1.095636421	1.113854973
1.070676692	0.3188213962	0.4421328608	1.386772864	1.096755604	1.115186973
1.071428571	0.3191473268	0.4426618943	1.387014263	1.097876816	1.116521349
1.072180451	0.3194738478	0.4431918705	1.387255557	1.099000058	1.117858102
1.072932331	0.3198009601	0.4437227906	1.387496743	1.100125335	1.119197236
1.073684211	0.3201286647	0.4442546555	1.387737821	1.101252649	1.120538753
1.07443609	0.3204569624	0.4447874663	1.387978788	1.102382003	1.121882656
1.07518797	0.3207858541	0.4453212241	1.388219644	1.103513401	1.123228948
1.07593985	0.3211153407	0.44585593	1.388460386	1.104646846	1.124577631
1.076691729	0.3214454232	0.446391585	1.388701014	1.10578234	1.125928707
1.077443609	0.3217761023	0.4469281902	1.388941525	1.106919886	1.127282181
1.078195489	0.3221073791	0.4474657466	1.389181918	1.108059489	1.128638054
1.078947368	0.3224392543	0.4480042553	1.389422191	1.10920115	1.129996328
1.079699248	0.3227717289	0.4485437173	1.389662344	1.110344873	1.131357008
1.080451128	0.3231048039	0.4490841338	1.389902374	1.111490661	1.132720094
1.081203008	0.32343848	0.4496255058	1.390142279	1.112638517	1.134085591
1.081954887	0.3237727582	0.4501678344	1.39038206	1.113788445	1.135453501
1.082706767	0.3241076394	0.4507111205	1.390621712	1.114940447	1.136823826
1.083458647	0.3244431245	0.4512553654	1.390861237	1.116094526	1.138196569
1.084210526	0.3247792144	0.45180057	1.391100631	1.117250686	1.139571732
1.084962406	0.32511591	0.4523467355	1.391339893	1.118408929	1.14094932
1.085714286	0.3254532122	0.4528938628	1.391579022	1.119569259	1.142329333
1.086466165	0.3257911219	0.4534419532	1.391818017	1.120731679	1.143711775
1.087218045	0.32612964	0.4539910076	1.392056875	1.121896192	1.145096649
1.087969925	0.3264687674	0.4545410271	1.392295596	1.123062801	1.146483958
1.088721805	0.3268085051	0.4550920128	1.392534177	1.12423151	1.147873703
1.089473684	0.3271488539	0.4556439658	1.392772618	1.12540232	1.149265888
1.090225564	0.3274898147	0.4561968871	1.393010917	1.126575236	1.150660516
1.090977444	0.3278313885	0.4567507779	1.393249073	1.12775026	1.152057589
1.091729323	0.3281735761	0.4573056392	1.393487083	1.128927397	1.153457109
1.092481203	0.3285163785	0.457861472	1.393724947	1.130106647	1.154859081
1.093233083	0.3288597965	0.4584182776	1.393962663	1.131288016	1.156263505
1.093984962	0.3292038311	0.4589760568	1.394200229	1.132471506	1.157670386
1.094736842	0.3295484832	0.4595348109	1.394437645	1.13365712	1.159079725
1.095488722	0.3298937538	0.4600945409	1.394674909	1.134844862	1.160491526
1.096240602	0.3302396436	0.4606552479	1.394912019	1.136034734	1.161905791
1.096992481	0.3305861537	0.461216933	1.395148974	1.137226739	1.163322524
1.097744361	0.3309332849	0.4617795972	1.395385772	1.138420881	1.164741726
1.098496241	0.3312810381	0.4623432417	1.395622413	1.139617163	1.1661634
1.09924812	0.3316294144	0.4629078675	1.395858894	1.140815589	1.16758755
1.1	0.3319784145	0.4634734757	1.396095214	1.14201616	1.169014177
1.10075188	0.3323280394	0.4640400675	1.396331373	1.143218881	1.170443285
1.101503759	0.33267829	0.4646076438	1.396567368	1.144423754	1.171874877
1.102255639	0.3330291673	0.4651762058	1.396803198	1.145630783	1.173308955
1.103007519	0.3333806721	0.4657457546	1.397038861	1.14683997	1.174745522
1.103759398	0.3337328054	0.4663162913	1.397274358	1.14805132	1.17618458
1.104511278	0.3340855681	0.4668878169	1.397509685	1.149264835	1.177626133
1.105263158	0.3344389611	0.4674603326	1.397744841	1.150480518	1.179070184
1.106015038	0.3347929854	0.4680338395	1.397979826	1.151698372	1.180516734
1.106766917	0.3351476418	0.4686083386	1.398214638	1.152918401	1.181965787
1.107518797	0.3355029313	0.469183831	1.398449275	1.154140608	1.183417345
1.108270677	0.3358588547	0.4697603179	1.398683737	1.155364996	1.184871412
1.109022556	0.3362154131	0.4703378003	1.398918021	1.156591568	1.186327989
1.109774436	0.3365726074	0.4709162794	1.399152127	1.157820328	1.187787081
1.110526316	0.3369304384	0.4714957562	1.399386053	1.159051278	1.189248689
1.111278195	0.3372889071	0.4720762318	1.399619797	1.160284421	1.190712817
1.112030075	0.3376480144	0.4726577074	1.39985336	1.161519762	1.192179466
1.112781955	0.3380077613	0.473240184	1.400086738	1.162757302	1.193648641
1.113533835	0.3383681487	0.4738236627	1.400319931	1.163997046	1.195120343
1.114285714	0.3387291774	0.4744081447	1.400552938	1.165238996	1.196594576
1.115037594	0.3390908485	0.4749936311	1.400785758	1.166483156	1.198071341
1.115789474	0.3394531628	0.4755801229	1.401018388	1.167729529	1.199550644
1.116541353	0.3398161214	0.4761676213	1.401250827	1.168978118	1.201032484
1.117293233	0.3401797251	0.4767561273	1.401483076	1.170228926	1.202516867
1.118045113	0.3405439748	0.4773456422	1.401715131	1.171481956	1.204003794
1.118796992	0.3409088715	0.4779361669	1.401946992	1.172737212	1.205493268
1.119548872	0.3412744161	0.4785277026	1.402178658	1.173994697	1.206985292
1.120300752	0.3416406095	0.4791202505	1.402410127	1.175254414	1.208479869
1.121052632	0.3420074528	0.4797138115	1.402641398	1.176516366	1.209977002
1.121804511	0.3423749467	0.4803083869	1.402872469	1.177780557	1.211476693
1.122556391	0.3427430924	0.4809039778	1.40310334	1.17904699	1.212978946
1.123308271	0.3431118906	0.4815005852	1.40333401	1.180315667	1.214483762
1.12406015	0.3434813423	0.4820982103	1.403564476	1.181586593	1.215991145
1.12481203	0.3438514485	0.4826968542	1.403794739	1.182859769	1.217501099
1.12556391	0.34422221	0.483296518	1.404024795	1.184135201	1.219013624
1.126315789	0.344593628	0.4838972028	1.404254645	1.18541289	1.220528725
1.127067669	0.3449657032	0.4844989098	1.404484288	1.186692841	1.222046404
1.127819549	0.3453384366	0.4851016401	1.404713721	1.187975055	1.223566664
1.128571429	0.3457118291	0.4857053947	1.404942943	1.189259537	1.225089508
1.129323308	0.3460858818	0.4863101749	1.405171954	1.19054629	1.226614939
1.130075188	0.3464605955	0.4869159817	1.405400753	1.191835317	1.228142959
1.130827068	0.3468359711	0.4875228162	1.405629337	1.193126621	1.229673571
1.131578947	0.3472120097	0.4881306797	1.405857707	1.194420206	1.231206778
1.132330827	0.3475887122	0.4887395731	1.406085859	1.195716074	1.232742584
1.133082707	0.3479660794	0.4893494977	1.406313795	1.197014229	1.23428099
1.133834586	0.3483441125	0.4899604545	1.406541512	1.198314674	1.235822
1.134586466	0.3487228122	0.4905724447	1.406769008	1.199617413	1.237365616
1.135338346	0.3491021795	0.4911854694	1.406996284	1.200922449	1.238911842
1.136090226	0.3494822155	0.4917995298	1.407223338	1.202229785	1.24046068
1.136842105	0.349862921	0.492414627	1.407450168	1.203539423	1.242012133
1.137593985	0.3502442969	0.493030762	1.407676774	1.204851369	1.243566203
1.138345865	0.3506263443	0.4936479361	1.407903154	1.206165624	1.245122895
1.139097744	0.3510090641	0.4942661504	1.408129307	1.207482192	1.24668221
1.139849624	0.3513924572	0.4948854059	1.408355233	1.208801076	1.248244152
1.140601504	0.3517765246	0.4955057039	1.408580929	1.21012228	1.249808723
1.141353383	0.3521612673	0.4961270455	1.408806395	1.211445807	1.251375926
1.142105263	0.3525466861	0.4967494318	1.40903163	1.21277166	1.252945764
1.142857143	0.3529327821	0.4973728639	1.409256632	1.214099842	1.25451824
1.143609023	0.3533195561	0.497997343	1.409481401	1.215430357	1.256093357
1.144360902	0.3537070092	0.4986228702	1.409705935	1.216763208	1.257671118
1.145112782	0.3540951423	0.4992494467	1.409930234	1.218098398	1.259251525
1.145864662	0.3544839564	0.4998770736	1.410154295	1.21943593	1.260834582
1.146616541	0.3548734523	0.500505752	1.410378119	1.220775808	1.262420291
1.147368421	0.3552636312	0.5011354831	1.410601703	1.222118036	1.264008655
1.148120301	0.3556544938	0.5017662681	1.410825047	1.223462616	1.265599677
1.14887218	0.3560460412	0.502398108	1.411048151	1.224809551	1.26719336
1.14962406	0.3564382744	0.5030310041	1.411271011	1.226158846	1.268789707
1.15037594	0.3568311943	0.5036649574	1.411493629	1.227510502	1.27038872
1.15112782	0.3572248018	0.5042999691	1.411716002	1.228864524	1.271990404
1.151879699	0.357619098	0.5049360404	1.41193813	1.230220916	1.273594759
1.152631579	0.3580140837	0.5055731723	1.412160011	1.231579679	1.27520179
1.153383459	0.3584097599	0.5062113662	1.412381645	1.232940818	1.2768115
1.154135338	0.3588061277	0.506850623	1.41260303	1.234304335	1.278423891
1.154887218	0.3592031879	0.507490944	1.412824165	1.235670235	1.280038965
1.155639098	0.3596009416	0.5081323303	1.41304505	1.23703852	1.281656727
1.156390977	0.3599993896	0.5087747831	1.413265683	1.238409194	1.283277179
1.157142857	0.360398533	0.5094183035	1.413486063	1.239782259	1.284900324
1.157894737	0.3607983727	0.5100628926	1.413706189	1.241157721	1.286526164
1.158646617	0.3611989098	0.5107085517	1.413926061	1.24253558	1.288154703
1.159398496	0.361600145	0.5113552819	1.414145677	1.243915842	1.289785943
1.160150376	0.3620020795	0.5120030843	1.414365036	1.24529851	1.291419888
1.160902256	0.3624047142	0.51265196	1.414584137	1.246683586	1.293056541
1.161654135	0.36280805	0.5133019104	1.41480298	1.248071073	1.294695904
1.162406015	0.363212088	0.5139529364	1.415021563	1.249460977	1.29633798
1.163157895	0.363616829	0.5146050394	1.415239885	1.250853299	1.297982772
1.163909774	0.3640222742	0.5152582203	1.415457946	1.252248043	1.299630283
1.164661654	0.3644284243	0.5159124805	1.415675743	1.253645212	1.301280517
1.165413534	0.3648352805	0.516567821	1.415893277	1.25504481	1.302933475
1.166165414	0.3652428437	0.5172242431	1.416110547	1.25644684	1.304589161
1.166917293	0.3656511148	0.5178817478	1.416327551	1.257851305	1.306247578
1.167669173	0.3660600948	0.5185403364	1.416544288	1.25925821	1.307908729
1.168421053	0.3664697848	0.51920001	1.416760758	1.260667556	1.309572617
1.169172932	0.3668801856	0.5198607698	1.416976959	1.262079348	1.311239244
1.169924812	0.3672912983	0.520522617	1.417192891	1.263493588	1.312908614
1.170676692	0.3677031238	0.5211855527	1.417408553	1.264910281	1.31458073
1.171428571	0.3681156631	0.5218495781	1.417623944	1.266329429	1.316255594
1.172180451	0.3685289172	0.5225146943	1.417839062	1.267751036	1.31793321
1.172932331	0.3689428871	0.5231809026	1.418053907	1.269175105	1.31961358
1.173684211	0.3693575737	0.5238482041	1.418268479	1.27060164	1.321296707
1.17443609	0.369772978	0.5245166	1.418482775	1.272030644	1.322982595
1.17518797	0.3701891011	0.5251860915	1.418696796	1.273462121	1.324671246
1.17593985	0.3706059438	0.5258566797	1.41891054	1.274896073	1.326362663
1.176691729	0.3710235072	0.5265283658	1.419124006	1.276332504	1.32805685
1.177443609	0.3714417922	0.527201151	1.419337194	1.277771417	1.329753809
1.178195489	0.3718607999	0.5278750364	1.419550102	1.279212817	1.331453543
1.178947368	0.3722805311	0.5285500233	1.41976273	1.280656706	1.333156055
1.179699248	0.372700987	0.5292261128	1.419975077	1.282103087	1.334861349
1.180451128	0.3731221685	0.5299033062	1.420187142	1.283551964	1.336569426
1.181203008	0.3735440765	0.5305816045	1.420398924	1.285003341	1.338280291
1.181954887	0.3739667121	0.531261009	1.420610423	1.286457221	1.339993945
1.182706767	0.3743900762	0.5319415208	1.420821637	1.287913607	1.341710393
1.183458647	0.3748141698	0.5326231412	1.421032565	1.289372502	1.343429637
1.184210526	0.375238994	0.5333058713	1.421243207	1.290833911	1.34515168
1.184962406	0.3756645496	0.5339897123	1.421453562	1.292297835	1.346876524
1.185714286	0.3760908378	0.5346746654	1.421663629	1.29376428	1.348604174
1.186466165	0.3765178594	0.5353607318	1.421873407	1.295233248	1.350334632
1.187218045	0.3769456155	0.5360479126	1.422082896	1.296704742	1.352067901
1.187969925	0.3773741071	0.5367362091	1.422292094	1.298178767	1.353803984
1.188721805	0.3778033351	0.5374256224	1.422501001	1.299655325	1.355542884
1.189473684	0.3782333006	0.5381161538	1.422709616	1.301134419	1.357284604
1.190225564	0.3786640045	0.5388078045	1.422917938	1.302616054	1.359029147
1.190977444	0.3790954479	0.5395005755	1.423125966	1.304100233	1.360776516
1.191729323	0.3795276317	0.5401944682	1.4233337	1.305586959	1.362526714
1.192481203	0.3799605569	0.5408894836	1.423541138	1.307076235	1.364279744
1.193233083	0.3803942245	0.5415856231	1.42374828	1.308568065	1.366035609
1.193984962	0.3808286356	0.5422828878	1.423955126	1.310062453	1.367794312
1.194736842	0.3812637911	0.5429812789	1.424161674	1.311559402	1.369555856
1.195488722	0.3816996919	0.5436807975	1.424367923	1.313058914	1.371320245
1.196240602	0.3821363392	0.544381445	1.424573874	1.314560995	1.37308748
1.196992481	0.3825737339	0.5450832225	1.424779524	1.316065646	1.374857566
1.197744361	0.383011877	0.5457861311	1.424984873	1.317572872	1.376630505
1.198496241	0.3834507696	0.5464901722	1.425189922	1.319082676	1.3784063
1.19924812	0.3838904125	0.5471953469	1.425394667	1.320595062	1.380184955
1.2	0.3843308068	0.5479016563	1.42559911	1.322110032	1.381966472
