# VHH-NNLO scan points
# process: ZHH
# energy_tev: 13.6
# scan_axis: kappa_t
# scan_x_key: kappa_t
# vmin: 0.8
# vmax: 1.2
# n_points: 400
# fixed_kappa: 1,1,1,1
#
kappa_t	sigma_lo	sigma_nnlo	k	sigma_heft_over_sm_lo	sigma_heft_over_sm_nnlo
0.8	0.2906950235	0.3901650745	1.342180096	1	0.9841091829
0.8010025063	0.2906950235	0.3901989368	1.342296583	1	0.9841945936
0.8020050125	0.2906950235	0.3902327474	1.342412893	1	0.9842798737
0.8030075188	0.2906950235	0.3902665065	1.342529025	1	0.9843650239
0.8040100251	0.2906950235	0.3903002143	1.342644981	1	0.9844500446
0.8050125313	0.2906950235	0.390333871	1.342760761	1	0.9845349366
0.8060150376	0.2906950235	0.3903674769	1.342876366	1	0.9846197003
0.8070175439	0.2906950235	0.3904010322	1.342991798	1	0.9847043365
0.8080200501	0.2906950235	0.3904345371	1.343107056	1	0.9847888457
0.8090225564	0.2906950235	0.390467992	1.343222142	1	0.9848732286
0.8100250627	0.2906950235	0.3905013971	1.343337056	1	0.9849574858
0.8110275689	0.2906950235	0.3905347526	1.3434518	1	0.985041618
0.8120300752	0.2906950235	0.3905680587	1.343566374	1	0.9851256258
0.8130325815	0.2906950235	0.3906013159	1.34368078	1	0.98520951
0.8140350877	0.2906950235	0.3906345243	1.343795018	1	0.9852932712
0.815037594	0.2906950235	0.3906676842	1.343909089	1	0.9853769101
0.8160401003	0.2906950235	0.390700796	1.344022994	1	0.9854604275
0.8170426065	0.2906950235	0.3907338598	1.344136735	1	0.985543824
0.8180451128	0.2906950235	0.390766876	1.344250312	1	0.9856271004
0.819047619	0.2906950235	0.3907998448	1.344363726	1	0.9857102574
0.8200501253	0.2906950235	0.3908327667	1.344476978	1	0.9857932958
0.8210526316	0.2906950235	0.3908656418	1.344590069	1	0.9858762164
0.8220551378	0.2906950235	0.3908984705	1.344703001	1	0.9859590199
0.8230576441	0.2906950235	0.3909312531	1.344815774	1	0.9860417071
0.8240601504	0.2906950235	0.3909639899	1.34492839	1	0.9861242788
0.8250626566	0.2906950235	0.3909966813	1.345040849	1	0.9862067359
0.8260651629	0.2906950235	0.3910293275	1.345153153	1	0.9862890791
0.8270676692	0.2906950235	0.3910619289	1.345265303	1	0.9863713093
0.8280701754	0.2906950235	0.3910944858	1.3453773	1	0.9864534272
0.8290726817	0.2906950235	0.3911269986	1.345489145	1	0.9865354339
0.830075188	0.2906950235	0.3911594676	1.345600839	1	0.9866173301
0.8310776942	0.2906950235	0.3911918931	1.345712384	1	0.9866991166
0.8320802005	0.2906950235	0.3912242756	1.345823781	1	0.9867807945
0.8330827068	0.2906950235	0.3912566153	1.34593503	1	0.9868623646
0.834085213	0.2906950235	0.3912889126	1.346046134	1	0.9869438277
0.8350877193	0.2906950235	0.3913211678	1.346157093	1	0.9870251848
0.8360902256	0.2906950235	0.3913533815	1.346267909	1	0.9871064369
0.8370927318	0.2906950235	0.3913855538	1.346378583	1	0.9871875849
0.8380952381	0.2906950235	0.3914176852	1.346489116	1	0.9872686296
0.8390977444	0.2906950235	0.3914497762	1.34659951	1	0.9873495722
0.8401002506	0.2906950235	0.3914818269	1.346709765	1	0.9874304135
0.8411027569	0.2906950235	0.3915138379	1.346819884	1	0.9875111545
0.8421052632	0.2906950235	0.3915458096	1.346929868	1	0.9875917963
0.8431077694	0.2906950235	0.3915777423	1.347039717	1	0.9876723398
0.8441102757	0.2906950235	0.3916096364	1.347149434	1	0.987752786
0.845112782	0.2906950235	0.3916414924	1.34725902	1	0.987833136
0.8461152882	0.2906950235	0.3916733106	1.347368475	1	0.9879133909
0.8471177945	0.2906950235	0.3917050916	1.347477803	1	0.9879935515
0.8481203008	0.2906950235	0.3917368356	1.347587003	1	0.9880736191
0.849122807	0.2906950235	0.3917685431	1.347696078	1	0.9881535946
0.8501253133	0.2906950235	0.3918002146	1.347805029	1	0.9882334792
0.8511278195	0.2906950235	0.3918318504	1.347913857	1	0.988313274
0.8521303258	0.2906950235	0.3918634511	1.348022564	1	0.98839298
0.8531328321	0.2906950235	0.391895017	1.348131152	1	0.9884725983
0.8541353383	0.2906950235	0.3919265486	1.348239622	1	0.9885521301
0.8551378446	0.2906950235	0.3919580463	1.348347975	1	0.9886315766
0.8561403509	0.2906950235	0.3919895107	1.348456213	1	0.9887109387
0.8571428571	0.2906950235	0.3920209421	1.348564338	1	0.9887902178
0.8581453634	0.2906950235	0.392052341	1.348672352	1	0.988869415
0.8591478697	0.2906950235	0.3920837079	1.348780255	1	0.9889485314
0.8601503759	0.2906950235	0.3921150433	1.34888805	1	0.9890275683
0.8611528822	0.2906950235	0.3921463476	1.348995737	1	0.9891065268
0.8621553885	0.2906950235	0.3921776213	1.34910332	1	0.9891854081
0.8631578947	0.2906950235	0.3922088649	1.349210799	1	0.9892642135
0.864160401	0.2906950235	0.3922400789	1.349318176	1	0.9893429442
0.8651629073	0.2906950235	0.3922712637	1.349425453	1	0.9894216015
0.8661654135	0.2906950235	0.3923024199	1.349532631	1	0.9895001865
0.8671679198	0.2906950235	0.392333548	1.349639713	1	0.9895787005
0.8681704261	0.2906950235	0.3923646485	1.349746699	1	0.9896571449
0.8691729323	0.2906950235	0.3923957219	1.349853593	1	0.9897355209
0.8701754386	0.2906950235	0.3924267686	1.349960395	1	0.9898138298
0.8711779449	0.2906950235	0.3924577893	1.350067107	1	0.9898920729
0.8721804511	0.2906950235	0.3924887844	1.350173731	1	0.9899702515
0.8731829574	0.2906950235	0.3925197545	1.350280269	1	0.990048367
0.8741854637	0.2906950235	0.3925507	1.350386722	1	0.9901264207
0.8751879699	0.2906950235	0.3925816216	1.350493094	1	0.9902044139
0.8761904762	0.2906950235	0.3926125198	1.350599384	1	0.990282348
0.8771929825	0.2906950235	0.392643395	1.350705596	1	0.9903602243
0.8781954887	0.2906950235	0.392674248	1.350811731	1	0.9904380443
0.879197995	0.2906950235	0.3927050791	1.350917791	1	0.9905158094
0.8802005013	0.2906950235	0.392735889	1.351023778	1	0.9905935209
0.8812030075	0.2906950235	0.3927666782	1.351129694	1	0.9906711802
0.8822055138	0.2906950235	0.3927974474	1.351235541	1	0.9907487889
0.8832080201	0.2906950235	0.392828197	1.351341321	1	0.9908263482
0.8842105263	0.2906950235	0.3928589276	1.351447035	1	0.9909038597
0.8852130326	0.2906950235	0.3928896398	1.351552686	1	0.9909813249
0.8862155388	0.2906950235	0.3929203342	1.351658276	1	0.9910587451
0.8872180451	0.2906950235	0.3929510115	1.351763806	1	0.9911361219
0.8882205514	0.2906950235	0.392981672	1.35186928	1	0.9912134567
0.8892230576	0.2906950235	0.3930123166	1.351974698	1	0.9912907511
0.8902255639	0.2906950235	0.3930429457	1.352080063	1	0.9913680066
0.8912280702	0.2906950235	0.39307356	1.352185377	1	0.9914452247
0.8922305764	0.2906950235	0.39310416	1.352290642	1	0.9915224069
0.8932330827	0.2906950235	0.3931347465	1.352395861	1	0.9915995547
0.894235589	0.2906950235	0.3931653199	1.352501034	1	0.9916766698
0.8952380952	0.2906950235	0.393195881	1.352606165	1	0.9917537536
0.8962406015	0.2906950235	0.3932264303	1.352711256	1	0.9918308079
0.8972431078	0.2906950235	0.3932569685	1.352816308	1	0.991907834
0.898245614	0.2906950235	0.3932874962	1.352921324	1	0.9919848337
0.8992481203	0.2906950235	0.393318014	1.353026307	1	0.9920618086
0.9002506266	0.2906950235	0.3933485227	1.353131257	1	0.9921387602
0.9012531328	0.2906950235	0.3933790228	1.353236179	1	0.9922156902
0.9022556391	0.2906950235	0.3934095149	1.353341073	1	0.9922926003
0.9032581454	0.2906950235	0.3934399998	1.353445942	1	0.9923694921
0.9042606516	0.2906950235	0.3934704782	1.353550788	1	0.9924463672
0.9052631579	0.2906950235	0.3935009505	1.353655614	1	0.9925232273
0.9062656642	0.2906950235	0.3935314176	1.353760422	1	0.9926000742
0.9072681704	0.2906950235	0.3935618801	1.353865214	1	0.9926769095
0.9082706767	0.2906950235	0.3935923387	1.353969992	1	0.9927537348
0.909273183	0.2906950235	0.3936227941	1.35407476	1	0.992830552
0.9102756892	0.2906950235	0.3936532469	1.354179518	1	0.9929073628
0.9112781955	0.2906950235	0.3936836978	1.35428427	1	0.9929841688
0.9122807018	0.2906950235	0.3937141476	1.354389019	1	0.9930609719
0.913283208	0.2906950235	0.3937445969	1.354493765	1	0.9931377738
0.9142857143	0.2906950235	0.3937750464	1.354598512	1	0.9932145763
0.9152882206	0.2906950235	0.3938054968	1.354703263	1	0.9932913811
0.9162907268	0.2906950235	0.3938359489	1.354808019	1	0.9933681901
0.9172932331	0.2906950235	0.3938664033	1.354912783	1	0.993445005
0.9182957393	0.2906950235	0.3938968608	1.355017558	1	0.9935218277
0.9192982456	0.2906950235	0.3939273222	1.355122346	1	0.9935986599
0.9203007519	0.2906950235	0.393957788	1.355227149	1	0.9936755036
0.9213032581	0.2906950235	0.3939882591	1.355331971	1	0.9937523605
0.9223057644	0.2906950235	0.3940187362	1.355436813	1	0.9938292326
0.9233082707	0.2906950235	0.39404922	1.355541678	1	0.9939061216
0.9243107769	0.2906950235	0.3940797113	1.355646569	1	0.9939830295
0.9253132832	0.2906950235	0.3941102109	1.355751489	1	0.9940599582
0.9263157895	0.2906950235	0.3941407194	1.355856439	1	0.9941369095
0.9273182957	0.2906950235	0.3941712377	1.355961423	1	0.9942138854
0.928320802	0.2906950235	0.3942017664	1.356066443	1	0.9942908878
0.9293233083	0.2906950235	0.3942323065	1.356171501	1	0.9943679186
0.9303258145	0.2906950235	0.3942628586	1.356276602	1	0.9944449798
0.9313283208	0.2906950235	0.3942934234	1.356381746	1	0.9945220733
0.9323308271	0.2906950235	0.3943240019	1.356486937	1	0.994599201
0.9333333333	0.2906950235	0.3943545948	1.356592177	1	0.994676365
0.9343358396	0.2906950235	0.3943852028	1.35669747	1	0.9947535673
0.9353383459	0.2906950235	0.3944158267	1.356802817	1	0.9948308098
0.9363408521	0.2906950235	0.3944464675	1.356908222	1	0.9949080946
0.9373433584	0.2906950235	0.3944771257	1.357013687	1	0.9949854236
0.9383458647	0.2906950235	0.3945078024	1.357119216	1	0.9950627989
0.9393483709	0.2906950235	0.3945384981	1.35722481	1	0.9951402225
0.9403508772	0.2906950235	0.3945692139	1.357330474	1	0.9952176966
0.9413533835	0.2906950235	0.3945999505	1.357436208	1	0.9952952231
0.9423558897	0.2906950235	0.3946307086	1.357542017	1	0.9953728041
0.943358396	0.2906950235	0.3946614893	1.357647904	1	0.9954504417
0.9443609023	0.2906950235	0.3946922931	1.35775387	1	0.995528138
0.9453634085	0.2906950235	0.3947231211	1.357859919	1	0.9956058952
0.9463659148	0.2906950235	0.3947539741	1.357966054	1	0.9956837152
0.9473684211	0.2906950235	0.3947848528	1.358072278	1	0.9957616003
0.9483709273	0.2906950235	0.3948157582	1.358178594	1	0.9958395526
0.9493734336	0.2906950235	0.394846691	1.358285004	1	0.9959175742
0.9503759398	0.2906950235	0.3948776522	1.358391511	1	0.9959956673
0.9513784461	0.2906950235	0.3949086426	1.358498119	1	0.9960738341
0.9523809524	0.2906950235	0.3949396631	1.35860483	1	0.9961520767
0.9533834586	0.2906950235	0.3949707145	1.358711648	1	0.9962303973
0.9543859649	0.2906950235	0.3950017978	1.358818576	1	0.9963087982
0.9553884712	0.2906950235	0.3950329137	1.358925615	1	0.9963872815
0.9563909774	0.2906950235	0.3950640631	1.35903277	1	0.9964658495
0.9573934837	0.2906950235	0.3950952471	1.359140044	1	0.9965445044
0.95839599	0.2906950235	0.3951264664	1.35924744	1	0.9966232485
0.9593984962	0.2906950235	0.3951577219	1.359354959	1	0.996702084
0.9604010025	0.2906950235	0.3951890146	1.359462607	1	0.9967810131
0.9614035088	0.2906950235	0.3952203453	1.359570386	1	0.9968600382
0.962406015	0.2906950235	0.3952517149	1.359678298	1	0.9969391616
0.9634085213	0.2906950235	0.3952831244	1.359786348	1	0.9970183855
0.9644110276	0.2906950235	0.3953145747	1.359894538	1	0.9970977122
0.9654135338	0.2906950235	0.3953460667	1.360002872	1	0.9971771442
0.9664160401	0.2906950235	0.3953776014	1.360111352	1	0.9972566836
0.9674185464	0.2906950235	0.3954091795	1.360219982	1	0.9973363329
0.9684210526	0.2906950235	0.3954408022	1.360328765	1	0.9974160944
0.9694235589	0.2906950235	0.3954724703	1.360437704	1	0.9974959704
0.9704260652	0.2906950235	0.3955041847	1.360546802	1	0.9975759634
0.9714285714	0.2906950235	0.3955359465	1.360656064	1	0.9976560757
0.9724310777	0.2906950235	0.3955677565	1.360765491	1	0.9977363098
0.973433584	0.2906950235	0.3955996157	1.360875088	1	0.9978166679
0.9744360902	0.2906950235	0.3956315251	1.360984857	1	0.9978971527
0.9754385965	0.2906950235	0.3956634856	1.361094803	1	0.9979777664
0.9764411028	0.2906950235	0.3956954983	1.361204927	1	0.9980585115
0.977443609	0.2906950235	0.395727564	1.361315234	1	0.9981393905
0.9784461153	0.2906950235	0.3957596837	1.361425727	1	0.9982204059
0.9794486216	0.2906950235	0.3957918585	1.361536409	1	0.99830156
0.9804511278	0.2906950235	0.3958240893	1.361647284	1	0.9983828554
0.9814536341	0.2906950235	0.3958563771	1.361758355	1	0.9984642946
0.9824561404	0.2906950235	0.395888723	1.361869626	1	0.9985458801
0.9834586466	0.2906950235	0.3959211278	1.3619811	1	0.9986276144
0.9844611529	0.2906950235	0.3959535926	1.36209278	1	0.9987095
0.9854636591	0.2906950235	0.3959861184	1.362204669	1	0.9987915395
0.9864661654	0.2906950235	0.3960187062	1.362316772	1	0.9988737354
0.9874686717	0.2906950235	0.396051357	1.362429092	1	0.9989560903
0.9884711779	0.2906950235	0.3960840719	1.362541633	1	0.9990386067
0.9894736842	0.2906950235	0.3961168519	1.362654397	1	0.9991212872
0.9904761905	0.2906950235	0.3961496979	1.362767388	1	0.9992041345
0.9914786967	0.2906950235	0.3961826111	1.362880611	1	0.999287151
0.992481203	0.2906950235	0.3962155925	1.362994067	1	0.9993703395
0.9934837093	0.2906950235	0.396248643	1.363107762	1	0.9994537026
0.9944862155	0.2906950235	0.3962817638	1.363221699	1	0.9995372428
0.9954887218	0.2906950235	0.3963149559	1.363335881	1	0.9996209629
0.9964912281	0.2906950235	0.3963482203	1.363450311	1	0.9997048654
0.9974937343	0.2906950235	0.3963815582	1.363564995	1	0.9997889531
0.9984962406	0.2906950235	0.3964149705	1.363679934	1	0.9998732286
0.9994987469	0.2906950235	0.3964484583	1.363795133	1	0.9999576947
1.000501253	0.2906950235	0.3964820228	1.363910596	1	1.000042354
1.001503759	0.2906950235	0.3965156649	1.364026326	1	1.000127209
1.002506266	0.2906950235	0.3965493858	1.364142327	1	1.000212263
1.003508772	0.2906950235	0.3965831866	1.364258603	1	1.000297518
1.004511278	0.2906950235	0.3966170682	1.364375157	1	1.000382978
1.005513784	0.2906950235	0.3966510319	1.364491993	1	1.000468644
1.006516291	0.2906950235	0.3966850787	1.364609115	1	1.00055452
1.007518797	0.2906950235	0.3967192097	1.364726527	1	1.000640608
1.008521303	0.2906950235	0.396753426	1.364844232	1	1.000726911
1.00952381	0.2906950235	0.3967877288	1.364962234	1	1.000813433
1.010526316	0.2906950235	0.3968221191	1.365080538	1	1.000900175
1.011528822	0.2906950235	0.3968565981	1.365199147	1	1.000987141
1.012531328	0.2906950235	0.3968911668	1.365318064	1	1.001074333
1.013533835	0.2906950235	0.3969258264	1.365437295	1	1.001161755
1.014536341	0.2906950235	0.3969605781	1.365556841	1	1.001249409
1.015538847	0.2906950235	0.396995423	1.365676709	1	1.001337298
1.016541353	0.2906950235	0.3970303621	1.365796901	1	1.001425424
1.01754386	0.2906950235	0.3970653967	1.365917421	1	1.001513792
1.018546366	0.2906950235	0.397100528	1.366038273	1	1.001602403
1.019548872	0.2906950235	0.3971357569	1.366159462	1	1.00169126
1.020551378	0.2906950235	0.3971710848	1.366280991	1	1.001780368
1.021553885	0.2906950235	0.3972065127	1.366402864	1	1.001869727
1.022556391	0.2906950235	0.3972420419	1.366525086	1	1.001959342
1.023558897	0.2906950235	0.3972776734	1.366647659	1	1.002049215
1.024561404	0.2906950235	0.3973134086	1.366770589	1	1.002139349
1.02556391	0.2906950235	0.3973492485	1.36689388	1	1.002229748
1.026566416	0.2906950235	0.3973851943	1.367017534	1	1.002320414
1.027568922	0.2906950235	0.3974212472	1.367141558	1	1.00241135
1.028571429	0.2906950235	0.3974574085	1.367265953	1	1.002502559
1.029573935	0.2906950235	0.3974936792	1.367390726	1	1.002594044
1.030576441	0.2906950235	0.3975300606	1.367515879	1	1.002685809
1.031578947	0.2906950235	0.397566554	1.367641417	1	1.002777855
1.032581454	0.2906950235	0.3976031604	1.367767345	1	1.002870187
1.03358396	0.2906950235	0.3976398812	1.367893665	1	1.002962808
1.034586466	0.2906950235	0.3976767175	1.368020383	1	1.00305572
1.035588972	0.2906950235	0.3977136706	1.368147503	1	1.003148926
1.036591479	0.2906950235	0.3977507416	1.368275029	1	1.00324243
1.037593985	0.2906950235	0.3977879319	1.368402964	1	1.003336234
1.038596491	0.2906950235	0.3978252426	1.368531314	1	1.003430343
1.039598997	0.2906950235	0.397862675	1.368660083	1	1.003524758
1.040601504	0.2906950235	0.3979002303	1.368789274	1	1.003619483
1.04160401	0.2906950235	0.3979379097	1.368918893	1	1.003714522
1.042606516	0.2906950235	0.3979757146	1.369048943	1	1.003809877
1.043609023	0.2906950235	0.3980136462	1.369179429	1	1.003905551
1.044611529	0.2906950235	0.3980517057	1.369310354	1	1.004001548
1.045614035	0.2906950235	0.3980898944	1.369441725	1	1.004097871
1.046616541	0.2906950235	0.3981282135	1.369573544	1	1.004194523
1.047619048	0.2906950235	0.3981666644	1.369705816	1	1.004291507
1.048621554	0.2906950235	0.3982052482	1.369838546	1	1.004388827
1.04962406	0.2906950235	0.3982439664	1.369971737	1	1.004486485
1.050626566	0.2906950235	0.3982828201	1.370105396	1	1.004584486
1.051629073	0.2906950235	0.3983218107	1.370239524	1	1.004682831
1.052631579	0.2906950235	0.3983609395	1.370374129	1	1.004781525
1.053634085	0.2906950235	0.3984002077	1.370509212	1	1.004880571
1.054636591	0.2906950235	0.3984396166	1.37064478	1	1.004979972
1.055639098	0.2906950235	0.3984791676	1.370780837	1	1.005079731
1.056641604	0.2906950235	0.398518862	1.370917387	1	1.005179852
1.05764411	0.2906950235	0.3985587011	1.371054435	1	1.005280337
1.058646617	0.2906950235	0.3985986861	1.371191984	1	1.005381191
1.059649123	0.2906950235	0.3986388185	1.371330041	1	1.005482417
1.060651629	0.2906950235	0.3986790995	1.371468609	1	1.005584017
1.061654135	0.2906950235	0.3987195305	1.371607693	1	1.005685996
1.062656642	0.2906950235	0.3987601128	1.371747297	1	1.005788356
1.063659148	0.2906950235	0.3988008478	1.371887427	1	1.005891101
1.064661654	0.2906950235	0.3988417368	1.372028086	1	1.005994235
1.06566416	0.2906950235	0.3988827811	1.37216928	1	1.006097761
1.066666667	0.2906950235	0.3989239821	1.372311013	1	1.006201682
1.067669173	0.2906950235	0.3989653412	1.372453289	1	1.006306001
1.068671679	0.2906950235	0.3990068597	1.372596114	1	1.006410723
1.069674185	0.2906950235	0.399048539	1.372739492	1	1.00651585
1.070676692	0.2906950235	0.3990903805	1.372883428	1	1.006621387
1.071679198	0.2906950235	0.3991323854	1.373027927	1	1.006727335
1.072681704	0.2906950235	0.3991745553	1.373172993	1	1.0068337
1.073684211	0.2906950235	0.3992168915	1.37331863	1	1.006940484
1.074686717	0.2906950235	0.3992593954	1.373464845	1	1.007047691
1.075689223	0.2906950235	0.3993020683	1.373611641	1	1.007155324
1.076691729	0.2906950235	0.3993449117	1.373759024	1	1.007263388
1.077694236	0.2906950235	0.3993879269	1.373906998	1	1.007371885
1.078696742	0.2906950235	0.3994311155	1.374055567	1	1.007480819
1.079699248	0.2906950235	0.3994744787	1.374204738	1	1.007590193
1.080701754	0.2906950235	0.3995180179	1.374354515	1	1.007700012
1.081704261	0.2906950235	0.3995617347	1.374504902	1	1.007810278
1.082706767	0.2906950235	0.3996056305	1.374655905	1	1.007920996
1.083709273	0.2906950235	0.3996497065	1.374807528	1	1.008032169
1.084711779	0.2906950235	0.3996939644	1.374959776	1	1.0081438
1.085714286	0.2906950235	0.3997384055	1.375112655	1	1.008255893
1.086716792	0.2906950235	0.3997830312	1.375266169	1	1.008368452
1.087719298	0.2906950235	0.3998278431	1.375420323	1	1.008481481
1.088721805	0.2906950235	0.3998728424	1.375575122	1	1.008594982
1.089724311	0.2906950235	0.3999180308	1.375730572	1	1.00870896
1.090726817	0.2906950235	0.3999634097	1.375886676	1	1.008823419
1.091729323	0.2906950235	0.4000089804	1.376043441	1	1.008938361
1.09273183	0.2906950235	0.4000547445	1.376200871	1	1.009053792
1.093734336	0.2906950235	0.4001007035	1.376358971	1	1.009169713
1.094736842	0.2906950235	0.4001468588	1.376517747	1	1.00928613
1.095739348	0.2906950235	0.4001932119	1.376677203	1	1.009403046
1.096741855	0.2906950235	0.4002397642	1.376837345	1	1.009520465
1.097744361	0.2906950235	0.4002865174	1.376998177	1	1.00963839
1.098746867	0.2906950235	0.4003334727	1.377159705	1	1.009756825
1.099749373	0.2906950235	0.4003806319	1.377321934	1	1.009875774
1.10075188	0.2906950235	0.4004279962	1.377484868	1	1.00999524
1.101754386	0.2906950235	0.4004755673	1.377648515	1	1.010115228
1.102756892	0.2906950235	0.4005233467	1.377812877	1	1.010235742
1.103759398	0.2906950235	0.4005713358	1.377977961	1	1.010356784
1.104761905	0.2906950235	0.4006195362	1.378143772	1	1.01047836
1.105764411	0.2906950235	0.4006679494	1.378310315	1	1.010600472
1.106766917	0.2906950235	0.400716577	1.378477595	1	1.010723125
1.107769424	0.2906950235	0.4007654204	1.378645618	1	1.010846322
1.10877193	0.2906950235	0.4008144811	1.378814389	1	1.010970067
1.109774436	0.2906950235	0.4008637608	1.378983912	1	1.011094365
1.110776942	0.2906950235	0.400913261	1.379154195	1	1.011219219
1.111779449	0.2906950235	0.4009629832	1.37932524	1	1.011344632
1.112781955	0.2906950235	0.4010129289	1.379497055	1	1.01147061
1.113784461	0.2906950235	0.4010630997	1.379669644	1	1.011597155
1.114786967	0.2906950235	0.4011134972	1.379843013	1	1.011724272
1.115789474	0.2906950235	0.401164123	1.380017168	1	1.011851965
1.11679198	0.2906950235	0.4012149785	1.380192112	1	1.011980237
1.117794486	0.2906950235	0.4012660654	1.380367853	1	1.012109093
1.118796992	0.2906950235	0.4013173853	1.380544395	1	1.012238537
1.119799499	0.2906950235	0.4013689397	1.380721744	1	1.012368572
1.120802005	0.2906950235	0.4014207302	1.380899905	1	1.012499203
1.121804511	0.2906950235	0.4014727584	1.381078883	1	1.012630433
1.122807018	0.2906950235	0.4015250259	1.381258685	1	1.012762267
1.123809524	0.2906950235	0.4015775343	1.381439316	1	1.012894708
1.12481203	0.2906950235	0.4016302852	1.38162078	1	1.013027761
1.125814536	0.2906950235	0.4016832801	1.381803085	1	1.01316143
1.126817043	0.2906950235	0.4017365208	1.381986234	1	1.013295718
1.127819549	0.2906950235	0.4017900088	1.382170235	1	1.01343063
1.128822055	0.2906950235	0.4018437457	1.382355091	1	1.01356617
1.129824561	0.2906950235	0.4018977332	1.38254081	1	1.013702342
1.130827068	0.2906950235	0.4019519729	1.382727396	1	1.01383915
1.131829574	0.2906950235	0.4020064664	1.382914856	1	1.013976599
1.13283208	0.2906950235	0.4020612154	1.383103194	1	1.014114692
1.133834586	0.2906950235	0.4021162214	1.383292416	1	1.014253433
1.134837093	0.2906950235	0.4021714862	1.383482529	1	1.014392826
1.135839599	0.2906950235	0.4022270114	1.383673537	1	1.014532877
1.136842105	0.2906950235	0.4022827986	1.383865447	1	1.014673588
1.137844612	0.2906950235	0.4023388495	1.384058264	1	1.014814965
1.138847118	0.2906950235	0.4023951657	1.384251993	1	1.014957011
1.139849624	0.2906950235	0.402451749	1.384446642	1	1.01509973
1.14085213	0.2906950235	0.402508601	1.384642214	1	1.015243128
1.141854637	0.2906950235	0.4025657233	1.384838717	1	1.015387207
1.142857143	0.2906950235	0.4026231177	1.385036155	1	1.015531972
1.143859649	0.2906950235	0.4026807858	1.385234535	1	1.015677427
1.144862155	0.2906950235	0.4027387294	1.385433863	1	1.015823578
1.145864662	0.2906950235	0.40279695	1.385634144	1	1.015970427
1.146867168	0.2906950235	0.4028554494	1.385835384	1	1.01611798
1.147869674	0.2906950235	0.4029142293	1.386037588	1	1.016266239
1.14887218	0.2906950235	0.4029732915	1.386240764	1	1.016415211
1.149874687	0.2906950235	0.4030326375	1.386444916	1	1.016564899
1.150877193	0.2906950235	0.4030922692	1.386650051	1	1.016715307
1.151879699	0.2906950235	0.4031521882	1.386856174	1	1.01686644
1.152882206	0.2906950235	0.4032123962	1.387063292	1	1.017018303
1.153884712	0.2906950235	0.4032728951	1.38727141	1	1.017170898
1.154887218	0.2906950235	0.4033336864	1.387480534	1	1.017324232
1.155889724	0.2906950235	0.4033947721	1.38769067	1	1.017478307
1.156892231	0.2906950235	0.4034561537	1.387901825	1	1.017633129
1.157894737	0.2906950235	0.403517833	1.388114004	1	1.017788703
1.158897243	0.2906950235	0.4035798118	1.388327213	1	1.017945031
1.159899749	0.2906950235	0.4036420919	1.388541458	1	1.018102119
1.160902256	0.2906950235	0.4037046749	1.388756746	1	1.018259972
1.161904762	0.2906950235	0.4037675627	1.388973082	1	1.018418593
1.162907268	0.2906950235	0.403830757	1.389190472	1	1.018577987
1.163909774	0.2906950235	0.4038942595	1.389408923	1	1.018738159
1.164912281	0.2906950235	0.4039580721	1.38962844	1	1.018899113
1.165914787	0.2906950235	0.4040221966	1.38984903	1	1.019060853
1.166917293	0.2906950235	0.4040866346	1.390070699	1	1.019223385
1.167919799	0.2906950235	0.404151388	1.390293453	1	1.019386712
1.168922306	0.2906950235	0.4042164586	1.390517298	1	1.019550839
1.169924812	0.2906950235	0.4042818482	1.39074224	1	1.01971577
1.170927318	0.2906950235	0.4043475586	1.390968286	1	1.019881511
1.171929825	0.2906950235	0.4044135915	1.391195441	1	1.020048065
1.172932331	0.2906950235	0.4044799489	1.391423713	1	1.020215437
1.173934837	0.2906950235	0.4045466324	1.391653106	1	1.020383632
1.174937343	0.2906950235	0.4046136439	1.391883628	1	1.020552655
1.17593985	0.2906950235	0.4046809852	1.392115284	1	1.020722509
1.176942356	0.2906950235	0.4047486583	1.392348081	1	1.0208932
1.177944862	0.2906950235	0.4048166647	1.392582026	1	1.021064732
1.178947368	0.2906950235	0.4048850065	1.392817124	1	1.02123711
1.179949875	0.2906950235	0.4049536855	1.393053382	1	1.021410338
1.180952381	0.2906950235	0.4050227034	1.393290805	1	1.021584421
1.181954887	0.2906950235	0.4050920622	1.393529402	1	1.021759364
1.182957393	0.2906950235	0.4051617637	1.393769177	1	1.021935171
1.1839599	0.2906950235	0.4052318097	1.394010137	1	1.022111847
1.184962406	0.2906950235	0.405302202	1.394252289	1	1.022289397
1.185964912	0.2906950235	0.4053729427	1.39449564	1	1.022467826
1.186967419	0.2906950235	0.4054440335	1.394740194	1	1.022647137
1.187969925	0.2906950235	0.4055154763	1.394985959	1	1.022827337
1.188972431	0.2906950235	0.4055872729	1.395232942	1	1.023008429
1.189974937	0.2906950235	0.4056594253	1.395481149	1	1.023190418
1.190977444	0.2906950235	0.4057319354	1.395730586	1	1.023373309
1.19197995	0.2906950235	0.4058048049	1.395981259	1	1.023557107
1.192982456	0.2906950235	0.4058780359	1.396233176	1	1.023741817
1.193984962	0.2906950235	0.4059516302	1.396486343	1	1.023927443
1.194987469	0.2906950235	0.4060255897	1.396740766	1	1.02411399
1.195989975	0.2906950235	0.4060999164	1.396996452	1	1.024301464
1.196992481	0.2906950235	0.406174612	1.397253407	1	1.024489868
1.197994987	0.2906950235	0.4062496786	1.397511639	1	1.024679207
1.198997494	0.2906950235	0.4063251181	1.397771153	1	1.024869488
1.2	0.2906950235	0.4064009323	1.398031956	1	1.025060713
