# VHH-NNLO scan points
# process: ZHH
# energy_tev: 13.6
# scan_axis: kappa_2z
# scan_x_key: kappa_2z
# vmin: 0.7
# vmax: 1.3
# n_points: 400
# fixed_kappa: 1,1,1,1
#
kappa_2z	sigma_lo	sigma_nnlo	k	sigma_heft_over_sm_lo	sigma_heft_over_sm_nnlo
0.7	0.2053191649	0.2941517285	1.432655976	0.7063043682	0.7419357501
0.7015037594	0.2056865975	0.2945909948	1.43223233	0.7075683479	0.7430437068
0.7030075188	0.2060546399	0.2950310025	1.431809556	0.7088344251	0.7441535335
0.7045112782	0.206423292	0.2954717516	1.431387654	0.7101025999	0.7452652303
0.7060150376	0.2067925538	0.2959132421	1.430966622	0.7113728722	0.746378797
0.707518797	0.2071624254	0.296355474	1.430546459	0.712645242	0.7474942338
0.7090225564	0.2075329067	0.2967984473	1.430127164	0.7139197093	0.7486115405
0.7105263158	0.2079039977	0.297242162	1.429708737	0.7151962742	0.7497307173
0.7120300752	0.2082756985	0.297686618	1.429291176	0.7164749365	0.7508517641
0.7135338346	0.208648009	0.2981318155	1.42887448	0.7177556964	0.7519746809
0.715037594	0.2090209293	0.2985777544	1.428458649	0.7190385538	0.7530994677
0.7165413534	0.2093944593	0.2990244346	1.428043682	0.7203235087	0.7542261245
0.7180451128	0.209768599	0.2994718563	1.427629577	0.7216105612	0.7553546513
0.7195488722	0.2101433485	0.2999200193	1.427216333	0.7228997111	0.7564850481
0.7210526316	0.2105187077	0.3003689237	1.42680395	0.7241909586	0.757617315
0.722556391	0.2108946767	0.3008185696	1.426392426	0.7254843036	0.7587514518
0.7240601504	0.2112712554	0.3012689568	1.425981761	0.7267797462	0.7598874587
0.7255639098	0.2116484438	0.3017200854	1.425571953	0.7280772862	0.7610253355
0.7270676692	0.212026242	0.3021719554	1.425163001	0.7293769238	0.7621650824
0.7285714286	0.2124046499	0.3026245668	1.424754905	0.7306786588	0.7633066993
0.730075188	0.2127836675	0.3030779196	1.424347663	0.7319824914	0.7644501862
0.7315789474	0.2131632949	0.3035320138	1.423941274	0.7332884216	0.7655955431
0.7330827068	0.2135435321	0.3039868494	1.423535737	0.7345964492	0.76674277
0.7345864662	0.2139243789	0.3044424264	1.423131052	0.7359065744	0.7678918669
0.7360902256	0.2143058355	0.3048987447	1.422727216	0.737218797	0.7690428339
0.737593985	0.2146879019	0.3053558045	1.422324229	0.7385331172	0.7701956708
0.7390977444	0.2150705779	0.3058136056	1.42192209	0.7398495349	0.7713503777
0.7406015038	0.2154538638	0.3062721482	1.421520797	0.7411680502	0.7725069547
0.7421052632	0.2158377593	0.3067314321	1.42112035	0.7424886629	0.7736654017
0.7436090226	0.2162222646	0.3071914575	1.420720748	0.7438113732	0.7748257187
0.745112782	0.2166073797	0.3076522242	1.420321989	0.745136181	0.7759879056
0.7466165414	0.2169931044	0.3081137323	1.419924072	0.7464630863	0.7771519626
0.7481203008	0.2173794389	0.3085759819	1.419526996	0.7477920892	0.7783178896
0.7496240602	0.2177663832	0.3090389728	1.41913076	0.7491231895	0.7794856867
0.7511278195	0.2181539372	0.3095027051	1.418735362	0.7504563874	0.7806553537
0.7526315789	0.2185421009	0.3099671788	1.418340803	0.7517916828	0.7818268907
0.7541353383	0.2189308744	0.3104323939	1.417947079	0.7531290757	0.7830002978
0.7556390977	0.2193202576	0.3108983504	1.417554191	0.7544685661	0.7841755748
0.7571428571	0.2197102505	0.3113650482	1.417162137	0.7558101541	0.7853527219
0.7586466165	0.2201008532	0.3118324875	1.416770917	0.7571538396	0.7865317389
0.7601503759	0.2204920656	0.3123006682	1.416380527	0.7584996226	0.787712626
0.7616541353	0.2208838878	0.3127695902	1.415990969	0.7598475031	0.7888953831
0.7631578947	0.2212763197	0.3132392537	1.41560224	0.7611974811	0.7900800102
0.7646616541	0.2216693613	0.3137096585	1.415214339	0.7625495567	0.7912665073
0.7661654135	0.2220630127	0.3141808048	1.414827265	0.7639037297	0.7924548744
0.7676691729	0.2224572738	0.3146526924	1.414441016	0.7652600003	0.7936451115
0.7691729323	0.2228521446	0.3151253215	1.414055593	0.7666183684	0.7948372187
0.7706766917	0.2232476252	0.3155986919	1.413670992	0.7679788341	0.7960311958
0.7721804511	0.2236437155	0.3160728037	1.413287214	0.7693413972	0.797227043
0.7736842105	0.2240404156	0.3165476569	1.412904257	0.7707060579	0.7984247601
0.7751879699	0.2244377254	0.3170232515	1.412522119	0.7720728161	0.7996243473
0.7766917293	0.224835645	0.3174995875	1.4121408	0.7734416718	0.8008258045
0.7781954887	0.2252341742	0.3179766649	1.411760298	0.774812625	0.8020291317
0.7796992481	0.2256333133	0.3184544837	1.411380612	0.7761856758	0.8032343289
0.7812030075	0.226033062	0.3189330439	1.41100174	0.7775608241	0.8044413961
0.7827067669	0.2264334205	0.3194123454	1.410623682	0.7789380698	0.8056503333
0.7842105263	0.2268343888	0.3198923884	1.410246436	0.7803174132	0.8068611405
0.7857142857	0.2272359667	0.3203731728	1.409870002	0.781698854	0.8080738178
0.7872180451	0.2276381544	0.3208546985	1.409494376	0.7830823923	0.809288365
0.7887218045	0.2280409519	0.3213369657	1.409119559	0.7844680282	0.8105047823
0.7902255639	0.2284443591	0.3218199742	1.40874555	0.7858557616	0.8117230695
0.7917293233	0.228848376	0.3223037242	1.408372346	0.7872455925	0.8129432268
0.7932330827	0.2292530027	0.3227882155	1.407999946	0.7886375209	0.8141652541
0.7947368421	0.2296582391	0.3232734482	1.40762835	0.7900315469	0.8153891514
0.7962406015	0.2300640852	0.3237594223	1.407257556	0.7914276703	0.8166149187
0.7977443609	0.2304705411	0.3242461378	1.406887563	0.7928258913	0.817842556
0.7992481203	0.2308776067	0.3247335947	1.406518368	0.7942262098	0.8190720633
0.8007518797	0.2312852821	0.325221793	1.406149972	0.7956286259	0.8203034406
0.8022556391	0.2316935672	0.3257107327	1.405782373	0.7970331394	0.821536688
0.8037593985	0.232102462	0.3262004138	1.405415569	0.7984397505	0.8227718053
0.8052631579	0.2325119666	0.3266908363	1.40504956	0.799848459	0.8240087927
0.8067669173	0.2329220809	0.3271820002	1.404684343	0.8012592652	0.8252476501
0.8082706767	0.233332805	0.3276739054	1.404319918	0.8026721688	0.8264883774
0.8097744361	0.2337441388	0.3281665521	1.403956282	0.8040871699	0.8277309748
0.8112781955	0.2341560823	0.3286599401	1.403593436	0.8055042686	0.8289754422
0.8127819549	0.2345686356	0.3291540696	1.403231377	0.8069234648	0.8302217796
0.8142857143	0.2349817986	0.3296489404	1.402870105	0.8083447585	0.831469987
0.8157894737	0.2353955713	0.3301445527	1.402509617	0.8097681497	0.8327200644
0.8172932331	0.2358099538	0.3306409063	1.402149913	0.8111936384	0.8339720119
0.8187969925	0.236224946	0.3311380013	1.401790992	0.8126212247	0.8352258293
0.8203007519	0.236640548	0.3316358377	1.401432851	0.8140509085	0.8364815168
0.8218045113	0.2370567597	0.3321344155	1.401075489	0.8154826898	0.8377390742
0.8233082707	0.2374735811	0.3326337347	1.400718906	0.8169165686	0.8389985017
0.8248120301	0.2378910123	0.3331337953	1.4003631	0.8183525449	0.8402597992
0.8263157895	0.2383090532	0.3336345973	1.400008069	0.8197906188	0.8415229667
0.8278195489	0.2387277039	0.3341361407	1.399653812	0.8212307902	0.8427880042
0.8293233083	0.2391469642	0.3346384255	1.399300328	0.8226730591	0.8440549117
0.8308270677	0.2395668344	0.3351414516	1.398947615	0.8241174255	0.8453236892
0.8323308271	0.2399873142	0.3356452192	1.398595673	0.8255638894	0.8465943367
0.8338345865	0.2404084038	0.3361497282	1.398244499	0.8270124509	0.8478668542
0.8353383459	0.2408301032	0.3366549785	1.397894092	0.8284631099	0.8491412418
0.8368421053	0.2412524123	0.3371609703	1.397544452	0.8299158664	0.8504174993
0.8383458647	0.2416753311	0.3376677034	1.397195576	0.8313707204	0.8516956269
0.8398496241	0.2420988597	0.3381751779	1.396847463	0.8328276719	0.8529756245
0.8413533835	0.242522998	0.3386833939	1.396500112	0.834286721	0.854257492
0.8428571429	0.242947746	0.3391923512	1.396153522	0.8357478676	0.8555412296
0.8443609023	0.2433731038	0.3397020499	1.39580769	0.8372111117	0.8568268372
0.8458646617	0.2437990713	0.34021249	1.395462617	0.8386764533	0.8581143148
0.8473684211	0.2442256485	0.3407236715	1.3951183	0.8401438924	0.8594036625
0.8488721805	0.2446528355	0.3412355944	1.394774737	0.8416134291	0.8606948801
0.8503759398	0.2450806323	0.3417482587	1.394431928	0.8430850632	0.8619879677
0.8518796992	0.2455090387	0.3422616644	1.394089872	0.8445587949	0.8632829254
0.8533834586	0.245938055	0.3427758114	1.393748566	0.8460346242	0.864579753
0.854887218	0.2463676809	0.3432906999	1.39340801	0.8475125509	0.8658784507
0.8563909774	0.2467979166	0.3438063298	1.393068201	0.8489925751	0.8671790183
0.8578947368	0.247228762	0.344322701	1.39272914	0.8504746969	0.868481456
0.8593984962	0.2476602172	0.3448398137	1.392390823	0.8519589162	0.8697857637
0.8609022556	0.2480922821	0.3453576677	1.392053251	0.853445233	0.8710919414
0.862406015	0.2485249567	0.3458762632	1.39171642	0.8549336474	0.8723999891
0.8639097744	0.2489582411	0.3463956	1.391380331	0.8564241592	0.8737099068
0.8654135338	0.2493921352	0.3469156782	1.391044982	0.8579167686	0.8750216946
0.8669172932	0.2498266391	0.3474364978	1.390710371	0.8594114755	0.8763353523
0.8684210526	0.2502617527	0.3479580588	1.390376496	0.8609082799	0.8776508801
0.869924812	0.250697476	0.3484803612	1.390043358	0.8624071818	0.8789682778
0.8714285714	0.2511338091	0.349003405	1.389710953	0.8639081813	0.8802875456
0.8729323308	0.2515707519	0.3495271902	1.389379281	0.8654112782	0.8816086834
0.8744360902	0.2520083044	0.3500517168	1.38904834	0.8669164727	0.8829316911
0.8759398496	0.2524464667	0.3505769848	1.388718129	0.8684237647	0.8842565689
0.877443609	0.2528852387	0.3511029942	1.388388646	0.8699331543	0.8855833167
0.8789473684	0.2533246205	0.3516297449	1.38805989	0.8714446413	0.8869119345
0.8804511278	0.253764612	0.3521572371	1.38773186	0.8729582259	0.8882424224
0.8819548872	0.2542052132	0.3526854707	1.387404555	0.874473908	0.8895747802
0.8834586466	0.2546464242	0.3532144456	1.387077972	0.8759916876	0.890909008
0.884962406	0.2550882449	0.353744162	1.38675211	0.8775115647	0.8922451059
0.8864661654	0.2555306754	0.3542746197	1.386426969	0.8790335394	0.8935830737
0.8879699248	0.2559737156	0.3548058188	1.386102546	0.8805576115	0.8949229116
0.8894736842	0.2564173655	0.3553377593	1.38577884	0.8820837812	0.8962646195
0.8909774436	0.2568616252	0.3558704413	1.38545585	0.8836120484	0.8976081974
0.892481203	0.2573064946	0.3564038646	1.385133574	0.8851424132	0.8989536453
0.8939849624	0.2577519737	0.3569380293	1.384812012	0.8866748754	0.9003009632
0.8954887218	0.2581980626	0.3574729354	1.38449116	0.8882094352	0.9016501511
0.8969924812	0.2586447613	0.3580085829	1.384171019	0.8897460925	0.903001209
0.8984962406	0.2590920696	0.3585449717	1.383851587	0.8912848473	0.9043541369
0.9	0.2595399877	0.359082102	1.383532862	0.8928256996	0.9057089349
0.9015037594	0.2599885156	0.3596199737	1.383214843	0.8943686494	0.9070656028
0.9030075188	0.2604376531	0.3601585868	1.382897528	0.8959136968	0.9084241408
0.9045112782	0.2608874005	0.3606979412	1.382580916	0.8974608417	0.9097845487
0.9060150376	0.2613377575	0.3612380371	1.382265006	0.8990100841	0.9111468267
0.907518797	0.2617887243	0.3617788743	1.381949797	0.900561424	0.9125109747
0.9090225564	0.2622403009	0.362320453	1.381635286	0.9021148615	0.9138769927
0.9105263158	0.2626924871	0.362862773	1.381321472	0.9036703964	0.9152448807
0.9120300752	0.2631452831	0.3634058344	1.381008354	0.9052280289	0.9166146387
0.9135338346	0.2635986889	0.3639496372	1.380695931	0.9067877589	0.9179862668
0.915037594	0.2640527044	0.3644941815	1.380384201	0.9083495864	0.9193597648
0.9165413534	0.2645073296	0.3650394671	1.380073163	0.9099135115	0.9207351328
0.9180451128	0.2649625646	0.3655854941	1.379762815	0.911479534	0.9221123709
0.9195488722	0.2654184093	0.3661322625	1.379453157	0.9130476541	0.9234914789
0.9210526316	0.2658748637	0.3666797723	1.379144185	0.9146178717	0.924872457
0.922556391	0.2663319279	0.3672280234	1.3788359	0.9161901868	0.9262553051
0.9240601504	0.2667896018	0.367777016	1.378528299	0.9177645995	0.9276400232
0.9255639098	0.2672478855	0.36832675	1.378221382	0.9193411096	0.9290266113
0.9270676692	0.2677067789	0.3688772254	1.377915146	0.9209197173	0.9304150694
0.9285714286	0.268166282	0.3694284421	1.377609591	0.9225004225	0.9318053975
0.930075188	0.2686263949	0.3699804003	1.377304715	0.9240832252	0.9331975956
0.9315789474	0.2690871175	0.3705330998	1.377000517	0.9256681255	0.9345916638
0.9330827068	0.2695484498	0.3710865407	1.376696994	0.9272551232	0.9359876019
0.9345864662	0.2700103919	0.3716407231	1.376394147	0.9288442185	0.9373854101
0.9360902256	0.2704729438	0.3721956468	1.376091973	0.9304354113	0.9387850882
0.937593985	0.2709361053	0.3727513119	1.375790471	0.9320287016	0.9401866364
0.9390977444	0.2713998766	0.3733077184	1.375489639	0.9336240895	0.9415900546
0.9406015038	0.2718642577	0.3738648663	1.375189477	0.9352215748	0.9429953428
0.9421052632	0.2723292485	0.3744227556	1.374889983	0.9368211577	0.944402501
0.9436090226	0.272794849	0.3749813863	1.374591154	0.9384228381	0.9458115292
0.945112782	0.2732610592	0.3755407584	1.374292991	0.940026616	0.9472224274
0.9466165414	0.2737278792	0.3761008719	1.373995491	0.9416324914	0.9486351956
0.9481203008	0.274195309	0.3766617268	1.373698654	0.9432404644	0.9500498339
0.9496240602	0.2746633484	0.3772233231	1.373402477	0.9448505349	0.9514663421
0.9511278195	0.2751319977	0.3777856607	1.373106959	0.9464627029	0.9528847204
0.9526315789	0.2756012566	0.3783487398	1.3728121	0.9480769684	0.9543049686
0.9541353383	0.2760711253	0.3789125602	1.372517897	0.9496933314	0.9557270869
0.9556390977	0.2765416037	0.3794771221	1.372224349	0.951311792	0.9571510752
0.9571428571	0.2770126919	0.3800424253	1.371931455	0.9529323501	0.9585769335
0.9586466165	0.2774843898	0.3806084699	1.371639213	0.9545550056	0.9600046618
0.9601503759	0.2779566974	0.381175256	1.371347622	0.9561797588	0.9614342601
0.9616541353	0.2784296148	0.3817427834	1.37105668	0.9578066094	0.9628657284
0.9631578947	0.2789031419	0.3823110522	1.370766387	0.9594355575	0.9642990668
0.9646616541	0.2793772788	0.3828800624	1.37047674	0.9610666032	0.9657342751
0.9661654135	0.2798520254	0.383449814	1.370187739	0.9626997464	0.9671713535
0.9676691729	0.2803273817	0.384020307	1.369899382	0.9643349871	0.9686103018
0.9691729323	0.2808033478	0.3845915414	1.369611667	0.9659723254	0.9700511202
0.9706766917	0.2812799236	0.3851635172	1.369324594	0.9676117611	0.9714938086
0.9721804511	0.2817571092	0.3857362343	1.36903816	0.9692532944	0.9729383669
0.9736842105	0.2822349045	0.3863096929	1.368752365	0.9708969252	0.9743847953
0.9751879699	0.2827133095	0.3868838929	1.368467206	0.9725426535	0.9758330937
0.9766917293	0.2831923243	0.3874588342	1.368182684	0.9741904793	0.9772832622
0.9781954887	0.2836719488	0.388034517	1.367898795	0.9758404027	0.9787353006
0.9796992481	0.284152183	0.3886109411	1.36761554	0.9774924235	0.980189209
0.9812030075	0.284633027	0.3891881066	1.367332915	0.9791465419	0.9816449874
0.9827067669	0.2851144807	0.3897660136	1.367050921	0.9808027578	0.9831026359
0.9842105263	0.2855965442	0.3903446619	1.366769556	0.9824610713	0.9845621544
0.9857142857	0.2860792174	0.3909240516	1.366488818	0.9841214822	0.9860235428
0.9872180451	0.2865625003	0.3915041827	1.366208706	0.9857839907	0.9874868013
0.9887218045	0.287046393	0.3920850552	1.365929218	0.9874485967	0.9889519298
0.9902255639	0.2875308954	0.3926666691	1.365650354	0.9891153002	0.9904189283
0.9917293233	0.2880160076	0.3932490244	1.365372112	0.9907841012	0.9918877968
0.9932330827	0.2885017295	0.3938321211	1.365094489	0.9924549997	0.9933585353
0.9947368421	0.2889880611	0.3944159592	1.364817487	0.9941279958	0.9948311438
0.9962406015	0.2894750025	0.3950005387	1.364541101	0.9958030894	0.9963056224
0.9977443609	0.2899625536	0.3955858595	1.364265332	0.9974802805	0.9977819709
0.9992481203	0.2904507144	0.3961719218	1.363990178	0.9991595691	0.9992601895
1.00075188	0.290939485	0.3967587254	1.363715638	1.000840955	1.000740278
1.002255639	0.2914288653	0.3973462705	1.36344171	1.002524439	1.002222237
1.003759398	0.2919188554	0.3979345569	1.363168393	1.00421002	1.003706065
1.005263158	0.2924094552	0.3985235848	1.362895685	1.005897699	1.005191764
1.006766917	0.2929006647	0.399113354	1.362623586	1.007587475	1.006679332
1.008270677	0.293392484	0.3997038646	1.362352093	1.009279349	1.008168771
1.009774436	0.293884913	0.4002951166	1.362081206	1.01097332	1.00966008
1.011278195	0.2943779518	0.40088711	1.361810922	1.012669389	1.011153258
1.012781955	0.2948716003	0.4014798448	1.361541242	1.014367555	1.012648307
1.014285714	0.2953658585	0.402073321	1.361272163	1.016067819	1.014145226
1.015789474	0.2958607265	0.4026675386	1.361003684	1.01777018	1.015644014
1.017293233	0.2963562042	0.4032624976	1.360735803	1.019474639	1.017144673
1.018796992	0.2968522916	0.403858198	1.36046852	1.021181196	1.018647201
1.020300752	0.2973489888	0.4044546398	1.360201833	1.022889849	1.0201516
1.021804511	0.2978462957	0.4050518229	1.359935741	1.024600601	1.021657869
1.023308271	0.2983442124	0.4056497475	1.359670242	1.02631345	1.023166008
1.02481203	0.2988427388	0.4062484134	1.359405335	1.028028396	1.024676016
1.026315789	0.2993418749	0.4068478208	1.359141018	1.02974544	1.026187895
1.027819549	0.2998416208	0.4074479695	1.358877291	1.031464582	1.027701644
1.029323308	0.3003419764	0.4080488596	1.358614152	1.033185821	1.029217262
1.030827068	0.3008429418	0.4086504912	1.358351599	1.034909157	1.030734751
1.032330827	0.3013445169	0.4092528641	1.358089632	1.036634591	1.03225411
1.033834586	0.3018467017	0.4098559784	1.357828249	1.038362123	1.033775339
1.035338346	0.3023494963	0.4104598341	1.357567448	1.040091752	1.035298438
1.036842105	0.3028529006	0.4110644312	1.357307229	1.041823479	1.036823406
1.038345865	0.3033569147	0.4116697697	1.357047589	1.043557303	1.038350245
1.039849624	0.3038615384	0.4122758496	1.356788528	1.045293224	1.039878954
1.041353383	0.304366772	0.4128826709	1.356530045	1.047031244	1.041409533
1.042857143	0.3048726152	0.4134902336	1.356272138	1.04877136	1.042941982
1.044360902	0.3053790682	0.4140985376	1.356014805	1.050513575	1.0444763
1.045864662	0.305886131	0.4147075831	1.355758046	1.052257886	1.046012489
1.047368421	0.3063938035	0.4153173699	1.355501858	1.054004296	1.047550548
1.04887218	0.3069020857	0.4159278982	1.355246242	1.055752802	1.049090477
1.05037594	0.3074109776	0.4165391678	1.354991195	1.057503407	1.050632276
1.051879699	0.3079204793	0.4171511789	1.354736716	1.059256108	1.052175945
1.053383459	0.3084305908	0.4177639313	1.354482804	1.061010908	1.053721484
1.054887218	0.3089413119	0.4183774251	1.354229457	1.062767805	1.055268892
1.056390977	0.3094526428	0.4189916604	1.353976675	1.064526799	1.056818171
1.057894737	0.3099645835	0.419606637	1.353724455	1.066287891	1.05836932
1.059398496	0.3104771339	0.420222355	1.353472798	1.06805108	1.059922339
1.060902256	0.310990294	0.4208388144	1.3532217	1.069816367	1.061477228
1.062406015	0.3115040639	0.4214560152	1.352971162	1.071583752	1.063033987
1.063909774	0.3120184435	0.4220739574	1.352721181	1.073353234	1.064592616
1.065413534	0.3125334328	0.4226926409	1.352471757	1.075124813	1.066153115
1.066917293	0.3130490319	0.4233120659	1.352222888	1.07689849	1.067715484
1.068421053	0.3135652407	0.4239322323	1.351974573	1.078674265	1.069279723
1.069924812	0.3140820593	0.42455314	1.35172681	1.080452137	1.070845832
1.071428571	0.3145994876	0.4251747892	1.351479599	1.082232106	1.072413811
1.072932331	0.3151175256	0.4257971797	1.351232937	1.084014173	1.07398366
1.07443609	0.3156361734	0.4264203117	1.350986825	1.085798338	1.075555379
1.07593985	0.3161554309	0.427044185	1.35074126	1.0875846	1.077128968
1.077443609	0.3166752981	0.4276687998	1.350496241	1.08937296	1.078704427
1.078947368	0.3171957751	0.4282941559	1.350251767	1.091163417	1.080281756
1.080451128	0.3177168619	0.4289202534	1.350007837	1.092955972	1.081860955
1.081954887	0.3182385583	0.4295470923	1.349764449	1.094750624	1.083442024
1.083458647	0.3187608645	0.4301746726	1.349521602	1.096547374	1.085024963
1.084962406	0.3192837805	0.4308029943	1.349279295	1.098346221	1.086609772
1.086466165	0.3198073062	0.4314320574	1.349037527	1.100147166	1.088196451
1.087969925	0.3203314416	0.4320618619	1.348796296	1.101950208	1.089785
1.089473684	0.3208561867	0.4326924078	1.348555601	1.103755348	1.09137542
1.090977444	0.3213815416	0.433323695	1.348315441	1.105562585	1.092967709
1.092481203	0.3219075063	0.4339557237	1.348075815	1.10737192	1.094561868
1.093984962	0.3224340806	0.4345884938	1.34783672	1.109183352	1.096157897
1.095488722	0.3229612648	0.4352220052	1.347598157	1.110996882	1.097755796
1.096992481	0.3234890586	0.4358562581	1.347360124	1.11281251	1.099355565
1.098496241	0.3240174622	0.4364912523	1.347122619	1.114630234	1.100957204
1.1	0.3245464755	0.4371269879	1.346885642	1.116450057	1.102560714
1.101503759	0.3250760986	0.437763465	1.34664919	1.118271977	1.104166093
1.103007519	0.3256063314	0.4384006834	1.346413264	1.120095994	1.105773342
1.104511278	0.3261371739	0.4390386432	1.346177861	1.121922109	1.107382461
1.106015038	0.3266686262	0.4396773444	1.345942981	1.123750322	1.10899345
1.107518797	0.3272006882	0.440316787	1.345708621	1.125580632	1.11060631
1.109022556	0.32773336	0.440956971	1.345474782	1.127413039	1.112221039
1.110526316	0.3282666415	0.4415978964	1.345241461	1.129247545	1.113837638
1.112030075	0.3288005327	0.4422395632	1.345008658	1.131084147	1.115456107
1.113533835	0.3293350337	0.4428819714	1.344776371	1.132922847	1.117076447
1.115037594	0.3298701444	0.4435251209	1.344544599	1.134763645	1.118698656
1.116541353	0.3304058649	0.4441690119	1.34431334	1.13660654	1.120322735
1.118045113	0.3309421951	0.4448136443	1.344082595	1.138451533	1.121948684
1.119548872	0.331479135	0.445459018	1.34385236	1.140298623	1.123576504
1.121052632	0.3320166847	0.4461051332	1.343622636	1.142147811	1.125206193
1.122556391	0.3325548441	0.4467519897	1.343393421	1.143999096	1.126837752
1.12406015	0.3330936132	0.4473995876	1.343164714	1.145852479	1.128471182
1.12556391	0.3336329921	0.448047927	1.342936513	1.147707959	1.130106481
1.127067669	0.3341729807	0.4486970077	1.342708817	1.149565537	1.13174365
1.128571429	0.3347135791	0.4493468298	1.342481626	1.151425212	1.13338269
1.130075188	0.3352547872	0.4499973933	1.342254937	1.153286985	1.135023599
1.131578947	0.335796605	0.4506486982	1.34202875	1.155150855	1.136666378
1.133082707	0.3363390326	0.4513007445	1.341803064	1.157016823	1.138311028
1.134586466	0.3368820699	0.4519535322	1.341577877	1.158884889	1.139957547
1.136090226	0.337425717	0.4526070613	1.341353188	1.160755051	1.141605937
1.137593985	0.3379699738	0.4532613318	1.341128997	1.162627312	1.143256196
1.139097744	0.3385148403	0.4539163436	1.3409053	1.16450167	1.144908325
1.140601504	0.3390603166	0.4545720969	1.340682099	1.166378125	1.146562325
1.142105263	0.3396064026	0.4552285915	1.340459391	1.168256678	1.148218194
1.143609023	0.3401530983	0.4558858276	1.340237175	1.170137329	1.149875934
1.145112782	0.3407004038	0.456543805	1.34001545	1.172020077	1.151535543
1.146616541	0.341248319	0.4572025239	1.339794216	1.173904922	1.153197023
1.148120301	0.341796844	0.4578619841	1.339573469	1.175791866	1.154860372
1.14962406	0.3423459787	0.4585221857	1.339353211	1.177680906	1.156525592
1.15112782	0.3428957231	0.4591831288	1.339133439	1.179572044	1.158192681
1.152631579	0.3434460773	0.4598448132	1.338914152	1.18146528	1.159861641
1.154135338	0.3439970412	0.460507239	1.338695349	1.183360613	1.16153247
1.155639098	0.3445486149	0.4611704062	1.338477028	1.185258044	1.16320517
1.157142857	0.3451007983	0.4618343148	1.33825919	1.187157572	1.164879739
1.158646617	0.3456535914	0.4624989648	1.338041832	1.189059198	1.166556179
1.160150376	0.3462069943	0.4631643561	1.337824954	1.190962921	1.168234488
1.161654135	0.3467610069	0.4638304889	1.337608554	1.192868742	1.169914668
1.163157895	0.3473156292	0.4644973631	1.337392631	1.19477666	1.171596717
1.164661654	0.3478708613	0.4651649786	1.337177184	1.196686676	1.173280637
1.166165414	0.3484267031	0.4658333356	1.336962212	1.198598789	1.174966426
1.167669173	0.3489831547	0.4665024339	1.336747713	1.200513	1.176654086
1.169172932	0.349540216	0.4671722737	1.336533687	1.202429308	1.178343616
1.170676692	0.350097887	0.4678428548	1.336320133	1.204347714	1.180035015
1.172180451	0.3506561678	0.4685141774	1.336107048	1.206268217	1.181728285
1.173684211	0.3512150583	0.4691862413	1.335894433	1.208190818	1.183423424
1.17518797	0.3517745586	0.4698590466	1.335682286	1.210115517	1.185120434
1.176691729	0.3523346686	0.4705325933	1.335470606	1.212042313	1.186819314
1.178195489	0.3528953883	0.4712068814	1.335259391	1.213971206	1.188520063
1.179699248	0.3534567178	0.4718819109	1.335048642	1.215902197	1.190222683
1.181203008	0.354018657	0.4725576818	1.334838355	1.217835286	1.191927173
1.182706767	0.3545812059	0.4732341941	1.334628531	1.219770472	1.193633532
1.184210526	0.3551443646	0.4739114478	1.334419169	1.221707755	1.195341762
1.185714286	0.355708133	0.4745894428	1.334210266	1.223647136	1.197051862
1.187218045	0.3562725112	0.4752681793	1.334001823	1.225588615	1.198763832
1.188721805	0.3568374991	0.4759476572	1.333793837	1.227532191	1.200477671
1.190225564	0.3574030967	0.4766278764	1.333586308	1.229477865	1.202193381
1.191729323	0.3579693041	0.4773088371	1.333379236	1.231425636	1.203910961
1.193233083	0.3585361212	0.4779905391	1.333172617	1.233375504	1.20563041
1.194736842	0.3591035481	0.4786729826	1.332966452	1.235327471	1.20735173
1.196240602	0.3596715847	0.4793561674	1.33276074	1.237281534	1.20907492
1.197744361	0.360240231	0.4800400936	1.332555479	1.239237696	1.21079998
1.19924812	0.3608094871	0.4807247612	1.332350668	1.241195954	1.21252691
1.20075188	0.3613793529	0.4814101702	1.332146307	1.243156311	1.214255709
1.202255639	0.3619498285	0.4820963206	1.331942393	1.245118764	1.215986379
1.203759398	0.3625209137	0.4827832124	1.331738926	1.247083316	1.217718919
1.205263158	0.3630926088	0.4834708456	1.331535906	1.249049964	1.219453329
1.206766917	0.3636649135	0.4841592202	1.33133333	1.251018711	1.221189609
1.208270677	0.364237828	0.4848483362	1.331131197	1.252989555	1.222927758
1.209774436	0.3648113523	0.4855381936	1.330929508	1.254962496	1.224667778
1.211278195	0.3653854863	0.4862287923	1.33072826	1.256937535	1.226409668
1.212781955	0.36596023	0.4869201325	1.330527452	1.258914671	1.228153428
1.214285714	0.3665355834	0.487612214	1.330327084	1.260893905	1.229899058
1.215789474	0.3671115466	0.488305037	1.330127155	1.262875237	1.231646558
1.217293233	0.3676881196	0.4889986013	1.329927662	1.264858666	1.233395928
1.218796992	0.3682653022	0.4896929071	1.329728606	1.266844192	1.235147168
1.220300752	0.3688430946	0.4903879542	1.329529985	1.268831816	1.236900278
1.221804511	0.3694214968	0.4910837427	1.329331798	1.270821538	1.238655257
1.223308271	0.3700005087	0.4917802726	1.329134045	1.272813357	1.240412107
1.22481203	0.3705801303	0.4924775439	1.328936723	1.274807273	1.242170827
1.226315789	0.3711603617	0.4931755566	1.328739832	1.276803288	1.243931417
1.227819549	0.3717412028	0.4938743107	1.328543371	1.278801399	1.245693877
1.229323308	0.3723226536	0.4945738062	1.328347339	1.280801608	1.247458207
1.230827068	0.3729047142	0.4952740431	1.328151735	1.282803915	1.249224407
1.232330827	0.3734873845	0.4959750214	1.327956557	1.284808319	1.250992477
1.233834586	0.3740706646	0.496676741	1.327761806	1.286814821	1.252762417
1.235338346	0.3746545544	0.4973792021	1.327567479	1.28882342	1.254534227
1.236842105	0.3752390539	0.4980824046	1.327373575	1.290834117	1.256307907
1.238345865	0.3758241632	0.4987863484	1.327180094	1.292846911	1.258083457
1.239849624	0.3764098822	0.4994910337	1.326987035	1.294861803	1.259860877
1.241353383	0.376996211	0.5001964603	1.326794397	1.296878792	1.261640167
1.242857143	0.3775831494	0.5009026283	1.326602178	1.298897879	1.263421327
1.244360902	0.3781706977	0.5016095378	1.326410377	1.300919063	1.265204357
1.245864662	0.3787588556	0.5023171886	1.326218994	1.302942345	1.266989258
1.247368421	0.3793476233	0.5030255808	1.326028028	1.304967725	1.268776028
1.24887218	0.3799370008	0.5037347144	1.325837477	1.306995201	1.270564668
1.25037594	0.380526988	0.5044445894	1.32564734	1.309024776	1.272355178
1.251879699	0.3811175849	0.5051552058	1.325457617	1.311056448	1.274147558
1.253383459	0.3817087915	0.5058665636	1.325268306	1.313090217	1.275941808
1.254887218	0.3823006079	0.5065786628	1.325079407	1.315126084	1.277737928
1.256390977	0.3828930341	0.5072915033	1.324890918	1.317164049	1.279535918
1.257894737	0.38348607	0.5080050853	1.324702838	1.319204111	1.281335778
1.259398496	0.3840797156	0.5087194087	1.324515167	1.32124627	1.283137509
1.260902256	0.3846739709	0.5094344734	1.324327903	1.323290527	1.284941109
1.262406015	0.385268836	0.5101502796	1.324141046	1.325336882	1.286746579
1.263909774	0.3858643108	0.5108668271	1.323954594	1.327385334	1.288553919
1.265413534	0.3864603954	0.5115841161	1.323768547	1.329435884	1.290363129
1.266917293	0.3870570897	0.5123021464	1.323582903	1.331488531	1.29217421
1.268421053	0.3876543938	0.5130209181	1.323397661	1.333543275	1.29398716
1.269924812	0.3882523075	0.5137404312	1.323212821	1.335600117	1.29580198
1.271428571	0.3888508311	0.5144606857	1.323028382	1.337659057	1.29761867
1.272932331	0.3894499643	0.5151816816	1.322844342	1.339720094	1.29943723
1.27443609	0.3900497073	0.5159034189	1.3226607	1.341783229	1.301257661
1.27593985	0.3906500601	0.5166258976	1.322477456	1.343848461	1.303079961
1.277443609	0.3912510225	0.5173491177	1.322294609	1.345915791	1.304904131
1.278947368	0.3918525947	0.5180730792	1.322112157	1.347985218	1.306730171
1.280451128	0.3924547767	0.5187977821	1.3219301	1.350056743	1.308558082
1.281954887	0.3930575684	0.5195232263	1.321748436	1.352130366	1.310387862
1.283458647	0.3936609698	0.520249412	1.321567165	1.354206085	1.312219512
1.284962406	0.394264981	0.5209763391	1.321386286	1.356283903	1.314053033
1.286466165	0.3948696019	0.5217040075	1.321205798	1.358363818	1.315888423
1.287969925	0.3954748325	0.5224324173	1.3210257	1.36044583	1.317725683
1.289473684	0.3960806729	0.5231615686	1.32084599	1.36252994	1.319564814
1.290977444	0.396687123	0.5238914612	1.320666668	1.364616147	1.321405814
1.292481203	0.3972941829	0.5246220952	1.320487734	1.366704452	1.323248684
1.293984962	0.3979018525	0.5253534707	1.320309185	1.368794855	1.325093425
1.295488722	0.3985101318	0.5260855875	1.320131022	1.370887355	1.326940035
1.296992481	0.3991190209	0.5268184457	1.319953242	1.372981952	1.328788516
1.298496241	0.3997285197	0.5275520453	1.319775846	1.375078647	1.330638866
1.3	0.4003386283	0.5282863863	1.319598832	1.37717744	1.332491086
