# VHH-NNLO scan points
# process: ZHH
# energy_tev: 13.6
# scan_axis: kappa_lambda
# scan_x_key: kappa_lambda
# vmin: -0.7
# vmax: 6.1
# n_points: 400
# fixed_kappa: 1,1,1,1
#
kappa_lambda	sigma_lo	sigma_nnlo	k	sigma_heft_over_sm_lo	sigma_heft_over_sm_nnlo
-0.7	0.1196275406	0.1914780753	1.600618673	0.4115224923	0.4829630957
-0.6829573935	0.1205397418	0.1925198372	1.597148247	0.414660493	0.4855907207
-0.665914787	0.1214682014	0.1935821207	1.593685577	0.4178544233	0.4882701068
-0.6488721805	0.1224129195	0.1946649256	1.590231867	0.4211042832	0.491001254
-0.6318295739	0.1233738961	0.1957682519	1.586788277	0.4244100727	0.4937841622
-0.6147869674	0.1243511311	0.1968920997	1.583355922	0.4277717918	0.4966188315
-0.5977443609	0.1253446245	0.198036469	1.579935875	0.4311894404	0.4995052618
-0.5807017544	0.1263543764	0.1992013597	1.576529166	0.4346630186	0.5024434532
-0.5636591479	0.1273803868	0.2003867719	1.573136783	0.4381925264	0.5054334057
-0.5466165414	0.1284226556	0.2015927056	1.569759671	0.4417779638	0.5084751192
-0.5295739348	0.1294811828	0.2028191607	1.566398732	0.4454193308	0.5115685938
-0.5125313283	0.1305559685	0.2040661372	1.56305483	0.4491166274	0.5147138294
-0.4954887218	0.1316470127	0.2053336353	1.559728786	0.4528698535	0.5179108261
-0.4784461153	0.1327543153	0.2066216548	1.556421381	0.4566790092	0.5211595839
-0.4614035088	0.1338778764	0.2079301957	1.553133358	0.4605440945	0.5244601027
-0.4443609023	0.1350176959	0.2092592581	1.549865421	0.4644651094	0.5278123826
-0.4273182957	0.1361737739	0.210608842	1.546618237	0.4684420539	0.5312164235
-0.4102756892	0.1373461103	0.2119789474	1.543392433	0.472474928	0.5346722255
-0.3932330827	0.1385347052	0.2133695742	1.540188604	0.4765637316	0.5381797885
-0.3761904762	0.1397395585	0.2147807224	1.537007307	0.4807084648	0.5417391127
-0.3591478697	0.1409606702	0.2162123921	1.533849064	0.4849091276	0.5453501978
-0.3421052632	0.1421980405	0.2176645833	1.530714366	0.48916572	0.5490130441
-0.3250626566	0.1434516691	0.2191372959	1.527603668	0.493478242	0.5527276514
-0.3080200501	0.1447215563	0.22063053	1.524517395	0.4978466935	0.5564940197
-0.2909774436	0.1460077019	0.2221442856	1.521455942	0.5022710747	0.5603121491
-0.2739348371	0.1473101059	0.2236785626	1.518419672	0.5067513854	0.5641820396
-0.2568922306	0.1486287684	0.2252333611	1.515408918	0.5112876257	0.5681036911
-0.2398496241	0.1499636893	0.226808681	1.512423988	0.5158797956	0.5720771037
-0.2228070175	0.1513148687	0.2284045224	1.50946516	0.520527895	0.5761022774
-0.205764411	0.1526823065	0.2300208853	1.506532686	0.5252319241	0.5801792121
-0.1887218045	0.1540660028	0.2316577696	1.503626793	0.5299918827	0.5843079079
-0.171679198	0.1554659575	0.2333151754	1.500747682	0.5348077709	0.5884883647
-0.1546365915	0.1568821707	0.2349931026	1.497895532	0.5396795887	0.5927205826
-0.137593985	0.1583146424	0.2366915514	1.495070499	0.5446073361	0.5970045615
-0.1205513784	0.1597633725	0.2384105215	1.492272715	0.5495910131	0.6013403015
-0.1035087719	0.161228361	0.2401500131	1.489502291	0.5546306196	0.6057278026
-0.08646616541	0.162709608	0.2419100262	1.48675932	0.5597261558	0.6101670647
-0.0694235589	0.1642071134	0.2436905608	1.484043874	0.5648776215	0.6146580879
-0.05238095238	0.1657208773	0.2454916168	1.481356005	0.5700850168	0.6192008722
-0.03533834586	0.1672508997	0.2473131942	1.478695748	0.5753483416	0.6237954175
-0.01829573935	0.1687971805	0.2491552932	1.476063122	0.5806675961	0.6284417238
-0.001253132832	0.1703597197	0.2510179136	1.473458127	0.5860427802	0.6331397913
0.01578947368	0.1719385175	0.2529010554	1.470880749	0.5914738938	0.6378896198
0.0328320802	0.1735335736	0.2548047187	1.46833096	0.596960937	0.6426912093
0.04987468672	0.1751448882	0.2567289035	1.465808715	0.6025039098	0.6475445599
0.06691729323	0.1767724613	0.2586736097	1.463313957	0.6081028122	0.6524496716
0.08395989975	0.1784162928	0.2606388374	1.460846615	0.6137576441	0.6574065443
0.1010025063	0.1800763827	0.2626245866	1.458406608	0.6194684057	0.6624151781
0.1180451128	0.1817527312	0.2646308572	1.455993841	0.6252350968	0.6674755729
0.1350877193	0.183445338	0.2666576492	1.453608209	0.6310577175	0.6725877288
0.1521303258	0.1851542033	0.2687049628	1.451249596	0.6369362678	0.6777516458
0.1691729323	0.1868793271	0.2707727978	1.448917876	0.6428707477	0.6829673238
0.1862155388	0.1886207093	0.2728611542	1.446612915	0.6488611571	0.6882347629
0.2032581454	0.19037835	0.2749700321	1.444334569	0.6549074962	0.693553963
0.2203007519	0.1921522491	0.2770994315	1.442082686	0.6610097648	0.6989249243
0.2373433584	0.1939424067	0.2792493523	1.439857106	0.667167963	0.7043476465
0.2543859649	0.1957488227	0.2814197946	1.437657661	0.6733820908	0.7098221298
0.2714285714	0.1975714972	0.2836107584	1.435484179	0.6796521482	0.7153483742
0.2884711779	0.1994104301	0.2858222436	1.433336478	0.6859781351	0.7209263797
0.3055137845	0.2012656215	0.2880542503	1.431214373	0.6923600517	0.7265561462
0.322556391	0.2031370713	0.2903067784	1.429117672	0.6987978978	0.7322376737
0.3395989975	0.2050247796	0.292579828	1.427046177	0.7052916735	0.7379709623
0.356641604	0.2069287463	0.2948733991	1.424999688	0.7118413788	0.743756012
0.3736842105	0.2088489715	0.2971874916	1.422977999	0.7184470137	0.7495928228
0.390726817	0.2107854552	0.2995221056	1.420980899	0.7251085781	0.7554813946
0.4077694236	0.2127381972	0.301877241	1.419008175	0.7318260722	0.7614217274
0.4248120301	0.2147071978	0.3042528979	1.41705961	0.7385994958	0.7674138213
0.4418546366	0.2166924568	0.3066490763	1.415134984	0.745428849	0.7734576763
0.4588972431	0.2186939742	0.3090657761	1.413234074	0.7523141318	0.7795532924
0.4759398496	0.2207117501	0.3115029974	1.411356655	0.7592553441	0.7857006695
0.4929824561	0.2227457845	0.3139607401	1.4095025	0.7662524861	0.7918998076
0.5100250627	0.2247960772	0.3164390043	1.40767138	0.7733055576	0.7981507068
0.5270676692	0.2268626285	0.31893779	1.405863064	0.7804145587	0.8044533671
0.5441102757	0.2289454382	0.3214570971	1.404077319	0.7875794894	0.8108077884
0.5611528822	0.2310445063	0.3239969257	1.402313913	0.7948003497	0.8172139708
0.5781954887	0.2331598329	0.3265572757	1.40057261	0.8020771396	0.8236719143
0.5952380952	0.235291418	0.3291381472	1.398853175	0.8094098591	0.8301816188
0.6122807018	0.2374392615	0.3317395402	1.397155374	0.8167985081	0.8367430844
0.6293233083	0.2396033635	0.3343614546	1.395478969	0.8242430867	0.843356311
0.6463659148	0.2417837239	0.3370038905	1.393823724	0.8317435949	0.8500212987
0.6634085213	0.2439803427	0.3396668478	1.392189404	0.8393000327	0.8567380475
0.6804511278	0.24619322	0.3423503266	1.390575771	0.8469124	0.8635065573
0.6974937343	0.2484223558	0.3450543269	1.388982589	0.854580697	0.8703268282
0.7145363409	0.25066775	0.3477788486	1.387409623	0.8623049235	0.8771988601
0.7315789474	0.2529294027	0.3505238918	1.385856639	0.8700850796	0.8841226531
0.7486215539	0.2552073138	0.3532894565	1.384323401	0.8779211653	0.8910982071
0.7656641604	0.2575014834	0.3560755426	1.382809675	0.8858131806	0.8981255222
0.7827067669	0.2598119114	0.3588821502	1.38131523	0.8937611255	0.9052045984
0.7997493734	0.2621385978	0.3617092792	1.379839833	0.9017649999	0.9123354357
0.8167919799	0.2644815428	0.3645569297	1.378383254	0.909824804	0.9195180339
0.8338345865	0.2668407461	0.3674251016	1.376945264	0.9179405376	0.9267523933
0.850877193	0.269216208	0.370313795	1.375525634	0.9261122008	0.9340385137
0.8679197995	0.2716079282	0.3732230099	1.374124137	0.9343397935	0.9413763952
0.884962406	0.274015907	0.3761527462	1.372740548	0.9426233159	0.9487660377
0.9020050125	0.2764401441	0.379103004	1.371374643	0.9509627679	0.9562074413
0.919047619	0.2788806398	0.3820737833	1.3700262	0.9593581494	0.9637006059
0.9360902256	0.2813373939	0.385065084	1.368694999	0.9678094605	0.9712455317
0.9531328321	0.2838104064	0.3880769062	1.36738082	0.9763167012	0.9788422184
0.9701754386	0.2862996774	0.3911092498	1.366083446	0.9848798715	0.9864906663
0.9872180451	0.2888052068	0.3941621149	1.364802661	0.9934989713	0.9941908751
1.004260652	0.2913269947	0.3972355015	1.363538253	1.002174001	1.001942845
1.021303258	0.293865041	0.4003294095	1.362290009	1.01090496	1.009746576
1.038345865	0.2964193458	0.403443839	1.36105772	1.019691848	1.017602068
1.055388471	0.2989899091	0.4065787899	1.359841177	1.028534667	1.025509321
1.072431078	0.3015767308	0.4097342623	1.358640175	1.037433414	1.033468335
1.089473684	0.3041798109	0.4129102561	1.35745451	1.046388092	1.041479111
1.106516291	0.3067991495	0.4161067715	1.35628398	1.055398699	1.049541647
1.123558897	0.3094347466	0.4193238082	1.355128385	1.064465235	1.057655944
1.140601504	0.3120866021	0.4225613665	1.353987527	1.073587701	1.065822003
1.15764411	0.314754716	0.4258194462	1.352861211	1.082766097	1.074039822
1.174686717	0.3174390884	0.4290980473	1.351749243	1.092000422	1.082309403
1.191729323	0.3201397193	0.43239717	1.350651431	1.101290677	1.090630744
1.20877193	0.3228566086	0.435716814	1.349567587	1.110636862	1.099003847
1.225814536	0.3255897563	0.4390569796	1.348497522	1.120038976	1.107428711
1.242857143	0.3283391625	0.4424176666	1.347441052	1.129497019	1.115905336
1.259899749	0.3311048272	0.445798875	1.346397994	1.139010992	1.124433721
1.276942356	0.3338867503	0.449200605	1.345368166	1.148580895	1.133013868
1.293984962	0.3366849319	0.4526228564	1.344351391	1.158206727	1.141645776
1.311027569	0.3394993719	0.4560656292	1.34334749	1.167888489	1.150329445
1.328070175	0.3423300703	0.4595289235	1.342356291	1.177626181	1.159064875
1.345112782	0.3451770273	0.4630127393	1.34137762	1.187419802	1.167852067
1.362155388	0.3480402426	0.4665170765	1.340411307	1.197269353	1.176691019
1.379197995	0.3509197164	0.4700419352	1.339457184	1.207174833	1.185581732
1.396240602	0.3538154487	0.4735873153	1.338515085	1.217136243	1.194524206
1.413283208	0.3567274394	0.4771532169	1.337584845	1.227153582	1.203518442
1.430325815	0.3596556886	0.48073964	1.336666304	1.237226851	1.212564438
1.447368421	0.3626001962	0.4843465845	1.335759301	1.24735605	1.221662196
1.464411028	0.3655609623	0.4879740505	1.334863678	1.257541178	1.230811714
1.481453634	0.3685379868	0.491622038	1.333979279	1.267782236	1.240012994
1.498496241	0.3715312698	0.4952905469	1.333105951	1.278079223	1.249266035
1.515538847	0.3745408112	0.4989795772	1.332243543	1.28843214	1.258570836
1.532581454	0.3775666111	0.5026891291	1.331391903	1.298840987	1.267927399
1.54962406	0.3806086695	0.5064192024	1.330550886	1.309305763	1.277335723
1.566666667	0.3836669862	0.5101697971	1.329720344	1.319826468	1.286795808
1.583709273	0.3867415615	0.5139409133	1.328900135	1.330403104	1.296307654
1.60075188	0.3898323952	0.517732551	1.328090116	1.341035669	1.305871261
1.617794486	0.3929394873	0.5215447101	1.327290148	1.351724163	1.315486629
1.634837093	0.3960628379	0.5253773907	1.326500092	1.362468587	1.325153758
1.651879699	0.3992024469	0.5292305928	1.325719812	1.373268941	1.334872648
1.668922306	0.4023583144	0.5331043163	1.324949174	1.384125224	1.3446433
1.685964912	0.4055304404	0.5369985613	1.324188046	1.395037436	1.354465712
1.703007519	0.4087188248	0.5409133277	1.323436296	1.406005579	1.364339885
1.720050125	0.4119234676	0.5448486156	1.322693797	1.417029651	1.37426582
1.737092732	0.4151443689	0.548804425	1.321960422	1.428109652	1.384243515
1.754135338	0.4183815287	0.5527807558	1.321236044	1.439245583	1.394272972
1.771177945	0.4216349469	0.5567776081	1.320520541	1.450437444	1.40435419
1.788220551	0.4249046235	0.5607949818	1.319813791	1.461685234	1.414487168
1.805263158	0.4281905586	0.564832877	1.319115673	1.472988954	1.424671908
1.822305764	0.4314927522	0.5688912936	1.31842607	1.484348604	1.434908409
1.839348371	0.4348112042	0.5729702318	1.317744865	1.495764183	1.445196671
1.856390977	0.4381459147	0.5770696913	1.317071943	1.507235691	1.455536694
1.873433584	0.4414968836	0.5811896724	1.316407191	1.518763129	1.465928478
1.89047619	0.4448641109	0.5853301749	1.315750497	1.530346497	1.476372023
1.907518797	0.4482475968	0.5894911988	1.31510175	1.541985794	1.486867329
1.924561404	0.451647341	0.5936727443	1.314460842	1.553681021	1.497414396
1.94160401	0.4550633437	0.5978748112	1.313827667	1.565432178	1.508013224
1.958646617	0.4584956049	0.6020973995	1.313202118	1.577239264	1.518663813
1.975689223	0.4619441245	0.6063405093	1.312584092	1.58910228	1.529366164
1.99273183	0.4654089026	0.6106041406	1.311973486	1.601021225	1.540120275
2.009774436	0.4688899391	0.6148882933	1.3113702	1.6129961	1.550926148
2.026817043	0.4723872341	0.6191929675	1.310774134	1.625026904	1.561783781
2.043859649	0.4759007875	0.6235181631	1.310185189	1.637113638	1.572693176
2.060902256	0.4794305994	0.6278638802	1.309603269	1.649256302	1.583654331
2.077944862	0.4829766697	0.6322301188	1.309028279	1.661454895	1.594667248
2.094987469	0.4865389985	0.6366168788	1.308460125	1.673709418	1.605731926
2.112030075	0.4901175857	0.6410241603	1.307898714	1.68601987	1.616848365
2.129072682	0.4937124314	0.6454519632	1.307343956	1.698386252	1.628016565
2.146115288	0.4973235355	0.6499002877	1.30679576	1.710808563	1.639236526
2.163157895	0.5009508981	0.6543691335	1.306254038	1.723286804	1.650508248
2.180200501	0.5045945192	0.6588585008	1.305718702	1.735820975	1.661831731
2.197243108	0.5082543987	0.6633683896	1.305189668	1.748411075	1.673206975
2.214285714	0.5119305366	0.6678987999	1.304666849	1.761057105	1.68463398
2.231328321	0.515622933	0.6724497316	1.304150162	1.773759065	1.696112746
2.248370927	0.5193315878	0.6770211848	1.303639526	1.786516954	1.707643273
2.265413534	0.5230565011	0.6816131594	1.303134858	1.799330772	1.719225562
2.28245614	0.5267976729	0.6862256555	1.30263608	1.81220052	1.730859611
2.299498747	0.5305551031	0.690858673	1.302143112	1.825126198	1.742545422
2.316541353	0.5343287917	0.6955122121	1.301655877	1.838107805	1.754282993
2.33358396	0.5381187388	0.7001862725	1.301174299	1.851145342	1.766072326
2.350626566	0.5419249444	0.7048808545	1.300698301	1.864238809	1.77791342
2.367669173	0.5457474084	0.7095959579	1.30022781	1.877388205	1.789806274
2.384711779	0.5495861308	0.7143315827	1.299762754	1.890593531	1.80175089
2.401754386	0.5534411117	0.719087729	1.299303058	1.903854786	1.813747267
2.418796992	0.5573123511	0.7238643968	1.298848654	1.917171971	1.825795405
2.435839599	0.5611998489	0.728661586	1.298399469	1.930545085	1.837895304
2.452882206	0.5651036052	0.7334792967	1.297955437	1.943974129	1.850046964
2.469924812	0.5690236199	0.7383175289	1.297516488	1.957459103	1.862250385
2.486967419	0.572959893	0.7431762825	1.297082556	1.971000006	1.874505567
2.504010025	0.5769124246	0.7480555576	1.296653574	1.984596839	1.88681251
2.521052632	0.5808812147	0.7529553541	1.296229479	1.998249601	1.899171214
2.538095238	0.5848662632	0.7578756721	1.295810204	2.011958293	1.91158168
2.555137845	0.5888675702	0.7628165116	1.295395689	2.025722914	1.924043906
2.572180451	0.5928851356	0.7677778725	1.294985869	2.039543465	1.936557894
2.589223058	0.5969189595	0.7727597549	1.294580684	2.053419946	1.949123642
2.606265664	0.6009690418	0.7777621587	1.294180074	2.067352356	1.961741152
2.623308271	0.6050353826	0.782785084	1.293783978	2.081340696	1.974410422
2.640350877	0.6091179818	0.7878285308	1.293392338	2.095384966	1.987131454
2.657393484	0.6132168395	0.792892499	1.293005097	2.109485165	1.999904247
2.67443609	0.6173319556	0.7979769887	1.292622197	2.123641293	2.0127288
2.691478697	0.6214633302	0.8030819998	1.292243582	2.137853351	2.025605115
2.708521303	0.6256109632	0.8082075324	1.291869197	2.152121339	2.038533191
2.72556391	0.6297748547	0.8133535865	1.291498986	2.166445256	2.051513028
2.742606516	0.6339550046	0.818520162	1.291132897	2.180825103	2.064544626
2.759649123	0.638151413	0.823707259	1.290770877	2.19526088	2.077627985
2.776691729	0.6423640799	0.8289148774	1.290412872	2.209752586	2.090763106
2.793734336	0.6465930052	0.8341430174	1.290058833	2.224300221	2.103949987
2.810776942	0.6508381889	0.8393916787	1.289708706	2.238903787	2.117188629
2.827819549	0.6550996311	0.8446608615	1.289362444	2.253563282	2.130479032
2.844862155	0.6593773317	0.8499505658	1.289019996	2.268278706	2.143821197
2.861904762	0.6636712908	0.8552607916	1.288681315	2.28305006	2.157215122
2.878947368	0.6679815084	0.8605915388	1.288346351	2.297877343	2.170660809
2.895989975	0.6723079844	0.8659428075	1.288015058	2.312760557	2.184158256
2.913032581	0.6766507188	0.8713145976	1.287687389	2.327699699	2.197707465
2.930075188	0.6810097117	0.8767069092	1.287363299	2.342694772	2.211308435
2.947117794	0.6853849631	0.8821197422	1.287042742	2.357745774	2.224961165
2.964160401	0.6897764729	0.8875530967	1.286725674	2.372852705	2.238665657
2.981203008	0.6941842411	0.8930069727	1.28641205	2.388015566	2.25242191
2.998245614	0.6986082678	0.8984813701	1.286101828	2.403234357	2.266229924
3.015288221	0.703048553	0.903976289	1.285794964	2.418509077	2.280089699
3.032330827	0.7075050966	0.9094917294	1.285491417	2.433839727	2.294001235
3.049373434	0.7119778987	0.9150276912	1.285191146	2.449226306	2.307964532
3.06641604	0.7164669592	0.9205841745	1.284894108	2.464668815	2.32197959
3.083458647	0.7209722781	0.9261611792	1.284600265	2.480167254	2.336046409
3.100501253	0.7254938555	0.9317587054	1.284309575	2.495721622	2.35016499
3.11754386	0.7300316914	0.9373767531	1.284022001	2.51133192	2.364335331
3.134586466	0.7345857857	0.9430153222	1.283737503	2.526998147	2.378557434
3.151629073	0.7391561385	0.9486744127	1.283456043	2.542720304	2.392831297
3.168671679	0.7437427497	0.9543540248	1.283177584	2.55849839	2.407156922
3.185714286	0.7483456194	0.9600541583	1.282902089	2.574332406	2.421534307
3.202756892	0.7529647475	0.9657748132	1.282629521	2.590222352	2.435963454
3.219799499	0.7576001341	0.9715159897	1.282359844	2.606168227	2.450444361
3.236842105	0.7622517791	0.9772776875	1.282093023	2.622170032	2.46497703
3.253884712	0.7669196826	0.9830599069	1.281829022	2.638227767	2.47956146
3.270927318	0.7716038445	0.9888626477	1.281567808	2.654341431	2.494197651
3.287969925	0.7763042649	0.9946859099	1.281309346	2.670511024	2.508885603
3.305012531	0.7810209437	1.000529694	1.281053603	2.686736547	2.523625316
3.322055138	0.785753881	1.006393999	1.280800545	2.703018	2.53841679
3.339097744	0.7905030768	1.012278825	1.28055014	2.719355382	2.553260025
3.356140351	0.7952685309	1.018184174	1.280302356	2.735748694	2.568155021
3.373182957	0.8000502436	1.024110043	1.280057161	2.752197936	2.583101778
3.390225564	0.8048482147	1.030056434	1.279814523	2.768703107	2.598100297
3.40726817	0.8096624442	1.036023347	1.279574413	2.785264207	2.613150576
3.424310777	0.8144929322	1.042010781	1.279336799	2.801881238	2.628252617
3.441353383	0.8193396786	1.048018736	1.279101651	2.818554197	2.643406418
3.45839599	0.8242026835	1.054047213	1.278868941	2.835283087	2.658611981
3.475438596	0.8290819469	1.060096211	1.278638638	2.852067906	2.673869304
3.492481203	0.8339774687	1.066165731	1.278410714	2.868908654	2.689178389
3.50952381	0.8388892489	1.072255772	1.27818514	2.885805332	2.704539235
3.526566416	0.8438172876	1.078366335	1.277961889	2.90275794	2.719951841
3.543609023	0.8487615848	1.084497419	1.277740933	2.919766477	2.735416209
3.560651629	0.8537221404	1.090649025	1.277522244	2.936830944	2.750932338
3.577694236	0.8586989544	1.096821152	1.277305796	2.953951341	2.766500228
3.594736842	0.8636920269	1.1030138	1.277091563	2.971127667	2.782119879
3.611779449	0.8687013579	1.10922697	1.276879517	2.988359923	2.797791291
3.628822055	0.8737269473	1.115460662	1.276669634	3.005648108	2.813514464
3.645864662	0.8787687952	1.121714875	1.276461887	3.022992223	2.829289399
3.662907268	0.8838269015	1.127989609	1.276256252	3.040392267	2.845116094
3.679949875	0.8889012662	1.134284865	1.276052705	3.057848241	2.86099455
3.696992481	0.8939918895	1.140600642	1.275851219	3.075360144	2.876924767
3.714035088	0.8990987711	1.146936941	1.275651773	3.092927978	2.892906746
3.731077694	0.9042219112	1.153293761	1.27545434	3.11055174	2.908940485
3.748120301	0.9093613098	1.159671103	1.275258899	3.128231433	2.925025986
3.765162907	0.9145169668	1.166068966	1.275065426	3.145967054	2.941163248
3.782205514	0.9196888823	1.172487351	1.274873898	3.163758606	2.95735227
3.79924812	0.9248770562	1.178926257	1.274684293	3.181606087	2.973593054
3.816290727	0.9300814886	1.185385684	1.274496589	3.199509498	2.989885599
3.833333333	0.9353021794	1.191865633	1.274310762	3.217468838	3.006229905
3.85037594	0.9405391287	1.198366104	1.274126793	3.235484108	3.022625972
3.867418546	0.9457923364	1.204887096	1.273944659	3.253555307	3.0390738
3.884461153	0.9510618026	1.211428609	1.27376434	3.271682436	3.055573389
3.901503759	0.9563475273	1.217990644	1.273585814	3.289865495	3.072124739
3.918546366	0.9616495103	1.2245732	1.273409061	3.308104483	3.08872785
3.935588972	0.9669677519	1.231176278	1.273234061	3.3263994	3.105382722
3.952631579	0.9723022519	1.237799877	1.273060794	3.344750248	3.122089355
3.969674185	0.9776530103	1.244443998	1.272889241	3.363157025	3.13884775
3.986716792	0.9830200272	1.25110864	1.272719381	3.381619731	3.155657905
4.003759398	0.9884033025	1.257793804	1.272551195	3.400138367	3.172519821
4.020802005	0.9938028363	1.264499489	1.272384665	3.418712933	3.189433499
4.037844612	0.9992186286	1.271225695	1.272219771	3.437343428	3.206398938
4.054887218	1.004650679	1.277972423	1.272056496	3.456029853	3.223416137
4.071929825	1.010098988	1.284739673	1.271894822	3.474772207	3.240485098
4.088972431	1.015563556	1.291527444	1.271734729	3.493570491	3.25760582
4.106015038	1.021044382	1.298335736	1.271576201	3.512424705	3.274778302
4.123057644	1.026541467	1.30516455	1.271419219	3.531334848	3.292002546
4.140100251	1.03205481	1.312013885	1.271263767	3.55030092	3.309278551
4.157142857	1.037584411	1.318883742	1.271109828	3.569322923	3.326606317
4.174185464	1.043130271	1.32577412	1.270957384	3.588400855	3.343985844
4.19122807	1.048692389	1.33268502	1.270806419	3.607534716	3.361417132
4.208270677	1.054270766	1.339616441	1.270656917	3.626724507	3.378900182
4.225313283	1.059865401	1.346568383	1.270508861	3.645970228	3.396434992
4.24235589	1.065476295	1.353540847	1.270362235	3.665271878	3.414021563
4.259398496	1.071103447	1.360533833	1.270217024	3.684629458	3.431659895
4.276441103	1.076746857	1.36754734	1.270073212	3.704042967	3.449349989
4.293483709	1.082406526	1.374581368	1.269930784	3.723512406	3.467091843
4.310526316	1.088082454	1.381635918	1.269789723	3.743037775	3.484885459
4.327568922	1.09377464	1.38871099	1.269650017	3.762619073	3.502730835
4.344611529	1.099483084	1.395806582	1.269511648	3.7822563	3.520627973
4.361654135	1.105207787	1.402922697	1.269374604	3.801949458	3.538576872
4.378696742	1.110948748	1.410059332	1.269238869	3.821698545	3.556577531
4.395739348	1.116705968	1.41721649	1.269104429	3.841503561	3.574629952
4.412781955	1.122479446	1.424394168	1.26897127	3.861364507	3.592734134
4.429824561	1.128269183	1.431592368	1.268839378	3.881281383	3.610890077
4.446867168	1.134075178	1.43881109	1.26870874	3.901254188	3.629097781
4.463909774	1.139897431	1.446050333	1.268579342	3.921282923	3.647357246
4.480952381	1.145735943	1.453310097	1.26845117	3.941367587	3.665668472
4.497994987	1.151590714	1.460590383	1.268324211	3.961508181	3.684031459
4.515037594	1.157461743	1.467891191	1.268198452	3.981704705	3.702446208
4.532080201	1.16334903	1.47521252	1.268073881	4.001957158	3.720912717
4.549122807	1.169252576	1.48255437	1.267950484	4.02226554	3.739430987
4.566165414	1.17517238	1.489916742	1.26782825	4.042629853	3.758001019
4.58320802	1.181108443	1.497299635	1.267707165	4.063050095	3.776622811
4.600250627	1.187060764	1.50470305	1.267587217	4.083526266	3.795296365
4.617293233	1.193029343	1.512126986	1.267468394	4.104058367	3.814021679
4.63433584	1.199014182	1.519571444	1.267350684	4.124646398	3.832798755
4.651378446	1.205015278	1.527036423	1.267234076	4.145290358	3.851627592
4.668421053	1.211032633	1.534521923	1.267118558	4.165990248	3.87050819
4.685463659	1.217066246	1.542027945	1.267004117	4.186746067	3.889440548
4.702506266	1.223116118	1.549554489	1.266890744	4.207557816	3.908424668
4.719548872	1.229182248	1.557101554	1.266778426	4.228425495	3.927460549
4.736591479	1.235264637	1.56466914	1.266667152	4.249349103	3.946548191
4.753634085	1.241363284	1.572257248	1.266556912	4.27032864	3.965687594
4.770676692	1.24747819	1.579865877	1.266447694	4.291364108	3.984878759
4.787719298	1.253609354	1.587495028	1.266339488	4.312455504	4.004121684
4.804761905	1.259756777	1.5951447	1.266232284	4.333602831	4.02341637
4.821804511	1.265920458	1.602814894	1.26612607	4.354806087	4.042762817
4.838847118	1.272100397	1.610505609	1.266020837	4.376065273	4.062161026
4.855889724	1.278296595	1.618216846	1.265916574	4.397380388	4.081610995
4.872932331	1.284509052	1.625948604	1.265813271	4.418751433	4.101112726
4.889974937	1.290737766	1.633700883	1.265710918	4.440178407	4.120666217
4.907017544	1.29698274	1.641473684	1.265609506	4.461661311	4.14027147
4.92406015	1.303243971	1.649267007	1.265509025	4.483200144	4.159928483
4.941102757	1.309521461	1.657080851	1.265409464	4.504794907	4.179637258
4.958145363	1.31581521	1.664915216	1.265310815	4.5264456	4.199397794
4.97518797	1.322125217	1.672770103	1.265213069	4.548152222	4.219210091
4.992230576	1.328451483	1.680645511	1.265116215	4.569914774	4.239074149
5.009273183	1.334794007	1.688541441	1.265020245	4.591733256	4.258989968
5.026315789	1.341152789	1.696457892	1.26492515	4.613607667	4.278957548
5.043358396	1.34752783	1.704394865	1.26483092	4.635538007	4.298976889
5.060401003	1.353919129	1.712352359	1.264737548	4.657524278	4.319047991
5.077443609	1.360326687	1.720330375	1.264645023	4.679566477	4.339170854
5.094486216	1.366750503	1.728328912	1.264553338	4.701664607	4.359345478
5.111528822	1.373190578	1.73634797	1.264462485	4.723818666	4.379571864
5.128571429	1.379646911	1.74438755	1.264372454	4.746028654	4.39985001
5.145614035	1.386119503	1.752447652	1.264283237	4.768294572	4.420179918
5.162656642	1.392608353	1.760528275	1.264194826	4.79061642	4.440561586
5.179699248	1.399113461	1.768629419	1.264107214	4.812994197	4.460995016
5.196741855	1.405634828	1.776751085	1.264020391	4.835427904	4.481480206
5.213784461	1.412172454	1.784893272	1.26393435	4.857917541	4.502017158
5.230827068	1.418726337	1.793055981	1.263849083	4.880463107	4.522605871
5.247869674	1.42529648	1.801239211	1.263764583	4.903064602	4.543246345
5.264912281	1.43188288	1.809442963	1.263680841	4.925722027	4.563938579
5.281954887	1.43848554	1.817667236	1.263597851	4.948435382	4.584682575
5.298997494	1.445104457	1.825912031	1.263515604	4.971204666	4.605478332
5.3160401	1.451739633	1.834177347	1.263434093	4.99402988	4.62632585
5.333082707	1.458391068	1.842463184	1.263353311	5.016911024	4.647225129
5.350125313	1.465058761	1.850769543	1.26327325	5.039848097	4.66817617
5.36716792	1.471742712	1.859096424	1.263193905	5.0628411	4.689178971
5.384210526	1.478442922	1.867443825	1.263115266	5.085890032	4.710233533
5.401253133	1.485159391	1.875811749	1.263037328	5.108994894	4.731339857
5.418295739	1.491892118	1.884200194	1.262960084	5.132155685	4.752497941
5.435338346	1.498641103	1.89260916	1.262883526	5.155372406	4.773707786
5.452380952	1.505406347	1.901038648	1.262807648	5.178645057	4.794969393
5.469423559	1.512187849	1.909488657	1.262732443	5.201973637	4.81628276
5.486466165	1.518985609	1.917959188	1.262657905	5.225358147	4.837647889
5.503508772	1.525799628	1.92645024	1.262584027	5.248798586	4.859064779
5.520551378	1.532629906	1.934961813	1.262510803	5.272294955	4.88053343
5.537593985	1.539476442	1.943493908	1.262438226	5.295847254	4.902053841
5.554636591	1.546339236	1.952046525	1.26236629	5.319455482	4.923626014
5.571679198	1.553218289	1.960619663	1.262294989	5.343119639	4.945249948
5.588721805	1.5601136	1.969213322	1.262224316	5.366839727	4.966925643
5.605764411	1.56702517	1.977827503	1.262154266	5.390615744	4.988653099
5.622807018	1.573952998	1.986462205	1.262084832	5.41444769	5.010432316
5.639849624	1.580897085	1.995117429	1.262016008	5.438335566	5.032263295
5.656892231	1.58785743	2.003793174	1.26194779	5.462279372	5.054146034
5.673934837	1.594834034	2.012489441	1.26188017	5.486279107	5.076080534
5.690977444	1.601826896	2.021206229	1.261813143	5.510334772	5.098066795
5.70802005	1.608836016	2.029943539	1.261746703	5.534446366	5.120104818
5.725062657	1.615861395	2.03870137	1.261680845	5.55861389	5.142194601
5.742105263	1.622903033	2.047479723	1.261615563	5.582837343	5.164336146
5.75914787	1.629960929	2.056278597	1.261550851	5.607116726	5.186529452
5.776190476	1.637035083	2.065097992	1.261486705	5.631452039	5.208774518
5.793233083	1.644125496	2.073937909	1.261423118	5.655843281	5.231071346
5.810275689	1.651232167	2.082798348	1.261360086	5.680290453	5.253419935
5.827318296	1.658355096	2.091679307	1.261297603	5.704793555	5.275820285
5.844360902	1.665494285	2.100580789	1.261235663	5.729352586	5.298272395
5.861403509	1.672649731	2.109502792	1.261174263	5.753967546	5.320776267
5.878446115	1.679821436	2.118445316	1.261113396	5.778638436	5.3433319
5.895488722	1.6870094	2.127408362	1.261053058	5.803365256	5.365939294
5.912531328	1.694213621	2.136391929	1.260993243	5.828148005	5.38859845
5.929573935	1.701434102	2.145396017	1.260933947	5.852986684	5.411309366
5.946616541	1.708670841	2.154420627	1.260875165	5.877881293	5.434072043
5.963659148	1.715923838	2.163465759	1.260816891	5.902831831	5.456886481
5.980701754	1.723193094	2.172531412	1.260759122	5.927838299	5.479752681
5.997744361	1.730478608	2.181617586	1.260701853	5.952900696	5.502670641
6.014786967	1.73778038	2.190724282	1.260645078	5.978019023	5.525640363
6.031829574	1.745098411	2.1998515	1.260588793	6.003193279	5.548661845
6.04887218	1.752432701	2.208999239	1.260532994	6.028423465	5.571735089
6.065914787	1.759783249	2.218167499	1.260477676	6.053709581	5.594860093
6.082957393	1.767150055	2.227356281	1.260422834	6.079051626	5.618036859
6.1	1.77453312	2.236565584	1.260368465	6.104449601	5.641265386
