# VHH-NNLO SMEFT scan points
# process: ZHH
# energy_tev: 14.0
# scan_axis: phiBox
# fixed_wcs: phi=0,phiB=0,phiBox=0,phiD=0,phiQ3rd=0,phiW=0,phiWB=0,phid=0,phiq1st=0,phiq3st=0,phiu=0,tphi=0
#
phiBox	sigma_lo	sigma_nnlo	k	sigma_smeft_over_sm_lo	sigma_smeft_over_sm_nnlo
-0.2	0.259507202	0.3586789719	1.38215421	0.8494255687	0.8595701016
-0.1969924812	0.2601989592	0.3595601477	1.381866203	0.8516898459	0.8616818294
-0.1939849624	0.2608907163	0.3604413234	1.381579722	0.8539541231	0.8637935572
-0.1909774436	0.2615824735	0.3613224992	1.381294757	0.8562184002	0.865905285
-0.1879699248	0.2622742307	0.362203675	1.381011295	0.8584826774	0.8680170128
-0.184962406	0.2629659879	0.3630848508	1.380729324	0.8607469545	0.8701287406
-0.1819548872	0.263657745	0.3639660266	1.380448833	0.8630112317	0.8722404684
-0.1789473684	0.2643495022	0.3648472023	1.38016981	0.8652755089	0.8743521962
-0.1759398496	0.2650412594	0.3657283781	1.379892244	0.867539786	0.876463924
-0.1729323308	0.2657330166	0.3666095539	1.379616122	0.8698040632	0.8785756518
-0.169924812	0.2664247737	0.3674907297	1.379341435	0.8720683404	0.8806873796
-0.1669172932	0.2671165309	0.3683719055	1.37906817	0.8743326175	0.8827991074
-0.1639097744	0.2678082881	0.3692530812	1.378796317	0.8765968947	0.8849108352
-0.1609022556	0.2685000453	0.370134257	1.378525865	0.8788611718	0.8870225629
-0.1578947368	0.2691918024	0.3710154328	1.378256802	0.881125449	0.8891342907
-0.154887218	0.2698835596	0.3718966086	1.377989119	0.8833897262	0.8912460185
-0.1518796992	0.2705753168	0.3727777844	1.377722805	0.8856540033	0.8933577463
-0.1488721805	0.271267074	0.3736589601	1.377457849	0.8879182805	0.8954694741
-0.1458646617	0.2719588311	0.3745401359	1.377194241	0.8901825576	0.8975812019
-0.1428571429	0.2726505883	0.3754213117	1.37693197	0.8924468348	0.8996929297
-0.1398496241	0.2733423455	0.3763024875	1.376671027	0.894711112	0.9018046575
-0.1368421053	0.2740341027	0.3771836632	1.376411401	0.8969753891	0.9039163853
-0.1338345865	0.2747258598	0.378064839	1.376153083	0.8992396663	0.9060281131
-0.1308270677	0.275417617	0.3789460148	1.375896063	0.9015039435	0.9081398409
-0.1278195489	0.2761093742	0.3798271906	1.37564033	0.9037682206	0.9102515687
-0.1248120301	0.2768011313	0.3807083664	1.375385875	0.9060324978	0.9123632965
-0.1218045113	0.2774928885	0.3815895421	1.37513269	0.9082967749	0.9144750243
-0.1187969925	0.2781846457	0.3824707179	1.374880763	0.9105610521	0.9165867521
-0.1157894737	0.2788764029	0.3833518937	1.374630086	0.9128253293	0.9186984799
-0.1127819549	0.27956816	0.3842330695	1.37438065	0.9150896064	0.9208102077
-0.1097744361	0.2802599172	0.3851142453	1.374132445	0.9173538836	0.9229219355
-0.1067669173	0.2809516744	0.385995421	1.373885462	0.9196181608	0.9250336633
-0.1037593985	0.2816434316	0.3868765968	1.373639693	0.9218824379	0.9271453911
-0.1007518797	0.2823351887	0.3877577726	1.373395128	0.9241467151	0.9292571189
-0.0977443609	0.2830269459	0.3886389484	1.373151758	0.9264109922	0.9313688467
-0.09473684211	0.2837187031	0.3895201242	1.372909575	0.9286752694	0.9334805744
-0.09172932331	0.2844104603	0.3904012999	1.372668571	0.9309395466	0.9355923022
-0.08872180451	0.2851022174	0.3912824757	1.372428735	0.9332038237	0.93770403
-0.08571428571	0.2857939746	0.3921636515	1.372190061	0.9354681009	0.9398157578
-0.08270676692	0.2864857318	0.3930448273	1.37195254	0.937732378	0.9419274856
-0.07969924812	0.287177489	0.3939260031	1.371716162	0.9399966552	0.9440392134
-0.07669172932	0.2878692461	0.3948071788	1.371480921	0.9422609324	0.9461509412
-0.07368421053	0.2885610033	0.3956883546	1.371246808	0.9445252095	0.948262669
-0.07067669173	0.2892527605	0.3965695304	1.371013814	0.9467894867	0.9503743968
-0.06766917293	0.2899445176	0.3974507062	1.370781932	0.9490537639	0.9524861246
-0.06466165414	0.2906362748	0.398331882	1.370551154	0.951318041	0.9545978524
-0.06165413534	0.291328032	0.3992130577	1.370321472	0.9535823182	0.9567095802
-0.05864661654	0.2920197892	0.4000942335	1.370092878	0.9558465953	0.958821308
-0.05563909774	0.2927115463	0.4009754093	1.369865365	0.9581108725	0.9609330358
-0.05263157895	0.2934033035	0.4018565851	1.369638925	0.9603751497	0.9630447636
-0.04962406015	0.2940950607	0.4027377609	1.369413549	0.9626394268	0.9651564914
-0.04661654135	0.2947868179	0.4036189366	1.369189232	0.964903704	0.9672682192
-0.04360902256	0.295478575	0.4045001124	1.368965964	0.9671679812	0.969379947
-0.04060150376	0.2961703322	0.4053812882	1.36874374	0.9694322583	0.9714916748
-0.03759398496	0.2968620894	0.406262464	1.368522551	0.9716965355	0.9736034026
-0.03458646617	0.2975538466	0.4071436398	1.368302391	0.9739608126	0.9757151304
-0.03157894737	0.2982456037	0.4080248155	1.368083252	0.9762250898	0.9778268581
-0.02857142857	0.2989373609	0.4089059913	1.367865128	0.978489367	0.9799385859
-0.02556390977	0.2996291181	0.4097871671	1.36764801	0.9807536441	0.9820503137
-0.02255639098	0.3003208753	0.4106683429	1.367431893	0.9830179213	0.9841620415
-0.01954887218	0.3010126324	0.4115495187	1.367216769	0.9852821984	0.9862737693
-0.01654135338	0.3017043896	0.4124306944	1.367002631	0.9875464756	0.9883854971
-0.01353383459	0.3023961468	0.4133118702	1.366789473	0.9898107528	0.9904972249
-0.01052631579	0.303087904	0.414193046	1.366577289	0.9920750299	0.9926089527
-0.007518796992	0.3037796611	0.4150742218	1.36636607	0.9943393071	0.9947206805
-0.004511278195	0.3044714183	0.4159553976	1.366155812	0.9966035843	0.9968324083
-0.001503759398	0.3051631755	0.4168365733	1.365946506	0.9988678614	0.9989441361
0.001503759398	0.3058549326	0.4177177491	1.365738147	1.001132139	1.001055864
0.004511278195	0.3065466898	0.4185989249	1.365530729	1.003396416	1.003167592
0.007518796992	0.307238447	0.4194801007	1.365324245	1.005660693	1.005279319
0.01052631579	0.3079302042	0.4203612765	1.365118688	1.00792497	1.007391047
0.01353383459	0.3086219613	0.4212424522	1.364914053	1.010189247	1.009502775
0.01654135338	0.3093137185	0.422123628	1.364710334	1.012453524	1.011614503
0.01954887218	0.3100054757	0.4230048038	1.364507523	1.014717802	1.013726231
0.02255639098	0.3106972329	0.4238859796	1.364305616	1.016982079	1.015837958
0.02556390977	0.31138899	0.4247671554	1.364104605	1.019246356	1.017949686
0.02857142857	0.3120807472	0.4256483311	1.363904486	1.021510633	1.020061414
0.03157894737	0.3127725044	0.4265295069	1.363705252	1.02377491	1.022173142
0.03458646617	0.3134642616	0.4274106827	1.363506897	1.026039187	1.02428487
0.03759398496	0.3141560187	0.4282918585	1.363309416	1.028303465	1.026396597
0.04060150376	0.3148477759	0.4291730343	1.363112803	1.030567742	1.028508325
0.04360902256	0.3155395331	0.43005421	1.362917051	1.032832019	1.030620053
0.04661654135	0.3162312903	0.4309353858	1.362722157	1.035096296	1.032731781
0.04962406015	0.3169230474	0.4318165616	1.362528112	1.037360573	1.034843509
0.05263157895	0.3176148046	0.4326977374	1.362334914	1.03962485	1.036955236
0.05563909774	0.3183065618	0.4335789132	1.362142554	1.041889127	1.039066964
0.05864661654	0.318998319	0.4344600889	1.36195103	1.044153405	1.041178692
0.06165413534	0.3196900761	0.4353412647	1.361760334	1.046417682	1.04329042
0.06466165414	0.3203818333	0.4362224405	1.361570461	1.048681959	1.045402148
0.06766917293	0.3210735905	0.4371036163	1.361381407	1.050946236	1.047513875
0.07067669173	0.3217653476	0.4379847921	1.361193165	1.053210513	1.049625603
0.07368421053	0.3224571048	0.4388659678	1.361005732	1.05547479	1.051737331
0.07669172932	0.323148862	0.4397471436	1.3608191	1.057739068	1.053849059
0.07969924812	0.3238406192	0.4406283194	1.360633266	1.060003345	1.055960787
0.08270676692	0.3245323763	0.4415094952	1.360448224	1.062267622	1.058072514
0.08571428571	0.3252241335	0.4423906709	1.36026397	1.064531899	1.060184242
0.08872180451	0.3259158907	0.4432718467	1.360080497	1.066796176	1.06229597
0.09172932331	0.3266076479	0.4441530225	1.359897802	1.069060453	1.064407698
0.09473684211	0.327299405	0.4450341983	1.359715879	1.071324731	1.066519426
0.0977443609	0.3279911622	0.4459153741	1.359534724	1.073589008	1.068631153
0.1007518797	0.3286829194	0.4467965498	1.359354331	1.075853285	1.070742881
0.1037593985	0.3293746766	0.4476777256	1.359174695	1.078117562	1.072854609
0.1067669173	0.3300664337	0.4485589014	1.358995813	1.080381839	1.074966337
0.1097744361	0.3307581909	0.4494400772	1.358817679	1.082646116	1.077078065
0.1127819549	0.3314499481	0.450321253	1.358640288	1.084910394	1.079189792
0.1157894737	0.3321417053	0.4512024287	1.358463636	1.087174671	1.08130152
0.1187969925	0.3328334624	0.4520836045	1.358287719	1.089438948	1.083413248
0.1218045113	0.3335252196	0.4529647803	1.358112531	1.091703225	1.085524976
0.1248120301	0.3342169768	0.4538459561	1.357938069	1.093967502	1.087636704
0.1278195489	0.334908734	0.4547271319	1.357764327	1.096231779	1.089748431
0.1308270677	0.3356004911	0.4556083076	1.357591302	1.098496057	1.091860159
0.1338345865	0.3362922483	0.4564894834	1.357418988	1.100760334	1.093971887
0.1368421053	0.3369840055	0.4573706592	1.357247382	1.103024611	1.096083615
0.1398496241	0.3376757626	0.458251835	1.357076479	1.105288888	1.098195342
0.1428571429	0.3383675198	0.4591330108	1.356906275	1.107553165	1.10030707
0.1458646617	0.339059277	0.4600141865	1.356736765	1.109817442	1.102418798
0.1488721805	0.3397510342	0.4608953623	1.356567945	1.11208172	1.104530526
0.1518796992	0.3404427913	0.4617765381	1.356399812	1.114345997	1.106642254
0.154887218	0.3411345485	0.4626577139	1.35623236	1.116610274	1.108753981
0.1578947368	0.3418263057	0.4635388897	1.356065586	1.118874551	1.110865709
0.1609022556	0.3425180629	0.4644200654	1.355899486	1.121138828	1.112977437
0.1639097744	0.34320982	0.4653012412	1.355734056	1.123403105	1.115089165
0.1669172932	0.3439015772	0.466182417	1.35556929	1.125667382	1.117200893
0.169924812	0.3445933344	0.4670635928	1.355405187	1.12793166	1.11931262
0.1729323308	0.3452850916	0.4679447686	1.355241741	1.130195937	1.121424348
0.1759398496	0.3459768487	0.4688259443	1.355078948	1.132460214	1.123536076
0.1789473684	0.3466686059	0.4697071201	1.354916806	1.134724491	1.125647804
0.1819548872	0.3473603631	0.4705882959	1.354755309	1.136988768	1.127759532
0.184962406	0.3480521203	0.4714694717	1.354594454	1.139253045	1.129871259
0.1879699248	0.3487438774	0.4723506475	1.354434237	1.141517323	1.131982987
0.1909774436	0.3494356346	0.4732318232	1.354274654	1.1437816	1.134094715
0.1939849624	0.3501273918	0.474112999	1.354115702	1.146045877	1.136206443
0.1969924812	0.350819149	0.4749941748	1.353957377	1.148310154	1.138318171
0.2	0.3515109061	0.4758753506	1.353799675	1.150574431	1.140429898
0.2030075188	0.3522026633	0.4767565264	1.353642593	1.152838708	1.142541626
0.2060150376	0.3528944205	0.4776377021	1.353486126	1.155102986	1.144653354
0.2090225564	0.3535861776	0.4785188779	1.353330272	1.157367263	1.146765082
0.2120300752	0.3542779348	0.4794000537	1.353175026	1.15963154	1.14887681
0.215037594	0.354969692	0.4802812295	1.353020385	1.161895817	1.150988537
0.2180451128	0.3556614492	0.4811624053	1.352866346	1.164160094	1.153100265
0.2210526316	0.3563532063	0.482043581	1.352712905	1.166424371	1.155211993
0.2240601504	0.3570449635	0.4829247568	1.352560059	1.168688649	1.157323721
0.2270676692	0.3577367207	0.4838059326	1.352407803	1.170952926	1.159435449
0.230075188	0.3584284779	0.4846871084	1.352256136	1.173217203	1.161547176
0.2330827068	0.359120235	0.4855682842	1.352105052	1.17548148	1.163658904
0.2360902256	0.3598119922	0.4864494599	1.35195455	1.177745757	1.165770632
0.2390977444	0.3605037494	0.4873306357	1.351804625	1.180010034	1.16788236
0.2421052632	0.3611955066	0.4882118115	1.351655274	1.182274312	1.169994088
0.245112782	0.3618872637	0.4890929873	1.351506495	1.184538589	1.172105815
0.2481203008	0.3625790209	0.4899741631	1.351358283	1.186802866	1.174217543
0.2511278195	0.3632707781	0.4908553388	1.351210635	1.189067143	1.176329271
0.2541353383	0.3639625353	0.4917365146	1.351063549	1.19133142	1.178440999
0.2571428571	0.3646542924	0.4926176904	1.350917021	1.193595697	1.180552727
0.2601503759	0.3653460496	0.4934988662	1.350771048	1.195859975	1.182664454
0.2631578947	0.3660378068	0.494380042	1.350625626	1.198124252	1.184776182
0.2661654135	0.3667295639	0.4952612177	1.350480753	1.200388529	1.18688791
0.2691729323	0.3674213211	0.4961423935	1.350336426	1.202652806	1.188999638
0.2721804511	0.3681130783	0.4970235693	1.350192641	1.204917083	1.191111365
0.2751879699	0.3688048355	0.4979047451	1.350049395	1.20718136	1.193223093
0.2781954887	0.3694965926	0.4987859209	1.349906686	1.209445637	1.195334821
0.2812030075	0.3701883498	0.4996670966	1.34976451	1.211709915	1.197446549
0.2842105263	0.370880107	0.5005482724	1.349622865	1.213974192	1.199558277
0.2872180451	0.3715718642	0.5014294482	1.349481746	1.216238469	1.201670004
0.2902255639	0.3722636213	0.502310624	1.349341153	1.218502746	1.203781732
0.2932330827	0.3729553785	0.5031917998	1.349201081	1.220767023	1.20589346
0.2962406015	0.3736471357	0.5040729755	1.349061527	1.2230313	1.208005188
0.2992481203	0.3743388929	0.5049541513	1.34892249	1.225295578	1.210116916
0.3022556391	0.37503065	0.5058353271	1.348783965	1.227559855	1.212228643
0.3052631579	0.3757224072	0.5067165029	1.34864595	1.229824132	1.214340371
0.3082706767	0.3764141644	0.5075976786	1.348508443	1.232088409	1.216452099
0.3112781955	0.3771059216	0.5084788544	1.34837144	1.234352686	1.218563827
0.3142857143	0.3777976787	0.5093600302	1.348234939	1.236616963	1.220675555
0.3172932331	0.3784894359	0.510241206	1.348098936	1.238881241	1.222787282
0.3203007519	0.3791811931	0.5111223818	1.34796343	1.241145518	1.22489901
0.3233082707	0.3798729503	0.5120035575	1.347828418	1.243409795	1.227010738
0.3263157895	0.3805647074	0.5128847333	1.347693896	1.245674072	1.229122466
0.3293233083	0.3812564646	0.5137659091	1.347559863	1.247938349	1.231234194
0.3323308271	0.3819482218	0.5146470849	1.347426315	1.250202626	1.233345921
0.3353383459	0.3826399789	0.5155282607	1.34729325	1.252466904	1.235457649
0.3383458647	0.3833317361	0.5164094364	1.347160665	1.254731181	1.237569377
0.3413533835	0.3840234933	0.5172906122	1.347028558	1.256995458	1.239681105
0.3443609023	0.3847152505	0.518171788	1.346896925	1.259259735	1.241792833
0.3473684211	0.3854070076	0.5190529638	1.346765766	1.261524012	1.24390456
0.3503759398	0.3860987648	0.5199341396	1.346635076	1.263788289	1.246016288
0.3533834586	0.386790522	0.5208153153	1.346504854	1.266052567	1.248128016
0.3563909774	0.3874822792	0.5216964911	1.346375097	1.268316844	1.250239744
0.3593984962	0.3881740363	0.5225776669	1.346245802	1.270581121	1.252351472
0.362406015	0.3888657935	0.5234588427	1.346116967	1.272845398	1.254463199
0.3654135338	0.3895575507	0.5243400185	1.34598859	1.275109675	1.256574927
0.3684210526	0.3902493079	0.5252211942	1.345860668	1.277373952	1.258686655
0.3714285714	0.390941065	0.52610237	1.345733199	1.279638229	1.260798383
0.3744360902	0.3916328222	0.5269835458	1.34560618	1.281902507	1.262910111
0.377443609	0.3923245794	0.5278647216	1.345479609	1.284166784	1.265021838
0.3804511278	0.3930163366	0.5287458974	1.345353483	1.286431061	1.267133566
0.3834586466	0.3937080937	0.5296270731	1.345227801	1.288695338	1.269245294
0.3864661654	0.3943998509	0.5305082489	1.34510256	1.290959615	1.271357022
0.3894736842	0.3950916081	0.5313894247	1.344977757	1.293223892	1.273468749
0.392481203	0.3957833653	0.5322706005	1.34485339	1.29548817	1.275580477
0.3954887218	0.3964751224	0.5331517763	1.344729457	1.297752447	1.277692205
0.3984962406	0.3971668796	0.534032952	1.344605957	1.300016724	1.279803933
0.4015037594	0.3978586368	0.5349141278	1.344482885	1.302281001	1.281915661
0.4045112782	0.3985503939	0.5357953036	1.344360241	1.304545278	1.284027388
0.407518797	0.3992421511	0.5366764794	1.344238022	1.306809555	1.286139116
0.4105263158	0.3999339083	0.5375576552	1.344116225	1.309073833	1.288250844
0.4135338346	0.4006256655	0.5384388309	1.343994849	1.31133811	1.290362572
0.4165413534	0.4013174226	0.5393200067	1.343873892	1.313602387	1.2924743
0.4195488722	0.4020091798	0.5402011825	1.343753351	1.315866664	1.294586027
0.422556391	0.402700937	0.5410823583	1.343633224	1.318130941	1.296697755
0.4255639098	0.4033926942	0.5419635341	1.343513509	1.320395218	1.298809483
0.4285714286	0.4040844513	0.5428447098	1.343394204	1.322659496	1.300921211
0.4315789474	0.4047762085	0.5437258856	1.343275307	1.324923773	1.303032939
0.4345864662	0.4054679657	0.5446070614	1.343156815	1.32718805	1.305144666
0.437593985	0.4061597229	0.5454882372	1.343038727	1.329452327	1.307256394
0.4406015038	0.40685148	0.546369413	1.342921041	1.331716604	1.309368122
0.4436090226	0.4075432372	0.5472505887	1.342803754	1.333980881	1.31147985
0.4466165414	0.4082349944	0.5481317645	1.342686864	1.336245159	1.313591578
0.4496240602	0.4089267516	0.5490129403	1.34257037	1.338509436	1.315703305
0.4526315789	0.4096185087	0.5498941161	1.34245427	1.340773713	1.317815033
0.4556390977	0.4103102659	0.5507752919	1.342338561	1.34303799	1.319926761
0.4586466165	0.4110020231	0.5516564676	1.342223241	1.345302267	1.322038489
0.4616541353	0.4116937803	0.5525376434	1.342108309	1.347566544	1.324150217
0.4646616541	0.4123855374	0.5534188192	1.341993763	1.349830822	1.326261944
0.4676691729	0.4130772946	0.554299995	1.3418796	1.352095099	1.328373672
0.4706766917	0.4137690518	0.5551811708	1.341765819	1.354359376	1.3304854
0.4736842105	0.4144608089	0.5560623465	1.341652418	1.356623653	1.332597128
0.4766917293	0.4151525661	0.5569435223	1.341539395	1.35888793	1.334708856
0.4796992481	0.4158443233	0.5578246981	1.341426748	1.361152207	1.336820583
0.4827067669	0.4165360805	0.5587058739	1.341314474	1.363416484	1.338932311
0.4857142857	0.4172278376	0.5595870497	1.341202574	1.365680762	1.341044039
0.4887218045	0.4179195948	0.5604682254	1.341091043	1.367945039	1.343155767
0.4917293233	0.418611352	0.5613494012	1.340979882	1.370209316	1.345267495
0.4947368421	0.4193031092	0.562230577	1.340869087	1.372473593	1.347379222
0.4977443609	0.4199948663	0.5631117528	1.340758657	1.37473787	1.34949095
0.5007518797	0.4206866235	0.5639929286	1.34064859	1.377002147	1.351602678
0.5037593985	0.4213783807	0.5648741043	1.340538884	1.379266425	1.353714406
0.5067669173	0.4220701379	0.5657552801	1.340429539	1.381530702	1.355826134
0.5097744361	0.422761895	0.5666364559	1.340320551	1.383794979	1.357937861
0.5127819549	0.4234536522	0.5675176317	1.340211919	1.386059256	1.360049589
0.5157894737	0.4241454094	0.5683988075	1.340103641	1.388323533	1.362161317
0.5187969925	0.4248371666	0.5692799832	1.339995716	1.39058781	1.364273045
0.5218045113	0.4255289237	0.570161159	1.339888142	1.392852088	1.366384772
0.5248120301	0.4262206809	0.5710423348	1.339780917	1.395116365	1.3684965
0.5278195489	0.4269124381	0.5719235106	1.33967404	1.397380642	1.370608228
0.5308270677	0.4276041953	0.5728046863	1.339567508	1.399644919	1.372719956
0.5338345865	0.4282959524	0.5736858621	1.339461321	1.401909196	1.374831684
0.5368421053	0.4289877096	0.5745670379	1.339355476	1.404173473	1.376943411
0.5398496241	0.4296794668	0.5754482137	1.339249972	1.406437751	1.379055139
0.5428571429	0.4303712239	0.5763293895	1.339144807	1.408702028	1.381166867
0.5458646617	0.4310629811	0.5772105652	1.339039979	1.410966305	1.383278595
0.5488721805	0.4317547383	0.578091741	1.338935488	1.413230582	1.385390323
0.5518796992	0.4324464955	0.5789729168	1.33883133	1.415494859	1.38750205
0.554887218	0.4331382526	0.5798540926	1.338727506	1.417759136	1.389613778
0.5578947368	0.4338300098	0.5807352684	1.338624012	1.420023414	1.391725506
0.5609022556	0.434521767	0.5816164441	1.338520848	1.422287691	1.393837234
0.5639097744	0.4352135242	0.5824976199	1.338418012	1.424551968	1.395948962
0.5669172932	0.4359052813	0.5833787957	1.338315503	1.426816245	1.398060689
0.569924812	0.4365970385	0.5842599715	1.338213318	1.429080522	1.400172417
0.5729323308	0.4372887957	0.5851411473	1.338111456	1.431344799	1.402284145
0.5759398496	0.4379805529	0.586022323	1.338009917	1.433609077	1.404395873
0.5789473684	0.43867231	0.5869034988	1.337908697	1.435873354	1.406507601
0.5819548872	0.4393640672	0.5877846746	1.337807796	1.438137631	1.408619328
0.584962406	0.4400558244	0.5886658504	1.337707213	1.440401908	1.410731056
0.5879699248	0.4407475816	0.5895470262	1.337606945	1.442666185	1.412842784
0.5909774436	0.4414393387	0.5904282019	1.337506992	1.444930462	1.414954512
0.5939849624	0.4421310959	0.5913093777	1.337407351	1.447194739	1.41706624
0.5969924812	0.4428228531	0.5921905535	1.337308021	1.449459017	1.419177967
0.6	0.4435146102	0.5930717293	1.337209002	1.451723294	1.421289695
0.6030075188	0.4442063674	0.5939529051	1.337110291	1.453987571	1.423401423
0.6060150376	0.4448981246	0.5948340808	1.337011886	1.456251848	1.425513151
0.6090225564	0.4455898818	0.5957152566	1.336913788	1.458516125	1.427624879
0.6120300752	0.4462816389	0.5965964324	1.336815993	1.460780402	1.429736606
0.615037594	0.4469733961	0.5974776082	1.336718501	1.46304468	1.431848334
0.6180451128	0.4476651533	0.598358784	1.336621311	1.465308957	1.433960062
0.6210526316	0.4483569105	0.5992399597	1.33652442	1.467573234	1.43607179
0.6240601504	0.4490486676	0.6001211355	1.336427828	1.469837511	1.438183518
0.6270676692	0.4497404248	0.6010023113	1.336331533	1.472101788	1.440295245
0.630075188	0.450432182	0.6018834871	1.336235534	1.474366065	1.442406973
0.6330827068	0.4511239392	0.6027646629	1.336139829	1.476630343	1.444518701
0.6360902256	0.4518156963	0.6036458386	1.336044417	1.47889462	1.446630429
0.6390977444	0.4525074535	0.6045270144	1.335949297	1.481158897	1.448742157
0.6421052632	0.4531992107	0.6054081902	1.335854467	1.483423174	1.450853884
0.645112782	0.4538909679	0.606289366	1.335759927	1.485687451	1.452965612
0.6481203008	0.454582725	0.6071705418	1.335665674	1.487951728	1.45507734
0.6511278195	0.4552744822	0.6080517175	1.335571707	1.490216006	1.457189068
0.6541353383	0.4559662394	0.6089328933	1.335478026	1.492480283	1.459300795
0.6571428571	0.4566579966	0.6098140691	1.335384629	1.49474456	1.461412523
0.6601503759	0.4573497537	0.6106952449	1.335291514	1.497008837	1.463524251
0.6631578947	0.4580415109	0.6115764207	1.33519868	1.499273114	1.465635979
0.6661654135	0.4587332681	0.6124575964	1.335106126	1.501537391	1.467747707
0.6691729323	0.4594250252	0.6133387722	1.335013851	1.503801669	1.469859434
0.6721804511	0.4601167824	0.614219948	1.334921853	1.506065946	1.471971162
0.6751879699	0.4608085396	0.6151011238	1.334830132	1.508330223	1.47408289
0.6781954887	0.4615002968	0.6159822996	1.334738686	1.5105945	1.476194618
0.6812030075	0.4621920539	0.6168634753	1.334647513	1.512858777	1.478306346
0.6842105263	0.4628838111	0.6177446511	1.334556613	1.515123054	1.480418073
0.6872180451	0.4635755683	0.6186258269	1.334465984	1.517387331	1.482529801
0.6902255639	0.4642673255	0.6195070027	1.334375625	1.519651609	1.484641529
0.6932330827	0.4649590826	0.6203881785	1.334285535	1.521915886	1.486753257
0.6962406015	0.4656508398	0.6212693542	1.334195713	1.524180163	1.488864985
0.6992481203	0.466342597	0.62215053	1.334106157	1.52644444	1.490976712
0.7022556391	0.4670343542	0.6230317058	1.334016867	1.528708717	1.49308844
0.7052631579	0.4677261113	0.6239128816	1.33392784	1.530972994	1.495200168
0.7082706767	0.4684178685	0.6247940574	1.333839077	1.533237272	1.497311896
0.7112781955	0.4691096257	0.6256752331	1.333750575	1.535501549	1.499423624
0.7142857143	0.4698013829	0.6265564089	1.333662334	1.537765826	1.501535351
0.7172932331	0.47049314	0.6274375847	1.333574353	1.540030103	1.503647079
0.7203007519	0.4711848972	0.6283187605	1.33348663	1.54229438	1.505758807
0.7233082707	0.4718766544	0.6291999363	1.333399164	1.544558657	1.507870535
0.7263157895	0.4725684116	0.630081112	1.333311954	1.546822935	1.509982263
0.7293233083	0.4732601687	0.6309622878	1.333224999	1.549087212	1.51209399
0.7323308271	0.4739519259	0.6318434636	1.333138298	1.551351489	1.514205718
0.7353383459	0.4746436831	0.6327246394	1.333051849	1.553615766	1.516317446
0.7383458647	0.4753354402	0.6336058152	1.332965652	1.555880043	1.518429174
0.7413533835	0.4760271974	0.6344869909	1.332879706	1.55814432	1.520540902
0.7443609023	0.4767189546	0.6353681667	1.332794009	1.560408598	1.522652629
0.7473684211	0.4774107118	0.6362493425	1.332708561	1.562672875	1.524764357
0.7503759398	0.4781024689	0.6371305183	1.332623359	1.564937152	1.526876085
0.7533834586	0.4787942261	0.638011694	1.332538404	1.567201429	1.528987813
0.7563909774	0.4794859833	0.6388928698	1.332453694	1.569465706	1.531099541
0.7593984962	0.4801777405	0.6397740456	1.332369229	1.571729983	1.533211268
0.762406015	0.4808694976	0.6406552214	1.332285006	1.573994261	1.535322996
0.7654135338	0.4815612548	0.6415363972	1.332201025	1.576258538	1.537434724
0.7684210526	0.482253012	0.6424175729	1.332117285	1.578522815	1.539546452
0.7714285714	0.4829447692	0.6432987487	1.332033785	1.580787092	1.54165818
0.7744360902	0.4836365263	0.6441799245	1.331950524	1.583051369	1.543769907
0.777443609	0.4843282835	0.6450611003	1.3318675	1.585315646	1.545881635
0.7804511278	0.4850200407	0.6459422761	1.331784714	1.587579924	1.547993363
0.7834586466	0.4857117979	0.6468234518	1.331702163	1.589844201	1.550105091
0.7864661654	0.486403555	0.6477046276	1.331619847	1.592108478	1.552216818
0.7894736842	0.4870953122	0.6485858034	1.331537765	1.594372755	1.554328546
0.792481203	0.4877870694	0.6494669792	1.331455916	1.596637032	1.556440274
0.7954887218	0.4884788266	0.650348155	1.331374298	1.598901309	1.558552002
0.7984962406	0.4891705837	0.6512293307	1.331292912	1.601165586	1.56066373
0.8015037594	0.4898623409	0.6521105065	1.331211755	1.603429864	1.562775457
0.8045112782	0.4905540981	0.6529916823	1.331130827	1.605694141	1.564887185
0.807518797	0.4912458552	0.6538728581	1.331050127	1.607958418	1.566998913
0.8105263158	0.4919376124	0.6547540339	1.330969654	1.610222695	1.569110641
0.8135338346	0.4926293696	0.6556352096	1.330889407	1.612486972	1.571222369
0.8165413534	0.4933211268	0.6565163854	1.330809385	1.614751249	1.573334096
0.8195488722	0.4940128839	0.6573975612	1.330729587	1.617015527	1.575445824
0.822556391	0.4947046411	0.658278737	1.330650013	1.619279804	1.577557552
0.8255639098	0.4953963983	0.6591599128	1.33057066	1.621544081	1.57966928
0.8285714286	0.4960881555	0.6600410885	1.330491529	1.623808358	1.581781008
0.8315789474	0.4967799126	0.6609222643	1.330412618	1.626072635	1.583892735
0.8345864662	0.4974716698	0.6618034401	1.330333927	1.628336912	1.586004463
0.837593985	0.498163427	0.6626846159	1.330255454	1.63060119	1.588116191
0.8406015038	0.4988551842	0.6635657917	1.330177199	1.632865467	1.590227919
0.8436090226	0.4995469413	0.6644469674	1.330099161	1.635129744	1.592339647
0.8466165414	0.5002386985	0.6653281432	1.330021338	1.637394021	1.594451374
0.8496240602	0.5009304557	0.666209319	1.329943731	1.639658298	1.596563102
0.8526315789	0.5016222129	0.6670904948	1.329866337	1.641922575	1.59867483
0.8556390977	0.50231397	0.6679716706	1.329789157	1.644186853	1.600786558
0.8586466165	0.5030057272	0.6688528463	1.329712188	1.64645113	1.602898286
0.8616541353	0.5036974844	0.6697340221	1.329635432	1.648715407	1.605010013
0.8646616541	0.5043892416	0.6706151979	1.329558886	1.650979684	1.607121741
0.8676691729	0.5050809987	0.6714963737	1.329482549	1.653243961	1.609233469
0.8706766917	0.5057727559	0.6723775495	1.329406421	1.655508238	1.611345197
0.8736842105	0.5064645131	0.6732587252	1.329330502	1.657772516	1.613456925
0.8766917293	0.5071562702	0.674139901	1.329254789	1.660036793	1.615568652
0.8796992481	0.5078480274	0.6750210768	1.329179283	1.66230107	1.61768038
0.8827067669	0.5085397846	0.6759022526	1.329103982	1.664565347	1.619792108
0.8857142857	0.5092315418	0.6767834284	1.329028885	1.666829624	1.621903836
0.8887218045	0.5099232989	0.6776646041	1.328953993	1.669093901	1.624015564
0.8917293233	0.5106150561	0.6785457799	1.328879303	1.671358179	1.626127291
0.8947368421	0.5113068133	0.6794269557	1.328804816	1.673622456	1.628239019
0.8977443609	0.5119985705	0.6803081315	1.328730529	1.675886733	1.630350747
0.9007518797	0.5126903276	0.6811893073	1.328656443	1.67815101	1.632462475
0.9037593985	0.5133820848	0.682070483	1.328582557	1.680415287	1.634574203
0.9067669173	0.514073842	0.6829516588	1.32850887	1.682679564	1.63668593
0.9097744361	0.5147655992	0.6838328346	1.328435381	1.684943841	1.638797658
0.9127819549	0.5154573563	0.6847140104	1.328362088	1.687208119	1.640909386
0.9157894737	0.5161491135	0.6855951862	1.328288993	1.689472396	1.643021114
0.9187969925	0.5168408707	0.6864763619	1.328216093	1.691736673	1.645132841
0.9218045113	0.5175326279	0.6873575377	1.328143388	1.69400095	1.647244569
0.9248120301	0.518224385	0.6882387135	1.328070877	1.696265227	1.649356297
0.9278195489	0.5189161422	0.6891198893	1.327998559	1.698529504	1.651468025
0.9308270677	0.5196078994	0.6900010651	1.327926434	1.700793782	1.653579753
0.9338345865	0.5202996565	0.6908822408	1.327854501	1.703058059	1.65569148
0.9368421053	0.5209914137	0.6917634166	1.327782759	1.705322336	1.657803208
0.9398496241	0.5216831709	0.6926445924	1.327711207	1.707586613	1.659914936
0.9428571429	0.5223749281	0.6935257682	1.327639844	1.70985089	1.662026664
0.9458646617	0.5230666852	0.694406944	1.327568671	1.712115167	1.664138392
0.9488721805	0.5237584424	0.6952881197	1.327497685	1.714379445	1.666250119
0.9518796992	0.5244501996	0.6961692955	1.327426886	1.716643722	1.668361847
0.954887218	0.5251419568	0.6970504713	1.327356274	1.718907999	1.670473575
0.9578947368	0.5258337139	0.6979316471	1.327285848	1.721172276	1.672585303
0.9609022556	0.5265254711	0.6988128229	1.327215607	1.723436553	1.674697031
0.9639097744	0.5272172283	0.6996939986	1.32714555	1.72570083	1.676808758
0.9669172932	0.5279089855	0.7005751744	1.327075677	1.727965108	1.678920486
0.969924812	0.5286007426	0.7014563502	1.327005987	1.730229385	1.681032214
0.9729323308	0.5292924998	0.702337526	1.326936479	1.732493662	1.683143942
0.9759398496	0.529984257	0.7032187017	1.326867152	1.734757939	1.68525567
0.9789473684	0.5306760142	0.7040998775	1.326798006	1.737022216	1.687367397
0.9819548872	0.5313677713	0.7049810533	1.32672904	1.739286493	1.689479125
0.984962406	0.5320595285	0.7058622291	1.326660254	1.741550771	1.691590853
0.9879699248	0.5327512857	0.7067434049	1.326591646	1.743815048	1.693702581
0.9909774436	0.5334430429	0.7076245806	1.326523216	1.746079325	1.695814309
0.9939849624	0.5341348	0.7085057564	1.326454963	1.748343602	1.697926036
0.9969924812	0.5348265572	0.7093869322	1.326386887	1.750607879	1.700037764
1	0.5355183144	0.710268108	1.326318987	1.752872156	1.702149492
