# VHH-NNLO SMEFT scan points
# process: ZHH
# energy_tev: 13.6
# scan_axis: phiBox
# fixed_wcs: phi=0,phiB=0,phiBox=0,phiD=0,phiQ3rd=0,phiW=0,phiWB=0,phid=0,phiq1st=0,phiq3st=0,phiu=0,tphi=0
#
phiBox	sigma_lo	sigma_nnlo	k	sigma_smeft_over_sm_lo	sigma_smeft_over_sm_nnlo
-0.2	0.246944593	0.3406799236	1.379580413	0.8494887106	0.8594182197
-0.1969924812	0.2476025376	0.341517934	1.379299006	0.8517520382	0.8615322315
-0.1939849624	0.2482604822	0.3423559443	1.37901909	0.8540153659	0.8636462432
-0.1909774436	0.2489184268	0.3431939547	1.378740654	0.8562786935	0.8657602549
-0.1879699248	0.2495763715	0.344031965	1.378463686	0.8585420212	0.8678742667
-0.184962406	0.2502343161	0.3448699754	1.378188175	0.8608053489	0.8699882784
-0.1819548872	0.2508922607	0.3457079857	1.377914108	0.8630686765	0.8721022901
-0.1789473684	0.2515502053	0.346545996	1.377641475	0.8653320042	0.8742163019
-0.1759398496	0.25220815	0.3473840064	1.377370265	0.8675953318	0.8763303136
-0.1729323308	0.2528660946	0.3482220167	1.377100466	0.8698586595	0.8784443253
-0.169924812	0.2535240392	0.3490600271	1.376832068	0.8721219872	0.8805583371
-0.1669172932	0.2541819838	0.3498980374	1.376565058	0.8743853148	0.8826723488
-0.1639097744	0.2548399284	0.3507360477	1.376299428	0.8766486425	0.8847863605
-0.1609022556	0.2554978731	0.3515740581	1.376035166	0.8789119702	0.8869003723
-0.1578947368	0.2561558177	0.3524120684	1.375772261	0.8811752978	0.889014384
-0.154887218	0.2568137623	0.3532500788	1.375510703	0.8834386255	0.8911283957
-0.1518796992	0.2574717069	0.3540880891	1.375250482	0.8857019531	0.8932424075
-0.1488721805	0.2581296515	0.3549260995	1.374991588	0.8879652808	0.8953564192
-0.1458646617	0.2587875962	0.3557641098	1.37473401	0.8902286085	0.8974704309
-0.1428571429	0.2594455408	0.3566021201	1.374477738	0.8924919361	0.8995844427
-0.1398496241	0.2601034854	0.3574401305	1.374222763	0.8947552638	0.9016984544
-0.1368421053	0.26076143	0.3582781408	1.373969075	0.8970185914	0.9038124661
-0.1338345865	0.2614193747	0.3591161512	1.373716664	0.8992819191	0.9059264779
-0.1308270677	0.2620773193	0.3599541615	1.37346552	0.9015452468	0.9080404896
-0.1278195489	0.2627352639	0.3607921718	1.373215633	0.9038085744	0.9101545013
-0.1248120301	0.2633932085	0.3616301822	1.372966996	0.9060719021	0.9122685131
-0.1218045113	0.2640511531	0.3624681925	1.372719597	0.9083352297	0.9143825248
-0.1187969925	0.2647090978	0.3633062029	1.372473428	0.9105985574	0.9164965365
-0.1157894737	0.2653670424	0.3641442132	1.37222848	0.9128618851	0.9186105483
-0.1127819549	0.266024987	0.3649822236	1.371984743	0.9151252127	0.92072456
-0.1097744361	0.2666829316	0.3658202339	1.37174221	0.9173885404	0.9228385717
-0.1067669173	0.2673408762	0.3666582442	1.37150087	0.919651868	0.9249525835
-0.1037593985	0.2679988209	0.3674962546	1.371260714	0.9219151957	0.9270665952
-0.1007518797	0.2686567655	0.3683342649	1.371021736	0.9241785234	0.9291806069
-0.0977443609	0.2693147101	0.3691722753	1.370783925	0.926441851	0.9312946187
-0.09473684211	0.2699726547	0.3700102856	1.370547273	0.9287051787	0.9334086304
-0.09172932331	0.2706305994	0.3708482959	1.370311771	0.9309685063	0.9355226421
-0.08872180451	0.271288544	0.3716863063	1.370077412	0.933231834	0.9376366539
-0.08571428571	0.2719464886	0.3725243166	1.369844187	0.9354951617	0.9397506656
-0.08270676692	0.2726044332	0.373362327	1.369612088	0.9377584893	0.9418646773
-0.07969924812	0.2732623778	0.3742003373	1.369381106	0.940021817	0.9439786891
-0.07669172932	0.2739203225	0.3750383477	1.369151235	0.9422851447	0.9460927008
-0.07368421053	0.2745782671	0.375876358	1.368922464	0.9445484723	0.9482067125
-0.07067669173	0.2752362117	0.3767143683	1.368694788	0.9468118	0.9503207243
-0.06766917293	0.2758941563	0.3775523787	1.368468197	0.9490751276	0.952434736
-0.06466165414	0.2765521009	0.378390389	1.368242685	0.9513384553	0.9545487477
-0.06165413534	0.2772100456	0.3792283994	1.368018243	0.953601783	0.9566627595
-0.05864661654	0.2778679902	0.3800664097	1.367794863	0.9558651106	0.9587767712
-0.05563909774	0.2785259348	0.38090442	1.36757254	0.9581284383	0.9608907829
-0.05263157895	0.2791838794	0.3817424304	1.367351264	0.9603917659	0.9630047947
-0.04962406015	0.2798418241	0.3825804407	1.367131028	0.9626550936	0.9651188064
-0.04661654135	0.2804997687	0.3834184511	1.366911826	0.9649184213	0.9672328181
-0.04360902256	0.2811577133	0.3842564614	1.36669365	0.9671817489	0.9693468299
-0.04060150376	0.2818156579	0.3850944718	1.366476492	0.9694450766	0.9714608416
-0.03759398496	0.2824736025	0.3859324821	1.366260347	0.9717084042	0.9735748533
-0.03458646617	0.2831315472	0.3867704924	1.366045205	0.9739717319	0.9756888651
-0.03157894737	0.2837894918	0.3876085028	1.365831061	0.9762350596	0.9778028768
-0.02857142857	0.2844474364	0.3884465131	1.365617908	0.9784983872	0.9799168885
-0.02556390977	0.285105381	0.3892845235	1.365405739	0.9807617149	0.9820309003
-0.02255639098	0.2857633256	0.3901225338	1.365194547	0.9830250425	0.984144912
-0.01954887218	0.2864212703	0.3909605441	1.364984325	0.9852883702	0.9862589237
-0.01654135338	0.2870792149	0.3917985545	1.364775066	0.9875516979	0.9883729355
-0.01353383459	0.2877371595	0.3926365648	1.364566765	0.9898150255	0.9904869472
-0.01052631579	0.2883951041	0.3934745752	1.364359414	0.9920783532	0.9926009589
-0.007518796992	0.2890530487	0.3943125855	1.364153007	0.9943416808	0.9947149707
-0.004511278195	0.2897109934	0.3951505959	1.363947537	0.9966050085	0.9968289824
-0.001503759398	0.290368938	0.3959886062	1.363742999	0.9988683362	0.9989429941
0.001503759398	0.2910268826	0.3968266165	1.363539385	1.001131664	1.001057006
0.004511278195	0.2916848272	0.3976646269	1.36333669	1.003394991	1.003171018
0.007518796992	0.2923427719	0.3985026372	1.363134907	1.005658319	1.005285029
0.01052631579	0.2930007165	0.3993406476	1.362934031	1.007921647	1.007399041
0.01353383459	0.2936586611	0.4001786579	1.362734055	1.010184974	1.009513053
0.01654135338	0.2943166057	0.4010166682	1.362534972	1.012448302	1.011627065
0.01954887218	0.2949745503	0.4018546786	1.362336778	1.01471163	1.013741076
0.02255639098	0.295632495	0.4026926889	1.362139466	1.016974957	1.015855088
0.02556390977	0.2962904396	0.4035306993	1.361943031	1.019238285	1.0179691
0.02857142857	0.2969483842	0.4043687096	1.361747466	1.021501613	1.020083111
0.03157894737	0.2976063288	0.40520672	1.361552765	1.02376494	1.022197123
0.03458646617	0.2982642734	0.4060447303	1.361358924	1.026028268	1.024311135
0.03759398496	0.2989222181	0.4068827406	1.361165936	1.028291596	1.026425147
0.04060150376	0.2995801627	0.407720751	1.360973795	1.030554923	1.028539158
0.04360902256	0.3002381073	0.4085587613	1.360782497	1.032818251	1.03065317
0.04661654135	0.3008960519	0.4093967717	1.360592035	1.035081579	1.032767182
0.04962406015	0.3015539966	0.410234782	1.360402405	1.037344906	1.034881194
0.05263157895	0.3022119412	0.4110727923	1.3602136	1.039608234	1.036995205
0.05563909774	0.3028698858	0.4119108027	1.360025615	1.041871562	1.039109217
0.05864661654	0.3035278304	0.412748813	1.359838445	1.044134889	1.041223229
0.06165413534	0.304185775	0.4135868234	1.359652085	1.046398217	1.043337241
0.06466165414	0.3048437197	0.4144248337	1.35946653	1.048661545	1.045451252
0.06766917293	0.3055016643	0.4152628441	1.359281774	1.050924872	1.047565264
0.07067669173	0.3061596089	0.4161008544	1.359097811	1.0531882	1.049679276
0.07368421053	0.3068175535	0.4169388647	1.358914638	1.055451528	1.051793287
0.07669172932	0.3074754981	0.4177768751	1.358732249	1.057714855	1.053907299
0.07969924812	0.3081334428	0.4186148854	1.358550639	1.059978183	1.056021311
0.08270676692	0.3087913874	0.4194528958	1.358369802	1.062241511	1.058135323
0.08571428571	0.309449332	0.4202909061	1.358189735	1.064504838	1.060249334
0.08872180451	0.3101072766	0.4211289164	1.358010431	1.066768166	1.062363346
0.09172932331	0.3107652213	0.4219669268	1.357831887	1.069031494	1.064477358
0.09473684211	0.3114231659	0.4228049371	1.357654097	1.071294821	1.06659137
0.0977443609	0.3120811105	0.4236429475	1.357477057	1.073558149	1.068705381
0.1007518797	0.3127390551	0.4244809578	1.357300762	1.075821477	1.070819393
0.1037593985	0.3133969997	0.4253189682	1.357125207	1.078084804	1.072933405
0.1067669173	0.3140549444	0.4261569785	1.356950388	1.080348132	1.075047417
0.1097744361	0.314712889	0.4269949888	1.356776299	1.08261146	1.077161428
0.1127819549	0.3153708336	0.4278329992	1.356602937	1.084874787	1.07927544
0.1157894737	0.3160287782	0.4286710095	1.356430297	1.087138115	1.081389452
0.1187969925	0.3166867228	0.4295090199	1.356258374	1.089401443	1.083503463
0.1218045113	0.3173446675	0.4303470302	1.356087164	1.09166477	1.085617475
0.1248120301	0.3180026121	0.4311850405	1.355916663	1.093928098	1.087731487
0.1278195489	0.3186605567	0.4320230509	1.355746865	1.096191426	1.089845499
0.1308270677	0.3193185013	0.4328610612	1.355577768	1.098454753	1.09195951
0.1338345865	0.3199764459	0.4336990716	1.355409365	1.100718081	1.094073522
0.1368421053	0.3206343906	0.4345370819	1.355241654	1.102981409	1.096187534
0.1398496241	0.3212923352	0.4353750923	1.35507463	1.105244736	1.098301546
0.1428571429	0.3219502798	0.4362131026	1.354908288	1.107508064	1.100415557
0.1458646617	0.3226082244	0.4370511129	1.354742625	1.109771392	1.102529569
0.1488721805	0.3232661691	0.4378891233	1.354577637	1.112034719	1.104643581
0.1518796992	0.3239241137	0.4387271336	1.354413318	1.114298047	1.106757593
0.154887218	0.3245820583	0.439565144	1.354249666	1.116561375	1.108871604
0.1578947368	0.3252400029	0.4404031543	1.354086676	1.118824702	1.110985616
0.1609022556	0.3258979475	0.4412411646	1.353924343	1.12108803	1.113099628
0.1639097744	0.3265558922	0.442079175	1.353762665	1.123351358	1.115213639
0.1669172932	0.3272138368	0.4429171853	1.353601638	1.125614685	1.117327651
0.169924812	0.3278717814	0.4437551957	1.353441256	1.127878013	1.119441663
0.1729323308	0.328529726	0.444593206	1.353281517	1.13014134	1.121555675
0.1759398496	0.3291876706	0.4454312164	1.353122416	1.132404668	1.123669686
0.1789473684	0.3298456153	0.4462692267	1.352963951	1.134667996	1.125783698
0.1819548872	0.3305035599	0.447107237	1.352806116	1.136931323	1.12789771
0.184962406	0.3311615045	0.4479452474	1.352648908	1.139194651	1.130011722
0.1879699248	0.3318194491	0.4487832577	1.352492323	1.141457979	1.132125733
0.1909774436	0.3324773938	0.4496212681	1.352336359	1.143721306	1.134239745
0.1939849624	0.3331353384	0.4504592784	1.35218101	1.145984634	1.136353757
0.1969924812	0.333793283	0.4512972887	1.352026274	1.148247962	1.138467769
0.2	0.3344512276	0.4521352991	1.351872147	1.150511289	1.14058178
0.2030075188	0.3351091722	0.4529733094	1.351718625	1.152774617	1.142695792
0.2060150376	0.3357671169	0.4538113198	1.351565704	1.155037945	1.144809804
0.2090225564	0.3364250615	0.4546493301	1.351413382	1.157301272	1.146923815
0.2120300752	0.3370830061	0.4554873405	1.351261654	1.1595646	1.149037827
0.215037594	0.3377409507	0.4563253508	1.351110518	1.161827928	1.151151839
0.2180451128	0.3383988953	0.4571633611	1.350959969	1.164091255	1.153265851
0.2210526316	0.33905684	0.4580013715	1.350810004	1.166354583	1.155379862
0.2240601504	0.3397147846	0.4588393818	1.350660621	1.168617911	1.157493874
0.2270676692	0.3403727292	0.4596773922	1.350511815	1.170881238	1.159607886
0.230075188	0.3410306738	0.4605154025	1.350363583	1.173144566	1.161721898
0.2330827068	0.3416886185	0.4613534128	1.350215922	1.175407894	1.163835909
0.2360902256	0.3423465631	0.4621914232	1.350068828	1.177671221	1.165949921
0.2390977444	0.3430045077	0.4630294335	1.349922299	1.179934549	1.168063933
0.2421052632	0.3436624523	0.4638674439	1.349776331	1.182197877	1.170177945
0.245112782	0.3443203969	0.4647054542	1.34963092	1.184461204	1.172291956
0.2481203008	0.3449783416	0.4655434646	1.349486065	1.186724532	1.174405968
0.2511278195	0.3456362862	0.4663814749	1.349341761	1.18898786	1.17651998
0.2541353383	0.3462942308	0.4672194852	1.349198005	1.191251187	1.178633991
0.2571428571	0.3469521754	0.4680574956	1.349054794	1.193514515	1.180748003
0.2601503759	0.34761012	0.4688955059	1.348912126	1.195777843	1.182862015
0.2631578947	0.3482680647	0.4697335163	1.348769996	1.19804117	1.184976027
0.2661654135	0.3489260093	0.4705715266	1.348628403	1.200304498	1.187090038
0.2691729323	0.3495839539	0.4714095369	1.348487342	1.202567826	1.18920405
0.2721804511	0.3502418985	0.4722475473	1.348346812	1.204831153	1.191318062
0.2751879699	0.3508998432	0.4730855576	1.348206808	1.207094481	1.193432074
0.2781954887	0.3515577878	0.473923568	1.348067329	1.209357809	1.195546085
0.2812030075	0.3522157324	0.4747615783	1.347928371	1.211621136	1.197660097
0.2842105263	0.352873677	0.4755995887	1.347789931	1.213884464	1.199774109
0.2872180451	0.3535316216	0.476437599	1.347652006	1.216147792	1.201888121
0.2902255639	0.3541895663	0.4772756093	1.347514593	1.218411119	1.204002132
0.2932330827	0.3548475109	0.4781136197	1.34737769	1.220674447	1.206116144
0.2962406015	0.3555054555	0.47895163	1.347241294	1.222937775	1.208230156
0.2992481203	0.3561634001	0.4797896404	1.347105402	1.225201102	1.210344167
0.3022556391	0.3568213447	0.4806276507	1.346970011	1.22746443	1.212458179
0.3052631579	0.3574792894	0.481465661	1.346835118	1.229727758	1.214572191
0.3082706767	0.358137234	0.4823036714	1.346700721	1.231991085	1.216686203
0.3112781955	0.3587951786	0.4831416817	1.346566817	1.234254413	1.218800214
0.3142857143	0.3594531232	0.4839796921	1.346433403	1.236517741	1.220914226
0.3172932331	0.3601110678	0.4848177024	1.346300477	1.238781068	1.223028238
0.3203007519	0.3607690125	0.4856557128	1.346168035	1.241044396	1.22514225
0.3233082707	0.3614269571	0.4864937231	1.346036076	1.243307724	1.227256261
0.3263157895	0.3620849017	0.4873317334	1.345904596	1.245571051	1.229370273
0.3293233083	0.3627428463	0.4881697438	1.345773593	1.247834379	1.231484285
0.3323308271	0.363400791	0.4890077541	1.345643065	1.250097707	1.233598297
0.3353383459	0.3640587356	0.4898457645	1.345513008	1.252361034	1.235712308
0.3383458647	0.3647166802	0.4906837748	1.345383421	1.254624362	1.23782632
0.3413533835	0.3653746248	0.4915217851	1.3452543	1.256887689	1.239940332
0.3443609023	0.3660325694	0.4923597955	1.345125643	1.259151017	1.242054343
0.3473684211	0.3666905141	0.4931978058	1.344997449	1.261414345	1.244168355
0.3503759398	0.3673484587	0.4940358162	1.344869713	1.263677672	1.246282367
0.3533834586	0.3680064033	0.4948738265	1.344742434	1.265941	1.248396379
0.3563909774	0.3686643479	0.4957118369	1.344615609	1.268204328	1.25051039
0.3593984962	0.3693222925	0.4965498472	1.344489237	1.270467655	1.252624402
0.362406015	0.3699802372	0.4973878575	1.344363313	1.272730983	1.254738414
0.3654135338	0.3706381818	0.4982258679	1.344237837	1.274994311	1.256852426
0.3684210526	0.3712961264	0.4990638782	1.344112806	1.277257638	1.258966437
0.3714285714	0.371954071	0.4999018886	1.343988217	1.279520966	1.261080449
0.3744360902	0.3726120157	0.5007398989	1.343864067	1.281784294	1.263194461
0.377443609	0.3732699603	0.5015779092	1.343740356	1.284047621	1.265308473
0.3804511278	0.3739279049	0.5024159196	1.34361708	1.286310949	1.267422484
0.3834586466	0.3745858495	0.5032539299	1.343494237	1.288574277	1.269536496
0.3864661654	0.3752437941	0.5040919403	1.343371824	1.290837604	1.271650508
0.3894736842	0.3759017388	0.5049299506	1.34324984	1.293100932	1.273764519
0.392481203	0.3765596834	0.505767961	1.343128283	1.29536426	1.275878531
0.3954887218	0.377217628	0.5066059713	1.343007149	1.297627587	1.277992543
0.3984962406	0.3778755726	0.5074439816	1.342886438	1.299890915	1.280106555
0.4015037594	0.3785335172	0.508281992	1.342766146	1.302154243	1.282220566
0.4045112782	0.3791914619	0.5091200023	1.342646271	1.30441757	1.284334578
0.407518797	0.3798494065	0.5099580127	1.342526812	1.306680898	1.28644859
0.4105263158	0.3805073511	0.510796023	1.342407766	1.308944226	1.288562602
0.4135338346	0.3811652957	0.5116340334	1.34228913	1.311207553	1.290676613
0.4165413534	0.3818232404	0.5124720437	1.342170904	1.313470881	1.292790625
0.4195488722	0.382481185	0.513310054	1.342053084	1.315734209	1.294904637
0.422556391	0.3831391296	0.5141480644	1.341935669	1.317997536	1.297018649
0.4255639098	0.3837970742	0.5149860747	1.341818657	1.320260864	1.29913266
0.4285714286	0.3844550188	0.5158240851	1.341702045	1.322524192	1.301246672
0.4315789474	0.3851129635	0.5166620954	1.341585832	1.324787519	1.303360684
0.4345864662	0.3857709081	0.5175001057	1.341470015	1.327050847	1.305474695
0.437593985	0.3864288527	0.5183381161	1.341354592	1.329314175	1.307588707
0.4406015038	0.3870867973	0.5191761264	1.341239562	1.331577502	1.309702719
0.4436090226	0.3877447419	0.5200141368	1.341124922	1.33384083	1.311816731
0.4466165414	0.3884026866	0.5208521471	1.34101067	1.336104158	1.313930742
0.4496240602	0.3890606312	0.5216901575	1.340896805	1.338367485	1.316044754
0.4526315789	0.3897185758	0.5225281678	1.340783325	1.340630813	1.318158766
0.4556390977	0.3903765204	0.5233661781	1.340670227	1.342894141	1.320272778
0.4586466165	0.391034465	0.5242041885	1.340557509	1.345157468	1.322386789
0.4616541353	0.3916924097	0.5250421988	1.34044517	1.347420796	1.324500801
0.4646616541	0.3923503543	0.5258802092	1.340333208	1.349684124	1.326614813
0.4676691729	0.3930082989	0.5267182195	1.340221621	1.351947451	1.328728825
0.4706766917	0.3936662435	0.5275562298	1.340110407	1.354210779	1.330842836
0.4736842105	0.3943241882	0.5283942402	1.339999564	1.356474107	1.332956848
0.4766917293	0.3949821328	0.5292322505	1.33988909	1.358737434	1.33507086
0.4796992481	0.3956400774	0.5300702609	1.339778984	1.361000762	1.337184871
0.4827067669	0.396298022	0.5309082712	1.339669243	1.36326409	1.339298883
0.4857142857	0.3969559666	0.5317462816	1.339559866	1.365527417	1.341412895
0.4887218045	0.3976139113	0.5325842919	1.339450851	1.367790745	1.343526907
0.4917293233	0.3982718559	0.5334223022	1.339342196	1.370054073	1.345640918
0.4947368421	0.3989298005	0.5342603126	1.3392339	1.3723174	1.34775493
0.4977443609	0.3995877451	0.5350983229	1.33912596	1.374580728	1.349868942
0.5007518797	0.4002456897	0.5359363333	1.339018375	1.376844056	1.351982954
0.5037593985	0.4009036344	0.5367743436	1.338911144	1.379107383	1.354096965
0.5067669173	0.401561579	0.5376123539	1.338804263	1.381370711	1.356210977
0.5097744361	0.4022195236	0.5384503643	1.338697733	1.383634038	1.358324989
0.5127819549	0.4028774682	0.5392883746	1.33859155	1.385897366	1.360439001
0.5157894737	0.4035354129	0.540126385	1.338485713	1.388160694	1.362553012
0.5187969925	0.4041933575	0.5409643953	1.338380222	1.390424021	1.364667024
0.5218045113	0.4048513021	0.5418024057	1.338275072	1.392687349	1.366781036
0.5248120301	0.4055092467	0.542640416	1.338170265	1.394950677	1.368895047
0.5278195489	0.4061671913	0.5434784263	1.338065796	1.397214004	1.371009059
0.5308270677	0.406825136	0.5443164367	1.337961666	1.399477332	1.373123071
0.5338345865	0.4074830806	0.545154447	1.337857872	1.40174066	1.375237083
0.5368421053	0.4081410252	0.5459924574	1.337754412	1.404003987	1.377351094
0.5398496241	0.4087989698	0.5468304677	1.337651286	1.406267315	1.379465106
0.5428571429	0.4094569144	0.547668478	1.337548491	1.408530643	1.381579118
0.5458646617	0.4101148591	0.5485064884	1.337446026	1.41079397	1.38369313
0.5488721805	0.4107728037	0.5493444987	1.337343889	1.413057298	1.385807141
0.5518796992	0.4114307483	0.5501825091	1.337242079	1.415320626	1.387921153
0.554887218	0.4120886929	0.5510205194	1.337140593	1.417583953	1.390035165
0.5578947368	0.4127466376	0.5518585298	1.337039432	1.419847281	1.392149177
0.5609022556	0.4134045822	0.5526965401	1.336938592	1.422110609	1.394263188
0.5639097744	0.4140625268	0.5535345504	1.336838073	1.424373936	1.3963772
0.5669172932	0.4147204714	0.5543725608	1.336737873	1.426637264	1.398491212
0.569924812	0.415378416	0.5552105711	1.33663799	1.428900592	1.400605224
0.5729323308	0.4160363607	0.5560485815	1.336538423	1.431163919	1.402719235
0.5759398496	0.4166943053	0.5568865918	1.336439171	1.433427247	1.404833247
0.5789473684	0.4173522499	0.5577246021	1.336340231	1.435690575	1.406947259
0.5819548872	0.4180101945	0.5585626125	1.336241603	1.437953902	1.40906127
0.584962406	0.4186681391	0.5594006228	1.336143285	1.44021723	1.411175282
0.5879699248	0.4193260838	0.5602386332	1.336045276	1.442480558	1.413289294
0.5909774436	0.4199840284	0.5610766435	1.335947573	1.444743885	1.415403306
0.5939849624	0.420641973	0.5619146539	1.335850176	1.447007213	1.417517317
0.5969924812	0.4212999176	0.5627526642	1.335753084	1.449270541	1.419631329
0.6	0.4219578623	0.5635906745	1.335656294	1.451533868	1.421745341
0.6030075188	0.4226158069	0.5644286849	1.335559806	1.453797196	1.423859353
0.6060150376	0.4232737515	0.5652666952	1.335463617	1.456060524	1.425973364
0.6090225564	0.4239316961	0.5661047056	1.335367727	1.458323851	1.428087376
0.6120300752	0.4245896407	0.5669427159	1.335272135	1.460587179	1.430201388
0.615037594	0.4252475854	0.5677807262	1.335176838	1.462850507	1.4323154
0.6180451128	0.42590553	0.5686187366	1.335081835	1.465113834	1.434429411
0.6210526316	0.4265634746	0.5694567469	1.334987126	1.467377162	1.436543423
0.6240601504	0.4272214192	0.5702947573	1.334892708	1.46964049	1.438657435
0.6270676692	0.4278793638	0.5711327676	1.334798581	1.471903817	1.440771446
0.630075188	0.4285373085	0.571970778	1.334704743	1.474167145	1.442885458
0.6330827068	0.4291952531	0.5728087883	1.334611192	1.476430473	1.44499947
0.6360902256	0.4298531977	0.5736467986	1.334517928	1.4786938	1.447113482
0.6390977444	0.4305111423	0.574484809	1.334424949	1.480957128	1.449227493
0.6421052632	0.4311690869	0.5753228193	1.334332253	1.483220456	1.451341505
0.645112782	0.4318270316	0.5761608297	1.33423984	1.485483783	1.453455517
0.6481203008	0.4324849762	0.57699884	1.334147709	1.487747111	1.455569529
0.6511278195	0.4331429208	0.5778368503	1.334055857	1.490010439	1.45768354
0.6541353383	0.4338008654	0.5786748607	1.333964284	1.492273766	1.459797552
0.6571428571	0.4344588101	0.579512871	1.333872988	1.494537094	1.461911564
0.6601503759	0.4351167547	0.5803508814	1.333781968	1.496800422	1.464025576
0.6631578947	0.4357746993	0.5811888917	1.333691223	1.499063749	1.466139587
0.6661654135	0.4364326439	0.5820269021	1.333600752	1.501327077	1.468253599
0.6691729323	0.4370905885	0.5828649124	1.333510553	1.503590405	1.470367611
0.6721804511	0.4377485332	0.5837029227	1.333420625	1.505853732	1.472481622
0.6751879699	0.4384064778	0.5845409331	1.333330967	1.50811706	1.474595634
0.6781954887	0.4390644224	0.5853789434	1.333241578	1.510380387	1.476709646
0.6812030075	0.439722367	0.5862169538	1.333152456	1.512643715	1.478823658
0.6842105263	0.4403803116	0.5870549641	1.333063601	1.514907043	1.480937669
0.6872180451	0.4410382563	0.5878929744	1.332975011	1.51717037	1.483051681
0.6902255639	0.4416962009	0.5887309848	1.332886685	1.519433698	1.485165693
0.6932330827	0.4423541455	0.5895689951	1.332798621	1.521697026	1.487279705
0.6962406015	0.4430120901	0.5904070055	1.332710819	1.523960353	1.489393716
0.6992481203	0.4436700348	0.5912450158	1.332623277	1.526223681	1.491507728
0.7022556391	0.4443279794	0.5920830262	1.332535995	1.528487009	1.49362174
0.7052631579	0.444985924	0.5929210365	1.332448971	1.530750336	1.495735752
0.7082706767	0.4456438686	0.5937590468	1.332362204	1.533013664	1.497849763
0.7112781955	0.4463018132	0.5945970572	1.332275692	1.535276992	1.499963775
0.7142857143	0.4469597579	0.5954350675	1.332189436	1.537540319	1.502077787
0.7172932331	0.4476177025	0.5962730779	1.332103432	1.539803647	1.504191798
0.7203007519	0.4482756471	0.5971110882	1.332017682	1.542066975	1.50630581
0.7233082707	0.4489335917	0.5979490985	1.331932182	1.544330302	1.508419822
0.7263157895	0.4495915363	0.5987871089	1.331846933	1.54659363	1.510533834
0.7293233083	0.450249481	0.5996251192	1.331761933	1.548856958	1.512647845
0.7323308271	0.4509074256	0.6004631296	1.331677181	1.551120285	1.514761857
0.7353383459	0.4515653702	0.6013011399	1.331592676	1.553383613	1.516875869
0.7383458647	0.4522233148	0.6021391503	1.331508417	1.555646941	1.518989881
0.7413533835	0.4528812595	0.6029771606	1.331424403	1.557910268	1.521103892
0.7443609023	0.4535392041	0.6038151709	1.331340633	1.560173596	1.523217904
0.7473684211	0.4541971487	0.6046531813	1.331257105	1.562436924	1.525331916
0.7503759398	0.4548550933	0.6054911916	1.331173819	1.564700251	1.527445928
0.7533834586	0.4555130379	0.606329202	1.331090773	1.566963579	1.529559939
0.7563909774	0.4561709826	0.6071672123	1.331007967	1.569226907	1.531673951
0.7593984962	0.4568289272	0.6080052226	1.3309254	1.571490234	1.533787963
0.762406015	0.4574868718	0.608843233	1.33084307	1.573753562	1.535901974
0.7654135338	0.4581448164	0.6096812433	1.330760977	1.57601689	1.538015986
0.7684210526	0.458802761	0.6105192537	1.330679119	1.578280217	1.540129998
0.7714285714	0.4594607057	0.611357264	1.330597495	1.580543545	1.54224401
0.7744360902	0.4601186503	0.6121952744	1.330516105	1.582806873	1.544358021
0.777443609	0.4607765949	0.6130332847	1.330434947	1.5850702	1.546472033
0.7804511278	0.4614345395	0.613871295	1.330354021	1.587333528	1.548586045
0.7834586466	0.4620924841	0.6147093054	1.330273325	1.589596856	1.550700057
0.7864661654	0.4627504288	0.6155473157	1.330192859	1.591860183	1.552814068
0.7894736842	0.4634083734	0.6163853261	1.330112621	1.594123511	1.55492808
0.792481203	0.464066318	0.6172233364	1.330032611	1.596386839	1.557042092
0.7954887218	0.4647242626	0.6180613467	1.329952827	1.598650166	1.559156104
0.7984962406	0.4653822073	0.6188993571	1.329873269	1.600913494	1.561270115
0.8015037594	0.4660401519	0.6197373674	1.329793935	1.603176822	1.563384127
0.8045112782	0.4666980965	0.6205753778	1.329714825	1.605440149	1.565498139
0.807518797	0.4673560411	0.6214133881	1.329635938	1.607703477	1.56761215
0.8105263158	0.4680139857	0.6222513985	1.329557273	1.609966805	1.569726162
0.8135338346	0.4686719304	0.6230894088	1.329478828	1.612230132	1.571840174
0.8165413534	0.469329875	0.6239274191	1.329400604	1.61449346	1.573954186
0.8195488722	0.4699878196	0.6247654295	1.329322598	1.616756788	1.576068197
0.822556391	0.4706457642	0.6256034398	1.329244811	1.619020115	1.578182209
0.8255639098	0.4713037088	0.6264414502	1.329167241	1.621283443	1.580296221
0.8285714286	0.4719616535	0.6272794605	1.329089887	1.623546771	1.582410233
0.8315789474	0.4726195981	0.6281174708	1.329012748	1.625810098	1.584524244
0.8345864662	0.4732775427	0.6289554812	1.328935824	1.628073426	1.586638256
0.837593985	0.4739354873	0.6297934915	1.328859113	1.630336754	1.588752268
0.8406015038	0.474593432	0.6306315019	1.328782616	1.632600081	1.59086628
0.8436090226	0.4752513766	0.6314695122	1.32870633	1.634863409	1.592980291
0.8466165414	0.4759093212	0.6323075226	1.328630255	1.637126736	1.595094303
0.8496240602	0.4765672658	0.6331455329	1.328554389	1.639390064	1.597208315
0.8526315789	0.4772252104	0.6339835432	1.328478734	1.641653392	1.599322326
0.8556390977	0.4778831551	0.6348215536	1.328403286	1.643916719	1.601436338
0.8586466165	0.4785410997	0.6356595639	1.328328046	1.646180047	1.60355035
0.8616541353	0.4791990443	0.6364975743	1.328253013	1.648443375	1.605664362
0.8646616541	0.4798569889	0.6373355846	1.328178185	1.650706702	1.607778373
0.8676691729	0.4805149335	0.6381735949	1.328103562	1.65297003	1.609892385
0.8706766917	0.4811728782	0.6390116053	1.328029144	1.655233358	1.612006397
0.8736842105	0.4818308228	0.6398496156	1.327954928	1.657496685	1.614120409
0.8766917293	0.4824887674	0.640687626	1.327880915	1.659760013	1.61623442
0.8796992481	0.483146712	0.6415256363	1.327807104	1.662023341	1.618348432
0.8827067669	0.4838046567	0.6423636467	1.327733493	1.664286668	1.620462444
0.8857142857	0.4844626013	0.643201657	1.327660082	1.666549996	1.622576456
0.8887218045	0.4851205459	0.6440396673	1.32758687	1.668813324	1.624690467
0.8917293233	0.4857784905	0.6448776777	1.327513857	1.671076651	1.626804479
0.8947368421	0.4864364351	0.645715688	1.327441041	1.673339979	1.628918491
0.8977443609	0.4870943798	0.6465536984	1.327368422	1.675603307	1.631032502
0.9007518797	0.4877523244	0.6473917087	1.327295999	1.677866634	1.633146514
0.9037593985	0.488410269	0.648229719	1.327223771	1.680129962	1.635260526
0.9067669173	0.4890682136	0.6490677294	1.327151737	1.68239329	1.637374538
0.9097744361	0.4897261582	0.6499057397	1.327079897	1.684656617	1.639488549
0.9127819549	0.4903841029	0.6507437501	1.32700825	1.686919945	1.641602561
0.9157894737	0.4910420475	0.6515817604	1.326936794	1.689183273	1.643716573
0.9187969925	0.4916999921	0.6524197708	1.32686553	1.6914466	1.645830585
0.9218045113	0.4923579367	0.6532577811	1.326794457	1.693709928	1.647944596
0.9248120301	0.4930158814	0.6540957914	1.326723573	1.695973256	1.650058608
0.9278195489	0.493673826	0.6549338018	1.326652878	1.698236583	1.65217262
0.9308270677	0.4943317706	0.6557718121	1.326582371	1.700499911	1.654286632
0.9338345865	0.4949897152	0.6566098225	1.326512051	1.702763239	1.656400643
0.9368421053	0.4956476598	0.6574478328	1.326441918	1.705026566	1.658514655
0.9398496241	0.4963056045	0.6582858431	1.326371972	1.707289894	1.660628667
0.9428571429	0.4969635491	0.6591238535	1.32630221	1.709553222	1.662742678
0.9458646617	0.4976214937	0.6599618638	1.326232633	1.711816549	1.66485669
0.9488721805	0.4982794383	0.6607998742	1.32616324	1.714079877	1.666970702
0.9518796992	0.4989373829	0.6616378845	1.326094029	1.716343205	1.669084714
0.954887218	0.4995953276	0.6624758949	1.326025001	1.718606532	1.671198725
0.9578947368	0.5002532722	0.6633139052	1.325956155	1.72086986	1.673312737
0.9609022556	0.5009112168	0.6641519155	1.325887489	1.723133188	1.675426749
0.9639097744	0.5015691614	0.6649899259	1.325819004	1.725396515	1.677540761
0.9669172932	0.502227106	0.6658279362	1.325750698	1.727659843	1.679654772
0.969924812	0.5028850507	0.6666659466	1.32568257	1.729923171	1.681768784
0.9729323308	0.5035429953	0.6675039569	1.325614621	1.732186498	1.683882796
0.9759398496	0.5042009399	0.6683419672	1.325546849	1.734449826	1.685996808
0.9789473684	0.5048588845	0.6691799776	1.325479254	1.736713154	1.688110819
0.9819548872	0.5055168292	0.6700179879	1.325411835	1.738976481	1.690224831
0.984962406	0.5061747738	0.6708559983	1.32534459	1.741239809	1.692338843
0.9879699248	0.5068327184	0.6716940086	1.325277521	1.743503137	1.694452854
0.9909774436	0.507490663	0.672532019	1.325210625	1.745766464	1.696566866
0.9939849624	0.5081486076	0.6733700293	1.325143903	1.748029792	1.698680878
0.9969924812	0.5088065523	0.6742080396	1.325077353	1.75029312	1.70079489
1	0.5094644969	0.67504605	1.325010975	1.752556447	1.702908901
