# VHH-NNLO SMEFT scan points
# process: ZHH
# energy_tev: 14.0
# scan_axis: phi
# fixed_wcs: phi=0,phiB=0,phiBox=0,phiD=0,phiQ3rd=0,phiW=0,phiWB=0,phid=0,phiq1st=0,phiq3st=0,phiu=0,tphi=0
#
phi	sigma_lo	sigma_nnlo	k	sigma_smeft_over_sm_lo	sigma_smeft_over_sm_nnlo
-15	1.402997406	1.75426645	1.250370416	4.592326765	4.204079718
-14.94987469	1.399329943	1.74979865	1.250454661	4.580322332	4.193372685
-14.89974937	1.39566248	1.745330849	1.250539349	4.568317898	4.182665652
-14.84962406	1.391995017	1.740863049	1.250624484	4.556313464	4.171958618
-14.79949875	1.388327553	1.736395249	1.250710068	4.544309031	4.161251585
-14.74937343	1.38466009	1.731927448	1.250796105	4.532304597	4.150544552
-14.69924812	1.380992627	1.727459648	1.2508826	4.520300164	4.139837518
-14.64912281	1.377325164	1.722991847	1.250969555	4.50829573	4.129130485
-14.59899749	1.373657701	1.718524047	1.251056974	4.496291296	4.118423452
-14.54887218	1.369990238	1.714056246	1.251144862	4.484286863	4.107716418
-14.49874687	1.366322774	1.709588446	1.251233221	4.472282429	4.097009385
-14.44862155	1.362655311	1.705120645	1.251322056	4.460277995	4.086302352
-14.39849624	1.358987848	1.700652845	1.25141137	4.448273562	4.075595318
-14.34837093	1.355320385	1.696185044	1.251501168	4.436269128	4.064888285
-14.29824561	1.351652922	1.691717244	1.251591453	4.424264695	4.054181252
-14.2481203	1.347985459	1.687249443	1.251682229	4.412260261	4.043474218
-14.19799499	1.344317995	1.682781643	1.251773501	4.400255827	4.032767185
-14.14786967	1.340650532	1.678313842	1.251865271	4.388251394	4.022060152
-14.09774436	1.336983069	1.673846042	1.251957546	4.37624696	4.011353119
-14.04761905	1.333315606	1.669378242	1.252050328	4.364242526	4.000646085
-13.99749373	1.329648143	1.664910441	1.252143622	4.352238093	3.989939052
-13.94736842	1.32598068	1.660442641	1.252237432	4.340233659	3.979232019
-13.89724311	1.322313216	1.65597484	1.252331762	4.328229225	3.968524985
-13.84711779	1.318645753	1.65150704	1.252426617	4.316224792	3.957817952
-13.79699248	1.31497829	1.647039239	1.252522001	4.304220358	3.947110919
-13.74686717	1.311310827	1.642571439	1.252617919	4.292215925	3.936403885
-13.69674185	1.307643364	1.638103638	1.252714374	4.280211491	3.925696852
-13.64661654	1.303975901	1.633635838	1.252811373	4.268207057	3.914989819
-13.59649123	1.300308437	1.629168037	1.252908918	4.256202624	3.904282785
-13.54636591	1.296640974	1.624700237	1.253007015	4.24419819	3.893575752
-13.4962406	1.292973511	1.620232436	1.253105669	4.232193756	3.882868719
-13.44611529	1.289306048	1.615764636	1.253204884	4.220189323	3.872161686
-13.39598997	1.285638585	1.611296835	1.253304665	4.208184889	3.861454652
-13.34586466	1.281971122	1.606829035	1.253405017	4.196180455	3.850747619
-13.29573935	1.278303658	1.602361235	1.253505944	4.184176022	3.840040586
-13.24561404	1.274636195	1.597893434	1.253607453	4.172171588	3.829333552
-13.19548872	1.270968732	1.593425634	1.253709547	4.160167155	3.818626519
-13.14536341	1.267301269	1.588957833	1.253812232	4.148162721	3.807919486
-13.0952381	1.263633806	1.584490033	1.253915514	4.136158287	3.797212452
-13.04511278	1.259966343	1.580022232	1.254019396	4.124153854	3.786505419
-12.99498747	1.256298879	1.575554432	1.254123885	4.11214942	3.775798386
-12.94486216	1.252631416	1.571086631	1.254228986	4.100144986	3.765091352
-12.89473684	1.248963953	1.566618831	1.254334704	4.088140553	3.754384319
-12.84461153	1.24529649	1.56215103	1.254441045	4.076136119	3.743677286
-12.79448622	1.241629027	1.55768323	1.254548014	4.064131685	3.732970252
-12.7443609	1.237961564	1.553215429	1.254655617	4.052127252	3.722263219
-12.69423559	1.2342941	1.548747629	1.254763859	4.040122818	3.711556186
-12.64411028	1.230626637	1.544279829	1.254872747	4.028118385	3.700849153
-12.59398496	1.226959174	1.539812028	1.254982285	4.016113951	3.690142119
-12.54385965	1.223291711	1.535344228	1.25509248	4.004109517	3.679435086
-12.49373434	1.219624248	1.530876427	1.255203338	3.992105084	3.668728053
-12.44360902	1.215956785	1.526408627	1.255314865	3.98010065	3.658021019
-12.39348371	1.212289321	1.521940826	1.255427066	3.968096216	3.647313986
-12.3433584	1.208621858	1.517473026	1.255539948	3.956091783	3.636606953
-12.29323308	1.204954395	1.513005225	1.255653518	3.944087349	3.625899919
-12.24310777	1.201286932	1.508537425	1.255767781	3.932082915	3.615192886
-12.19298246	1.197619469	1.504069624	1.255882744	3.920078482	3.604485853
-12.14285714	1.193952006	1.499601824	1.255998413	3.908074048	3.593778819
-12.09273183	1.190284542	1.495134023	1.256114794	3.896069615	3.583071786
-12.04260652	1.186617079	1.490666223	1.256231896	3.884065181	3.572364753
-11.9924812	1.182949616	1.486198422	1.256349723	3.872060747	3.56165772
-11.94235589	1.179282153	1.481730622	1.256468283	3.860056314	3.550950686
-11.89223058	1.17561469	1.477262822	1.256587583	3.84805188	3.540243653
-11.84210526	1.171947227	1.472795021	1.256707629	3.836047446	3.52953662
-11.79197995	1.168279764	1.468327221	1.25682843	3.824043013	3.518829586
-11.74185464	1.1646123	1.46385942	1.256949991	3.812038579	3.508122553
-11.69172932	1.160944837	1.45939162	1.25707232	3.800034145	3.49741552
-11.64160401	1.157277374	1.454923819	1.257195424	3.788029712	3.486708486
-11.5914787	1.153609911	1.450456019	1.257319311	3.776025278	3.476001453
-11.54135338	1.149942448	1.445988218	1.257443989	3.764020845	3.46529442
-11.49122807	1.146274985	1.441520418	1.257569464	3.752016411	3.454587386
-11.44110276	1.142607521	1.437052617	1.257695745	3.740011977	3.443880353
-11.39097744	1.138940058	1.432584817	1.257822839	3.728007544	3.43317332
-11.34085213	1.135272595	1.428117016	1.257950754	3.71600311	3.422466286
-11.29072682	1.131605132	1.423649216	1.258079498	3.703998676	3.411759253
-11.2406015	1.127937669	1.419181415	1.258209079	3.691994243	3.40105222
-11.19047619	1.124270206	1.414713615	1.258339506	3.679989809	3.390345187
-11.14035088	1.120602742	1.410245815	1.258470787	3.667985375	3.379638153
-11.09022556	1.116935279	1.405778014	1.258602929	3.655980942	3.36893112
-11.04010025	1.113267816	1.401310214	1.258735942	3.643976508	3.358224087
-10.98997494	1.109600353	1.396842413	1.258869835	3.631972075	3.347517053
-10.93984962	1.10593289	1.392374613	1.259004616	3.619967641	3.33681002
-10.88972431	1.102265427	1.387906812	1.259140293	3.607963207	3.326102987
-10.839599	1.098597963	1.383439012	1.259276876	3.595958774	3.315395953
-10.78947368	1.0949305	1.378971211	1.259414375	3.58395434	3.30468892
-10.73934837	1.091263037	1.374503411	1.259552797	3.571949906	3.293981887
-10.68922306	1.087595574	1.37003561	1.259692153	3.559945473	3.283274853
-10.63909774	1.083928111	1.36556781	1.259832452	3.547941039	3.27256782
-10.58897243	1.080260648	1.361100009	1.259973704	3.535936605	3.261860787
-10.53884712	1.076593184	1.356632209	1.260115918	3.523932172	3.251153754
-10.4887218	1.072925721	1.352164409	1.260259104	3.511927738	3.24044672
-10.43859649	1.069258258	1.347696608	1.260403273	3.499923305	3.229739687
-10.38847118	1.065590795	1.343228808	1.260548434	3.487918871	3.219032654
-10.33834586	1.061923332	1.338761007	1.260694597	3.475914437	3.20832562
-10.28822055	1.058255869	1.334293207	1.260841774	3.463910004	3.197618587
-10.23809524	1.054588405	1.329825406	1.260989974	3.45190557	3.186911554
-10.18796992	1.050920942	1.325357606	1.261139209	3.439901136	3.17620452
-10.13784461	1.047253479	1.320889805	1.261289489	3.427896703	3.165497487
-10.0877193	1.043586016	1.316422005	1.261440825	3.415892269	3.154790454
-10.03759398	1.039918553	1.311954204	1.261593228	3.403887835	3.14408342
-9.987468672	1.03625109	1.307486404	1.261746711	3.391883402	3.133376387
-9.937343358	1.032583626	1.303018603	1.261901283	3.379878968	3.122669354
-9.887218045	1.028916163	1.298550803	1.262056958	3.367874535	3.11196232
-9.837092732	1.0252487	1.294083002	1.262213746	3.355870101	3.101255287
-9.786967419	1.021581237	1.289615202	1.26237166	3.343865667	3.090548254
-9.736842105	1.017913774	1.285147402	1.262530712	3.331861234	3.079841221
-9.686716792	1.014246311	1.280679601	1.262690914	3.3198568	3.069134187
-9.636591479	1.010578847	1.276211801	1.262852279	3.307852366	3.058427154
-9.586466165	1.006911384	1.271744	1.263014819	3.295847933	3.047720121
-9.536340852	1.003243921	1.2672762	1.263178548	3.283843499	3.037013087
-9.486215539	0.9995764579	1.262808399	1.263343478	3.271839066	3.026306054
-9.436090226	0.9959089948	1.258340599	1.263509623	3.259834632	3.015599021
-9.385964912	0.9922415316	1.253872798	1.263676996	3.247830198	3.004891987
-9.335839599	0.9885740685	1.249404998	1.263845611	3.235825765	2.994184954
-9.285714286	0.9849066053	1.244937197	1.264015482	3.223821331	2.983477921
-9.235588972	0.9812391421	1.240469397	1.264186622	3.211816897	2.972770887
-9.185463659	0.977571679	1.236001596	1.264359047	3.199812464	2.962063854
-9.135338346	0.9739042158	1.231533796	1.26453277	3.18780803	2.951356821
-9.085213033	0.9702367526	1.227065996	1.264707807	3.175803596	2.940649788
-9.035087719	0.9665692895	1.222598195	1.264884172	3.163799163	2.929942754
-8.984962406	0.9629018263	1.218130395	1.26506188	3.151794729	2.919235721
-8.934837093	0.9592343631	1.213662594	1.265240947	3.139790296	2.908528688
-8.884711779	0.9555669	1.209194794	1.265421389	3.127785862	2.897821654
-8.834586466	0.9518994368	1.204726993	1.265603221	3.115781428	2.887114621
-8.784461153	0.9482319736	1.200259193	1.26578646	3.103776995	2.876407588
-8.73433584	0.9445645105	1.195791392	1.265971121	3.091772561	2.865700554
-8.684210526	0.9408970473	1.191323592	1.266157222	3.079768127	2.854993521
-8.634085213	0.9372295841	1.186855791	1.26634478	3.067763694	2.844286488
-8.5839599	0.933562121	1.182387991	1.266533811	3.05575926	2.833579454
-8.533834586	0.9298946578	1.17792019	1.266724333	3.043754826	2.822872421
-8.483709273	0.9262271947	1.17345239	1.266916364	3.031750393	2.812165388
-8.43358396	0.9225597315	1.168984589	1.267109922	3.019745959	2.801458354
-8.383458647	0.9188922683	1.164516789	1.267305025	3.007741526	2.790751321
-8.333333333	0.9152248052	1.160048989	1.267501691	2.995737092	2.780044288
-8.28320802	0.911557342	1.155581188	1.26769994	2.983732658	2.769337255
-8.233082707	0.9078898788	1.151113388	1.267899791	2.971728225	2.758630221
-8.182957393	0.9042224157	1.146645587	1.268101263	2.959723791	2.747923188
-8.13283208	0.9005549525	1.142177787	1.268304376	2.947719357	2.737216155
-8.082706767	0.8968874893	1.137709986	1.268509149	2.935714924	2.726509121
-8.032581454	0.8932200262	1.133242186	1.268715605	2.92371049	2.715802088
-7.98245614	0.889552563	1.128774385	1.268923763	2.911706056	2.705095055
-7.932330827	0.8858850998	1.124306585	1.269133644	2.899701623	2.694388021
-7.882205514	0.8822176367	1.119838784	1.26934527	2.887697189	2.683680988
-7.832080201	0.8785501735	1.115370984	1.269558663	2.875692756	2.672973955
-7.781954887	0.8748827104	1.110903183	1.269773845	2.863688322	2.662266921
-7.731829574	0.8712152472	1.106435383	1.269990839	2.851683888	2.651559888
-7.681704261	0.867547784	1.101967582	1.270209668	2.839679455	2.640852855
-7.631578947	0.8638803209	1.097499782	1.270430354	2.827675021	2.630145822
-7.581453634	0.8602128577	1.093031982	1.270652922	2.815670587	2.619438788
-7.531328321	0.8565453945	1.088564181	1.270877397	2.803666154	2.608731755
-7.481203008	0.8528779314	1.084096381	1.271103801	2.79166172	2.598024722
-7.431077694	0.8492104682	1.07962858	1.271332162	2.779657286	2.587317688
-7.380952381	0.845543005	1.07516078	1.271562503	2.767652853	2.576610655
-7.330827068	0.8418755419	1.070692979	1.271794851	2.755648419	2.565903622
-7.280701754	0.8382080787	1.066225179	1.272029232	2.743643986	2.555196588
-7.230576441	0.8345406155	1.061757378	1.272265674	2.731639552	2.544489555
-7.180451128	0.8308731524	1.057289578	1.272504202	2.719635118	2.533782522
-7.130325815	0.8272056892	1.052821777	1.272744846	2.707630685	2.523075488
-7.080200501	0.823538226	1.048353977	1.272987633	2.695626251	2.512368455
-7.030075188	0.8198707629	1.043886176	1.273232592	2.683621817	2.501661422
-6.979949875	0.8162032997	1.039418376	1.273479752	2.671617384	2.490954388
-6.929824561	0.8125358366	1.034950576	1.273729144	2.65961295	2.480247355
-6.879699248	0.8088683734	1.030482775	1.273980797	2.647608516	2.469540322
-6.829573935	0.8052009102	1.026014975	1.274234743	2.635604083	2.458833289
-6.779448622	0.8015334471	1.021547174	1.274491012	2.623599649	2.448126255
-6.729323308	0.7978659839	1.017079374	1.274749637	2.611595216	2.437419222
-6.679197995	0.7941985207	1.012611573	1.275010651	2.599590782	2.426712189
-6.629072682	0.7905310576	1.008143773	1.275274087	2.587586348	2.416005155
-6.578947368	0.7868635944	1.003675972	1.275539978	2.575581915	2.405298122
-6.528822055	0.7831961312	0.9992081718	1.27580836	2.563577481	2.394591089
-6.478696742	0.7795286681	0.9947403713	1.276079267	2.551573047	2.383884055
-6.428571429	0.7758612049	0.9902725709	1.276352735	2.539568614	2.373177022
-6.378446115	0.7721937417	0.9858047704	1.276628801	2.52756418	2.362469989
-6.328320802	0.7685262786	0.9813369699	1.276907501	2.515559746	2.351762955
-6.278195489	0.7648588154	0.9768691695	1.277188874	2.503555313	2.341055922
-6.228070175	0.7611913523	0.972401369	1.277472959	2.491550879	2.330348889
-6.177944862	0.7575238891	0.9679335685	1.277759794	2.479546446	2.319641856
-6.127819549	0.7538564259	0.9634657681	1.27804942	2.467542012	2.308934822
-6.077694236	0.7501889628	0.9589979676	1.278341878	2.455537578	2.298227789
-6.027568922	0.7465214996	0.9545301671	1.27863721	2.443533145	2.287520756
-5.977443609	0.7428540364	0.9500623667	1.278935457	2.431528711	2.276813722
-5.927318296	0.7391865733	0.9455945662	1.279236664	2.419524277	2.266106689
-5.877192982	0.7355191101	0.9411267657	1.279540875	2.407519844	2.255399656
-5.827067669	0.7318516469	0.9366589653	1.279848135	2.39551541	2.244692622
-5.776942356	0.7281841838	0.9321911648	1.28015849	2.383510976	2.233985589
-5.726817043	0.7245167206	0.9277233643	1.280471986	2.371506543	2.223278556
-5.676691729	0.7208492574	0.9232555639	1.280788673	2.359502109	2.212571522
-5.626566416	0.7171817943	0.9187877634	1.281108599	2.347497676	2.201864489
-5.576441103	0.7135143311	0.914319963	1.281431813	2.335493242	2.191157456
-5.526315789	0.7098468679	0.9098521625	1.281758367	2.323488808	2.180450422
-5.476190476	0.7061794048	0.905384362	1.282088313	2.311484375	2.169743389
-5.426065163	0.7025119416	0.9009165616	1.282421704	2.299479941	2.159036356
-5.37593985	0.6988444785	0.8964487611	1.282758595	2.287475507	2.148329323
-5.325814536	0.6951770153	0.8919809606	1.28309904	2.275471074	2.137622289
-5.275689223	0.6915095521	0.8875131602	1.283443096	2.26346664	2.126915256
-5.22556391	0.687842089	0.8830453597	1.28379082	2.251462206	2.116208223
-5.175438596	0.6841746258	0.8785775592	1.284142273	2.239457773	2.105501189
-5.125313283	0.6805071626	0.8741097588	1.284497514	2.227453339	2.094794156
-5.07518797	0.6768396995	0.8696419583	1.284856605	2.215448906	2.084087123
-5.025062657	0.6731722363	0.8651741578	1.285219608	2.203444472	2.073380089
-4.974937343	0.6695047731	0.8607063574	1.285586589	2.191440038	2.062673056
-4.92481203	0.66583731	0.8562385569	1.285957612	2.179435605	2.051966023
-4.874686717	0.6621698468	0.8517707564	1.286332745	2.167431171	2.041258989
-4.824561404	0.6585023836	0.847302956	1.286712056	2.155426737	2.030551956
-4.77443609	0.6548349205	0.8428351555	1.287095616	2.143422304	2.019844923
-4.724310777	0.6511674573	0.838367355	1.287483497	2.13141787	2.00913789
-4.674185464	0.6474999942	0.8338995546	1.287875772	2.119413437	1.998430856
-4.62406015	0.643832531	0.8294317541	1.288272515	2.107409003	1.987723823
-4.573934837	0.6401650678	0.8249639537	1.288673805	2.095404569	1.97701679
-4.523809524	0.6364976047	0.8204961532	1.289079719	2.083400136	1.966309756
-4.473684211	0.6328301415	0.8160283527	1.289490337	2.071395702	1.955602723
-4.423558897	0.6291626783	0.8115605523	1.289905743	2.059391268	1.94489569
-4.373433584	0.6254952152	0.8070927518	1.29032602	2.047386835	1.934188656
-4.323308271	0.621827752	0.8026249513	1.290751255	2.035382401	1.923481623
-4.273182957	0.6181602888	0.7981571509	1.291181535	2.023377967	1.91277459
-4.223057644	0.6144928257	0.7936893504	1.291616952	2.011373534	1.902067556
-4.172932331	0.6108253625	0.7892215499	1.292057597	1.9993691	1.891360523
-4.122807018	0.6071578993	0.7847537495	1.292503565	1.987364667	1.88065349
-4.072681704	0.6034904362	0.780285949	1.292954954	1.975360233	1.869946456
-4.022556391	0.599822973	0.7758181485	1.293411862	1.963355799	1.859239423
-3.972431078	0.5961555098	0.7713503481	1.293874392	1.951351366	1.84853239
-3.922305764	0.5924880467	0.7668825476	1.294342649	1.939346932	1.837825357
-3.872180451	0.5888205835	0.7624147471	1.294816738	1.927342498	1.827118323
-3.822055138	0.5851531204	0.7579469467	1.29529677	1.915338065	1.81641129
-3.771929825	0.5814856572	0.7534791462	1.295782857	1.903333631	1.805704257
-3.721804511	0.577818194	0.7490113458	1.296275115	1.891329197	1.794997223
-3.671679198	0.5741507309	0.7445435453	1.296773661	1.879324764	1.78429019
-3.621553885	0.5704832677	0.7400757448	1.297278617	1.86732033	1.773583157
-3.571428571	0.5668158045	0.7356079444	1.297790108	1.855315897	1.762876123
-3.521303258	0.5631483414	0.7311401439	1.298308261	1.843311463	1.75216909
-3.471177945	0.5594808782	0.7266723434	1.298833207	1.831307029	1.741462057
-3.421052632	0.555813415	0.722204543	1.299365081	1.819302596	1.730755023
-3.370927318	0.5521459519	0.7177367425	1.29990402	1.807298162	1.72004799
-3.320802005	0.5484784887	0.713268942	1.300450167	1.795293728	1.709340957
-3.270676692	0.5448110255	0.7088011416	1.301003666	1.783289295	1.698633924
-3.220551378	0.5411435624	0.7043333411	1.301564668	1.771284861	1.68792689
-3.170426065	0.5374760992	0.6998655406	1.302133326	1.759280427	1.677219857
-3.120300752	0.5338086361	0.6953977402	1.302709797	1.747275994	1.666512824
-3.070175439	0.5301411729	0.6909299397	1.303294245	1.73527156	1.65580579
-3.020050125	0.5264737097	0.6864621392	1.303886835	1.723267127	1.645098757
-2.969924812	0.5228062466	0.6819943388	1.30448774	1.711262693	1.634391724
-2.919799499	0.5191387834	0.6775265383	1.305097134	1.699258259	1.62368469
-2.869674185	0.5154713202	0.6730587378	1.3057152	1.687253826	1.612977657
-2.819548872	0.5118038571	0.6685909374	1.306342123	1.675249392	1.602270624
-2.769423559	0.5081363939	0.6641231369	1.306978097	1.663244958	1.59156359
-2.719298246	0.5044689307	0.6596553365	1.307623317	1.651240525	1.580856557
-2.669172932	0.5008014676	0.655187536	1.308277987	1.639236091	1.570149524
-2.619047619	0.4971340044	0.6507197355	1.308942317	1.627231657	1.55944249
-2.568922306	0.4934665412	0.6462519351	1.309616521	1.615227224	1.548735457
-2.518796992	0.4897990781	0.6417841346	1.310300822	1.60322279	1.538028424
-2.468671679	0.4861316149	0.6373163341	1.310995448	1.591218357	1.527321391
-2.418546366	0.4824641517	0.6328485337	1.311700634	1.579213923	1.516614357
-2.368421053	0.4787966886	0.6283807332	1.312416623	1.567209489	1.505907324
-2.318295739	0.4751292254	0.6239129327	1.313143666	1.555205056	1.495200291
-2.268170426	0.4714617623	0.6194451323	1.313882019	1.543200622	1.484493257
-2.218045113	0.4677942991	0.6149773318	1.31463195	1.531196188	1.473786224
-2.167919799	0.4641268359	0.6105095313	1.315393733	1.519191755	1.463079191
-2.117794486	0.4604593728	0.6060417309	1.316167651	1.507187321	1.452372157
-2.067669173	0.4567919096	0.6015739304	1.316953995	1.495182887	1.441665124
-2.01754386	0.4531244464	0.5971061299	1.317753069	1.483178454	1.430958091
-1.967418546	0.4494569833	0.5926383295	1.318565183	1.47117402	1.420251057
-1.917293233	0.4457895201	0.588170529	1.31939066	1.459169587	1.409544024
-1.86716792	0.4421220569	0.5837027285	1.320229831	1.447165153	1.398836991
-1.817042607	0.4384545938	0.5792349281	1.321083041	1.435160719	1.388129958
-1.766917293	0.4347871306	0.5747671276	1.321950645	1.423156286	1.377422924
-1.71679198	0.4311196674	0.5702993272	1.32283301	1.411151852	1.366715891
-1.666666667	0.4274522043	0.5658315267	1.323730515	1.399147418	1.356008858
-1.616541353	0.4237847411	0.5613637262	1.324643555	1.387142985	1.345301824
-1.56641604	0.420117278	0.5568959258	1.325572536	1.375138551	1.334594791
-1.516290727	0.4164498148	0.5524281253	1.32651788	1.363134117	1.323887758
-1.466165414	0.4127823516	0.5479603248	1.327480021	1.351129684	1.313180724
-1.4160401	0.4091148885	0.5434925244	1.328459412	1.33912525	1.302473691
-1.365914787	0.4054474253	0.5390247239	1.329456522	1.327120817	1.291766658
-1.315789474	0.4017799621	0.5345569234	1.330471835	1.315116383	1.281059624
-1.26566416	0.398112499	0.530089123	1.331505854	1.303111949	1.270352591
-1.215538847	0.3944450358	0.5256213225	1.332559102	1.291107516	1.259645558
-1.165413534	0.3907775726	0.521153522	1.333632118	1.279103082	1.248938524
-1.115288221	0.3871101095	0.5166857216	1.334725467	1.267098648	1.238231491
-1.065162907	0.3834426463	0.5122179211	1.33583973	1.255094215	1.227524458
-1.015037594	0.3797751831	0.5077501206	1.336975514	1.243089781	1.216817425
-0.9649122807	0.37610772	0.5032823202	1.338133448	1.231085347	1.206110391
-0.9147869674	0.3724402568	0.4988145197	1.339314187	1.219080914	1.195403358
-0.8646616541	0.3687727936	0.4943467192	1.340518411	1.20707648	1.184696325
-0.8145363409	0.3651053305	0.4898789188	1.341746827	1.195072047	1.173989291
-0.7644110276	0.3614378673	0.4854111183	1.343000173	1.183067613	1.163282258
-0.7142857143	0.3577704042	0.4809433179	1.344279214	1.171063179	1.152575225
-0.664160401	0.354102941	0.4764755174	1.34558475	1.159058746	1.141868191
-0.6140350877	0.3504354778	0.4720077169	1.346917612	1.147054312	1.131161158
-0.5639097744	0.3467680147	0.4675399165	1.348278667	1.135049878	1.120454125
-0.5137844612	0.3431005515	0.463072116	1.349668819	1.123045445	1.109747091
-0.4636591479	0.3394330883	0.4586043155	1.351089011	1.111041011	1.099040058
-0.4135338346	0.3357656252	0.4541365151	1.352540228	1.099036577	1.088333025
-0.3634085213	0.332098162	0.4496687146	1.354023497	1.087032144	1.077625992
-0.313283208	0.3284306988	0.4452009141	1.355539892	1.07502771	1.066918958
-0.2631578947	0.3247632357	0.4407331137	1.357090536	1.063023277	1.056211925
-0.2130325815	0.3210957725	0.4362653132	1.358676602	1.051018843	1.045504892
-0.1629072682	0.3174283093	0.4317975127	1.360299318	1.039014409	1.034797858
-0.1127819549	0.3137608462	0.4273297123	1.361959969	1.027009976	1.024090825
-0.0626566416	0.310093383	0.4228619118	1.3636599	1.015005542	1.013383792
-0.01253132832	0.3064259199	0.4183941113	1.365400523	1.003001108	1.002676758
0.03759398496	0.3027584567	0.4139263109	1.367183316	0.9909966748	0.991969725
0.08771929825	0.2990909935	0.4094585104	1.369009831	0.9789922411	0.9812626917
0.1378446115	0.2954235304	0.4049907099	1.370881695	0.9669878075	0.9705556584
0.1879699248	0.2917560672	0.4005229095	1.372800618	0.9549833739	0.9598486251
0.2380952381	0.288088604	0.396055109	1.374768399	0.9429789402	0.9491415918
0.2882205514	0.2844211409	0.3915873086	1.376786927	0.9309745066	0.9384345585
0.3383458647	0.2807536777	0.3871195081	1.378858191	0.918970073	0.9277275252
0.3884711779	0.2770862145	0.3826517076	1.380984284	0.9069656393	0.9170204918
0.4385964912	0.2734187514	0.3781839072	1.383167414	0.8949612057	0.9063134585
0.4887218045	0.2697512882	0.3737161067	1.385409905	0.8829567721	0.8956064252
0.5388471178	0.266083825	0.3692483062	1.387714214	0.8709523384	0.8848993919
0.5889724311	0.2624163619	0.3647805058	1.390082932	0.8589479048	0.8741923586
0.6390977444	0.2587488987	0.3603127053	1.392518798	0.8469434711	0.8634853253
0.6892230576	0.2550814355	0.3558449048	1.395024707	0.8349390375	0.852778292
0.7393483709	0.2514139724	0.3513771044	1.397603725	0.8229346039	0.8420712587
0.7894736842	0.2477465092	0.3469093039	1.400259099	0.8109301702	0.8313642254
0.8395989975	0.2440790461	0.3424415034	1.402994272	0.7989257366	0.820657192
0.8897243108	0.2404115829	0.337973703	1.405812893	0.786921303	0.8099501587
0.9398496241	0.2367441197	0.3335059025	1.408718843	0.7749168693	0.7992431254
0.9899749373	0.2330766566	0.329038102	1.411716243	0.7629124357	0.7885360921
1.040100251	0.2294091934	0.3245703016	1.41480948	0.7509080021	0.7778290588
1.090225564	0.2257417302	0.3201025011	1.418003223	0.7389035684	0.7671220255
1.140350877	0.2220742671	0.3156347006	1.421302454	0.7268991348	0.7564149922
1.19047619	0.2184068039	0.3111669002	1.424712484	0.7148947012	0.7457079589
1.240601504	0.2147393407	0.3066990997	1.428238993	0.7028902675	0.7350009256
1.290726817	0.2110718776	0.3022312993	1.43188805	0.6908858339	0.7242938923
1.34085213	0.2074044144	0.2977634988	1.435666158	0.6788814003	0.7135868589
1.390977444	0.2037369512	0.2932956983	1.439580285	0.6668769666	0.7028798256
1.441102757	0.2000694881	0.2888278979	1.443637911	0.654872533	0.6921727923
1.49122807	0.1964020249	0.2843600974	1.447847075	0.6428680993	0.681465759
1.541353383	0.1927345618	0.2798922969	1.452216429	0.6308636657	0.6707587257
1.591478697	0.1890670986	0.2754244965	1.456755292	0.6188592321	0.6600516924
1.64160401	0.1853996354	0.270956696	1.461473726	0.6068547984	0.6493446591
1.691729323	0.1817321723	0.2664888955	1.466382602	0.5948503648	0.6386376258
1.741854637	0.1780647091	0.2620210951	1.471493686	0.5828459312	0.6279305925
1.79197995	0.1743972459	0.2575532946	1.476819735	0.5708414975	0.6172235592
1.842105263	0.1707297828	0.2530854941	1.482374604	0.5588370639	0.6065165258
1.892230576	0.1670623196	0.2486176937	1.488173361	0.5468326303	0.5958094925
1.94235589	0.1633948564	0.2441498932	1.494232429	0.5348281966	0.5851024592
1.992481203	0.1597273933	0.2396820927	1.500569738	0.522823763	0.5743954259
2.042606516	0.1560599301	0.2352142923	1.507204906	0.5108193294	0.5636883926
2.09273183	0.1523924669	0.2307464918	1.514159436	0.4988148957	0.5529813593
2.142857143	0.1487250038	0.2262786914	1.521456955	0.4868104621	0.542274326
2.192982456	0.1450575406	0.2218108909	1.529123477	0.4748060284	0.5315672927
2.243107769	0.1413900774	0.2173430904	1.537187717	0.4628015948	0.5208602594
2.293233083	0.1377226143	0.21287529	1.545681449	0.4507971612	0.510153226
2.343358396	0.1340551511	0.2084074895	1.554639921	0.4387927275	0.4994461927
2.393483709	0.130387688	0.203939689	1.564102349	0.4267882939	0.4887391594
2.443609023	0.1267202248	0.1994718886	1.57411249	0.4147838603	0.4780321261
2.493734336	0.1230527616	0.1950040881	1.584719315	0.4027794266	0.4673250928
2.543859649	0.1193852985	0.1905362876	1.595977814	0.390774993	0.4566180595
2.593984962	0.1157178353	0.1860684872	1.607949947	0.3787705594	0.4459110262
2.644110276	0.1120503721	0.1816006867	1.620705788	0.3667661257	0.4352039929
2.694235589	0.108382909	0.1771328862	1.634324894	0.3547616921	0.4244969596
2.744360902	0.1047154458	0.1726650858	1.648897968	0.3427572585	0.4137899263
2.794486216	0.1010479826	0.1681972853	1.664528879	0.3307528248	0.4030828929
2.844611529	0.09738051948	0.1637294848	1.681337148	0.3187483912	0.3923758596
2.894736842	0.09371305631	0.1592616844	1.699461	0.3067439576	0.3816688263
2.944862155	0.09004559315	0.1547938839	1.719061183	0.2947395239	0.370961793
2.994987469	0.08637812998	0.1503260834	1.740325745	0.2827350903	0.3602547597
3.045112782	0.08271066682	0.145858283	1.763476086	0.2707306566	0.3495477264
3.095238095	0.07904320365	0.1413904825	1.788774695	0.258726223	0.3388406931
3.145363409	0.07537574049	0.1369226821	1.81653515	0.2467217894	0.3281336598
3.195488722	0.07170827732	0.1324548816	1.847135178	0.2347173557	0.3174266265
3.245614035	0.06804081416	0.1279870811	1.881033946	0.2227129221	0.3067195931
3.295739348	0.064373351	0.1235192807	1.918795258	0.2107084885	0.2960125598
3.345864662	0.06070588783	0.1190514802	1.961119167	0.1987040548	0.2853055265
3.395989975	0.05703842467	0.1145836797	2.008885771	0.1866996212	0.2745984932
3.446115288	0.0533709615	0.1101158793	2.063217078	0.1746951876	0.2638914599
3.496240602	0.04970349834	0.1056480788	2.125566255	0.1626907539	0.2531844266
3.546365915	0.04603603517	0.1011802783	2.197849531	0.1506863203	0.2424773933
3.596491228	0.04236857201	0.09671247787	2.282646624	0.1386818867	0.23177036
3.646616541	0.03870110884	0.0922446774	2.383515102	0.126677453	0.2210633267
3.696741855	0.03503364568	0.08777687694	2.505502218	0.1146730194	0.2103562934
3.746867168	0.03136618251	0.08330907647	2.656015804	0.1026685858	0.19964926
3.796992481	0.02769871935	0.07884127601	2.846387048	0.09066415212	0.1889422267
3.847117794	0.02403125619	0.07437347554	3.094864245	0.07865971848	0.1782351934
3.897243108	0.02036379302	0.06990567508	3.432841564	0.06665528484	0.1675281601
3.947368421	0.01669632986	0.06543787461	3.919296946	0.05465085121	0.1568211268
3.997493734	0.01302886669	0.06097007415	4.67961455	0.04264641757	0.1461140935
4.047619048	0.009361403528	0.05650227368	6.035662656	0.03064198394	0.1354070602
4.097744361	0.005693940363	0.05203447322	9.138570111	0.0186375503	0.1247000269
4.147869674	0.002026477199	0.04756667275	23.47259213	0.006633116668	0.1139929936
4.197994987	-0.001640985966	0.04309887229	-26.26401029	-0.005371316968	0.1032859602
4.248120301	-0.00530844913	0.03863107182	-7.277280214	-0.0173757506	0.09257892694
4.298245614	-0.008975912295	0.03416327136	-3.806105746	-0.02938018424	0.08187189363
4.348370927	-0.01264337546	0.02969547089	-2.348698019	-0.04138461787	0.07116486032
4.398496241	-0.01631083862	0.02522767043	-1.546681382	-0.05338905151	0.06045782701
4.448621554	-0.01997830179	0.02075986996	-1.039120851	-0.06539348515	0.0497507937
4.498746867	-0.02364576495	0.0162920695	-0.6890058127	-0.07739791878	0.03904376039
4.54887218	-0.02731322812	0.01182426903	-0.432913641	-0.08940235242	0.02833672708
4.598997494	-0.03098069128	0.007356468568	-0.2374533383	-0.1014067861	0.01762969377
4.649122807	-0.03464815445	0.002888668103	-0.0833714854	-0.1134112197	0.006922660455
4.69924812	-0.03831561761	-0.001579132362	0.04121380421	-0.1254156533	-0.003784372856
4.749373434	-0.04198308078	-0.006046932827	0.144032613	-0.137420087	-0.01449140617
4.799498747	-0.04565054394	-0.01051473329	0.230330953	-0.1494245206	-0.02519843948
4.84962406	-0.0493180071	-0.01498253376	0.3037943874	-0.1614289542	-0.03590547279
4.899749373	-0.05298547027	-0.01945033422	0.3670880738	-0.1734333879	-0.0466125061
4.949874687	-0.05665293343	-0.02391813469	0.4221870473	-0.1854378215	-0.05731953941
5	-0.0603203966	-0.02838593515	0.4705860166	-0.1974422551	-0.06802657272
