# VHH-NNLO SMEFT scan points
# process: ZHH
# energy_tev: 13.6
# scan_axis: phiD
# fixed_wcs: phi=0,phiB=0,phiBox=0,phiD=0,phiQ3rd=0,phiW=0,phiWB=0,phid=0,phiq1st=0,phiq3st=0,phiu=0,tphi=0
#
phiD	sigma_lo	sigma_nnlo	k	sigma_smeft_over_sm_lo	sigma_smeft_over_sm_nnlo
-0.2	0.2880020025	0.3928023171	1.363887451	0.9907260847	0.9909050832
-0.1969924812	0.2880425425	0.3928565321	1.363883712	0.9908655421	0.9910418489
-0.1939849624	0.2880830824	0.392910747	1.363879974	0.9910049994	0.9911786145
-0.1909774436	0.2881236224	0.392964962	1.363876237	0.9911444568	0.9913153802
-0.1879699248	0.2881641624	0.3930191769	1.363872501	0.9912839142	0.9914521459
-0.184962406	0.2882047023	0.3930733919	1.363868767	0.9914233716	0.9915889115
-0.1819548872	0.2882452423	0.3931276068	1.363865033	0.9915628289	0.9917256772
-0.1789473684	0.2882857823	0.3931818218	1.3638613	0.9917022863	0.9918624429
-0.1759398496	0.2883263222	0.3932360367	1.363857568	0.9918417437	0.9919992085
-0.1729323308	0.2883668622	0.3932902517	1.363853838	0.9919812011	0.9921359742
-0.169924812	0.2884074022	0.3933444666	1.363850108	0.9921206584	0.9922727399
-0.1669172932	0.2884479421	0.3933986816	1.36384638	0.9922601158	0.9924095055
-0.1639097744	0.2884884821	0.3934528965	1.363842652	0.9923995732	0.9925462712
-0.1609022556	0.2885290221	0.3935071115	1.363838926	0.9925390305	0.9926830369
-0.1578947368	0.288569562	0.3935613264	1.3638352	0.9926784879	0.9928198025
-0.154887218	0.288610102	0.3936155414	1.363831476	0.9928179453	0.9929565682
-0.1518796992	0.288650642	0.3936697563	1.363827753	0.9929574027	0.9930933339
-0.1488721805	0.2886911819	0.3937239713	1.36382403	0.99309686	0.9932300995
-0.1458646617	0.2887317219	0.3937781862	1.363820309	0.9932363174	0.9933668652
-0.1428571429	0.2887722619	0.3938324012	1.363816589	0.9933757748	0.9935036309
-0.1398496241	0.2888128018	0.3938866161	1.36381287	0.9935152322	0.9936403965
-0.1368421053	0.2888533418	0.3939408311	1.363809152	0.9936546895	0.9937771622
-0.1338345865	0.2888938818	0.393995046	1.363805435	0.9937941469	0.9939139279
-0.1308270677	0.2889344217	0.394049261	1.363801719	0.9939336043	0.9940506935
-0.1278195489	0.2889749617	0.3941034759	1.363798004	0.9940730616	0.9941874592
-0.1248120301	0.2890155017	0.3941576909	1.36379429	0.994212519	0.9943242249
-0.1218045113	0.2890560416	0.3942119059	1.363790577	0.9943519764	0.9944609905
-0.1187969925	0.2890965816	0.3942661208	1.363786865	0.9944914338	0.9945977562
-0.1157894737	0.2891371216	0.3943203358	1.363783155	0.9946308911	0.9947345219
-0.1127819549	0.2891776615	0.3943745507	1.363779445	0.9947703485	0.9948712875
-0.1097744361	0.2892182015	0.3944287657	1.363775736	0.9949098059	0.9950080532
-0.1067669173	0.2892587415	0.3944829806	1.363772028	0.9950492633	0.9951448189
-0.1037593985	0.2892992814	0.3945371956	1.363768322	0.9951887206	0.9952815845
-0.1007518797	0.2893398214	0.3945914105	1.363764616	0.995328178	0.9954183502
-0.0977443609	0.2893803614	0.3946456255	1.363760912	0.9954676354	0.9955551159
-0.09473684211	0.2894209013	0.3946998404	1.363757208	0.9956070927	0.9956918815
-0.09172932331	0.2894614413	0.3947540554	1.363753506	0.9957465501	0.9958286472
-0.08872180451	0.2895019813	0.3948082703	1.363749804	0.9958860075	0.9959654128
-0.08571428571	0.2895425212	0.3948624853	1.363746104	0.9960254649	0.9961021785
-0.08270676692	0.2895830612	0.3949167002	1.363742405	0.9961649222	0.9962389442
-0.07969924812	0.2896236012	0.3949709152	1.363738706	0.9963043796	0.9963757098
-0.07669172932	0.2896641411	0.3950251301	1.363735009	0.996443837	0.9965124755
-0.07368421053	0.2897046811	0.3950793451	1.363731313	0.9965832944	0.9966492412
-0.07067669173	0.2897452211	0.39513356	1.363727617	0.9967227517	0.9967860068
-0.06766917293	0.289785761	0.395187775	1.363723923	0.9968622091	0.9969227725
-0.06466165414	0.289826301	0.3952419899	1.36372023	0.9970016665	0.9970595382
-0.06165413534	0.289866841	0.3952962049	1.363716538	0.9971411239	0.9971963038
-0.05864661654	0.2899073809	0.3953504198	1.363712847	0.9972805812	0.9973330695
-0.05563909774	0.2899479209	0.3954046348	1.363709157	0.9974200386	0.9974698352
-0.05263157895	0.2899884609	0.3954588497	1.363705468	0.997559496	0.9976066008
-0.04962406015	0.2900290008	0.3955130647	1.36370178	0.9976989533	0.9977433665
-0.04661654135	0.2900695408	0.3955672796	1.363698093	0.9978384107	0.9978801322
-0.04360902256	0.2901100808	0.3956214946	1.363694407	0.9979778681	0.9980168978
-0.04060150376	0.2901506207	0.3956757095	1.363690722	0.9981173255	0.9981536635
-0.03759398496	0.2901911607	0.3957299245	1.363687038	0.9982567828	0.9982904292
-0.03458646617	0.2902317007	0.3957841394	1.363683355	0.9983962402	0.9984271948
-0.03157894737	0.2902722406	0.3958383544	1.363679674	0.9985356976	0.9985639605
-0.02857142857	0.2903127806	0.3958925693	1.363675993	0.998675155	0.9987007262
-0.02556390977	0.2903533206	0.3959467843	1.363672313	0.9988146123	0.9988374918
-0.02255639098	0.2903938606	0.3960009992	1.363668634	0.9989540697	0.9989742575
-0.01954887218	0.2904344005	0.3960552142	1.363664957	0.9990935271	0.9991110232
-0.01654135338	0.2904749405	0.3961094291	1.36366128	0.9992329844	0.9992477888
-0.01353383459	0.2905154805	0.3961636441	1.363657604	0.9993724418	0.9993845545
-0.01052631579	0.2905560204	0.396217859	1.36365393	0.9995118992	0.9995213202
-0.007518796992	0.2905965604	0.396272074	1.363650256	0.9996513566	0.9996580858
-0.004511278195	0.2906371004	0.3963262889	1.363646584	0.9997908139	0.9997948515
-0.001503759398	0.2906776403	0.3963805039	1.363642912	0.9999302713	0.9999316172
0.001503759398	0.2907181803	0.3964347188	1.363639241	1.000069729	1.000068383
0.004511278195	0.2907587203	0.3964889338	1.363635572	1.000209186	1.000205148
0.007518796992	0.2907992602	0.3965431487	1.363631903	1.000348643	1.000341914
0.01052631579	0.2908398002	0.3965973637	1.363628236	1.000488101	1.00047868
0.01353383459	0.2908803402	0.3966515786	1.36362457	1.000627558	1.000615445
0.01654135338	0.2909208801	0.3967057936	1.363620904	1.000767016	1.000752211
0.01954887218	0.2909614201	0.3967600085	1.36361724	1.000906473	1.000888977
0.02255639098	0.2910019601	0.3968142235	1.363613576	1.00104593	1.001025742
0.02556390977	0.2910425	0.3968684385	1.363609914	1.001185388	1.001162508
0.02857142857	0.29108304	0.3969226534	1.363606253	1.001324845	1.001299274
0.03157894737	0.29112358	0.3969768684	1.363602592	1.001464302	1.001436039
0.03458646617	0.2911641199	0.3970310833	1.363598933	1.00160376	1.001572805
0.03759398496	0.2912046599	0.3970852983	1.363595275	1.001743217	1.001709571
0.04060150376	0.2912451999	0.3971395132	1.363591618	1.001882675	1.001846336
0.04360902256	0.2912857398	0.3971937282	1.363587961	1.002022132	1.001983102
0.04661654135	0.2913262798	0.3972479431	1.363584306	1.002161589	1.002119868
0.04962406015	0.2913668198	0.3973021581	1.363580652	1.002301047	1.002256633
0.05263157895	0.2914073597	0.397356373	1.363576999	1.002440504	1.002393399
0.05563909774	0.2914478997	0.397410588	1.363573347	1.002579961	1.002530165
0.05864661654	0.2914884397	0.3974648029	1.363569696	1.002719419	1.00266693
0.06165413534	0.2915289796	0.3975190179	1.363566045	1.002858876	1.002803696
0.06466165414	0.2915695196	0.3975732328	1.363562396	1.002998334	1.002940462
0.06766917293	0.2916100596	0.3976274478	1.363558748	1.003137791	1.003077227
0.07067669173	0.2916505995	0.3976816627	1.363555101	1.003277248	1.003213993
0.07368421053	0.2916911395	0.3977358777	1.363551455	1.003416706	1.003350759
0.07669172932	0.2917316795	0.3977900926	1.36354781	1.003556163	1.003487524
0.07969924812	0.2917722194	0.3978443076	1.363544166	1.00369562	1.00362429
0.08270676692	0.2918127594	0.3978985225	1.363540523	1.003835078	1.003761056
0.08571428571	0.2918532994	0.3979527375	1.363536881	1.003974535	1.003897821
0.08872180451	0.2918938393	0.3980069524	1.36353324	1.004113993	1.004034587
0.09172932331	0.2919343793	0.3980611674	1.3635296	1.00425345	1.004171353
0.09473684211	0.2919749193	0.3981153823	1.363525961	1.004392907	1.004308118
0.0977443609	0.2920154592	0.3981695973	1.363522323	1.004532365	1.004444884
0.1007518797	0.2920559992	0.3982238122	1.363518686	1.004671822	1.00458165
0.1037593985	0.2920965392	0.3982780272	1.36351505	1.004811279	1.004718415
0.1067669173	0.2921370791	0.3983322421	1.363511415	1.004950737	1.004855181
0.1097744361	0.2921776191	0.3983864571	1.363507781	1.005090194	1.004991947
0.1127819549	0.2922181591	0.398440672	1.363504148	1.005229651	1.005128712
0.1157894737	0.292258699	0.398494887	1.363500516	1.005369109	1.005265478
0.1187969925	0.292299239	0.3985491019	1.363496885	1.005508566	1.005402244
0.1218045113	0.292339779	0.3986033169	1.363493255	1.005648024	1.005539009
0.1248120301	0.2923803189	0.3986575318	1.363489626	1.005787481	1.005675775
0.1278195489	0.2924208589	0.3987117468	1.363485999	1.005926938	1.005812541
0.1308270677	0.2924613989	0.3987659617	1.363482372	1.006066396	1.005949306
0.1338345865	0.2925019388	0.3988201767	1.363478746	1.006205853	1.006086072
0.1368421053	0.2925424788	0.3988743916	1.363475121	1.00634531	1.006222838
0.1398496241	0.2925830188	0.3989286066	1.363471497	1.006484768	1.006359603
0.1428571429	0.2926235587	0.3989828215	1.363467874	1.006624225	1.006496369
0.1458646617	0.2926640987	0.3990370365	1.363464252	1.006763683	1.006633135
0.1488721805	0.2927046387	0.3990912514	1.363460631	1.00690314	1.0067699
0.1518796992	0.2927451786	0.3991454664	1.363457012	1.007042597	1.006906666
0.154887218	0.2927857186	0.3991996813	1.363453393	1.007182055	1.007043432
0.1578947368	0.2928262586	0.3992538963	1.363449775	1.007321512	1.007180197
0.1609022556	0.2928667985	0.3993081112	1.363446158	1.007460969	1.007316963
0.1639097744	0.2929073385	0.3993623262	1.363442542	1.007600427	1.007453729
0.1669172932	0.2929478785	0.3994165411	1.363438927	1.007739884	1.007590494
0.169924812	0.2929884184	0.3994707561	1.363435313	1.007879342	1.00772726
0.1729323308	0.2930289584	0.3995249711	1.363431701	1.008018799	1.007864026
0.1759398496	0.2930694984	0.399579186	1.363428089	1.008158256	1.008000791
0.1789473684	0.2931100383	0.399633401	1.363424478	1.008297714	1.008137557
0.1819548872	0.2931505783	0.3996876159	1.363420868	1.008437171	1.008274323
0.184962406	0.2931911183	0.3997418309	1.363417259	1.008576628	1.008411088
0.1879699248	0.2932316582	0.3997960458	1.363413651	1.008716086	1.008547854
0.1909774436	0.2932721982	0.3998502608	1.363410044	1.008855543	1.00868462
0.1939849624	0.2933127382	0.3999044757	1.363406438	1.008995001	1.008821385
0.1969924812	0.2933532781	0.3999586907	1.363402834	1.009134458	1.008958151
0.2	0.2933938181	0.4000129056	1.36339923	1.009273915	1.009094917
0.2030075188	0.2934343581	0.4000671206	1.363395627	1.009413373	1.009231682
0.2060150376	0.293474898	0.4001213355	1.363392025	1.00955283	1.009368448
0.2090225564	0.293515438	0.4001755505	1.363388424	1.009692287	1.009505214
0.2120300752	0.293555978	0.4002297654	1.363384824	1.009831745	1.009641979
0.215037594	0.2935965179	0.4002839804	1.363381225	1.009971202	1.009778745
0.2180451128	0.2936370579	0.4003381953	1.363377627	1.01011066	1.009915511
0.2210526316	0.2936775979	0.4003924103	1.36337403	1.010250117	1.010052276
0.2240601504	0.2937181378	0.4004466252	1.363370435	1.010389574	1.010189042
0.2270676692	0.2937586778	0.4005008402	1.36336684	1.010529032	1.010325808
0.230075188	0.2937992178	0.4005550551	1.363363246	1.010668489	1.010462573
0.2330827068	0.2938397577	0.4006092701	1.363359653	1.010807946	1.010599339
0.2360902256	0.2938802977	0.400663485	1.363356061	1.010947404	1.010736105
0.2390977444	0.2939208377	0.4007177	1.36335247	1.011086861	1.01087287
0.2421052632	0.2939613776	0.4007719149	1.36334888	1.011226319	1.011009636
0.245112782	0.2940019176	0.4008261299	1.363345291	1.011365776	1.011146402
0.2481203008	0.2940424576	0.4008803448	1.363341703	1.011505233	1.011283167
0.2511278195	0.2940829975	0.4009345598	1.363338116	1.011644691	1.011419933
0.2541353383	0.2941235375	0.4009887747	1.36333453	1.011784148	1.011556699
0.2571428571	0.2941640775	0.4010429897	1.363330945	1.011923605	1.011693464
0.2601503759	0.2942046174	0.4010972046	1.363327361	1.012063063	1.01183023
0.2631578947	0.2942451574	0.4011514196	1.363323778	1.01220252	1.011966996
0.2661654135	0.2942856974	0.4012056345	1.363320196	1.012341978	1.012103761
0.2691729323	0.2943262373	0.4012598495	1.363316615	1.012481435	1.012240527
0.2721804511	0.2943667773	0.4013140644	1.363313035	1.012620892	1.012377293
0.2751879699	0.2944073173	0.4013682794	1.363309455	1.01276035	1.012514058
0.2781954887	0.2944478572	0.4014224943	1.363305877	1.012899807	1.012650824
0.2812030075	0.2944883972	0.4014767093	1.3633023	1.013039264	1.01278759
0.2842105263	0.2945289372	0.4015309242	1.363298724	1.013178722	1.012924355
0.2872180451	0.2945694771	0.4015851392	1.363295149	1.013318179	1.013061121
0.2902255639	0.2946100171	0.4016393541	1.363291575	1.013457636	1.013197887
0.2932330827	0.2946505571	0.4016935691	1.363288001	1.013597094	1.013334652
0.2962406015	0.294691097	0.401747784	1.363284429	1.013736551	1.013471418
0.2992481203	0.294731637	0.401801999	1.363280858	1.013876009	1.013608184
0.3022556391	0.294772177	0.4018562139	1.363277288	1.014015466	1.013744949
0.3052631579	0.2948127169	0.4019104289	1.363273719	1.014154923	1.013881715
0.3082706767	0.2948532569	0.4019646438	1.36327015	1.014294381	1.014018481
0.3112781955	0.2948937969	0.4020188588	1.363266583	1.014433838	1.014155246
0.3142857143	0.2949343368	0.4020730737	1.363263017	1.014573295	1.014292012
0.3172932331	0.2949748768	0.4021272887	1.363259451	1.014712753	1.014428778
0.3203007519	0.2950154168	0.4021815037	1.363255887	1.01485221	1.014565543
0.3233082707	0.2950559567	0.4022357186	1.363252324	1.014991668	1.014702309
0.3263157895	0.2950964967	0.4022899336	1.363248761	1.015131125	1.014839075
0.3293233083	0.2951370367	0.4023441485	1.3632452	1.015270582	1.01497584
0.3323308271	0.2951775766	0.4023983635	1.363241639	1.01541004	1.015112606
0.3353383459	0.2952181166	0.4024525784	1.36323808	1.015549497	1.015249372
0.3383458647	0.2952586566	0.4025067934	1.363234521	1.015688954	1.015386137
0.3413533835	0.2952991965	0.4025610083	1.363230964	1.015828412	1.015522903
0.3443609023	0.2953397365	0.4026152233	1.363227407	1.015967869	1.015659669
0.3473684211	0.2953802765	0.4026694382	1.363223852	1.016107327	1.015796434
0.3503759398	0.2954208164	0.4027236532	1.363220297	1.016246784	1.0159332
0.3533834586	0.2954613564	0.4027778681	1.363216743	1.016386241	1.016069966
0.3563909774	0.2955018964	0.4028320831	1.363213191	1.016525699	1.016206731
0.3593984962	0.2955424363	0.402886298	1.363209639	1.016665156	1.016343497
0.362406015	0.2955829763	0.402940513	1.363206088	1.016804613	1.016480263
0.3654135338	0.2956235163	0.4029947279	1.363202539	1.016944071	1.016617028
0.3684210526	0.2956640562	0.4030489429	1.36319899	1.017083528	1.016753794
0.3714285714	0.2957045962	0.4031031578	1.363195442	1.017222986	1.01689056
0.3744360902	0.2957451362	0.4031573728	1.363191895	1.017362443	1.017027325
0.377443609	0.2957856761	0.4032115877	1.36318835	1.0175019	1.017164091
0.3804511278	0.2958262161	0.4032658027	1.363184805	1.017641358	1.017300857
0.3834586466	0.2958667561	0.4033200176	1.363181261	1.017780815	1.017437622
0.3864661654	0.2959072961	0.4033742326	1.363177718	1.017920272	1.017574388
0.3894736842	0.295947836	0.4034284475	1.363174176	1.01805973	1.017711154
0.392481203	0.295988376	0.4034826625	1.363170635	1.018199187	1.017847919
0.3954887218	0.296028916	0.4035368774	1.363167095	1.018338645	1.017984685
0.3984962406	0.2960694559	0.4035910924	1.363163556	1.018478102	1.018121451
0.4015037594	0.2961099959	0.4036453073	1.363160018	1.018617559	1.018258216
0.4045112782	0.2961505359	0.4036995223	1.363156481	1.018757017	1.018394982
0.407518797	0.2961910758	0.4037537372	1.363152945	1.018896474	1.018531748
0.4105263158	0.2962316158	0.4038079522	1.36314941	1.019035931	1.018668513
0.4135338346	0.2962721558	0.4038621671	1.363145875	1.019175389	1.018805279
0.4165413534	0.2963126957	0.4039163821	1.363142342	1.019314846	1.018942045
0.4195488722	0.2963532357	0.403970597	1.36313881	1.019454304	1.01907881
0.422556391	0.2963937757	0.404024812	1.363135279	1.019593761	1.019215576
0.4255639098	0.2964343156	0.4040790269	1.363131748	1.019733218	1.019352342
0.4285714286	0.2964748556	0.4041332419	1.363128219	1.019872676	1.019489107
0.4315789474	0.2965153956	0.4041874568	1.363124691	1.020012133	1.019625873
0.4345864662	0.2965559355	0.4042416718	1.363121163	1.02015159	1.019762639
0.437593985	0.2965964755	0.4042958867	1.363117637	1.020291048	1.019899404
0.4406015038	0.2966370155	0.4043501017	1.363114111	1.020430505	1.02003617
0.4436090226	0.2966775554	0.4044043166	1.363110587	1.020569963	1.020172936
0.4466165414	0.2967180954	0.4044585316	1.363107063	1.02070942	1.020309701
0.4496240602	0.2967586354	0.4045127465	1.363103541	1.020848877	1.020446467
0.4526315789	0.2967991753	0.4045669615	1.363100019	1.020988335	1.020583233
0.4556390977	0.2968397153	0.4046211764	1.363096498	1.021127792	1.020719998
0.4586466165	0.2968802553	0.4046753914	1.363092979	1.021267249	1.020856764
0.4616541353	0.2969207952	0.4047296064	1.36308946	1.021406707	1.02099353
0.4646616541	0.2969613352	0.4047838213	1.363085942	1.021546164	1.021130295
0.4676691729	0.2970018752	0.4048380363	1.363082425	1.021685622	1.021267061
0.4706766917	0.2970424151	0.4048922512	1.363078909	1.021825079	1.021403827
0.4736842105	0.2970829551	0.4049464662	1.363075394	1.021964536	1.021540592
0.4766917293	0.2971234951	0.4050006811	1.36307188	1.022103994	1.021677358
0.4796992481	0.297164035	0.4050548961	1.363068367	1.022243451	1.021814124
0.4827067669	0.297204575	0.405109111	1.363064855	1.022382908	1.021950889
0.4857142857	0.297245115	0.405163326	1.363061344	1.022522366	1.022087655
0.4887218045	0.2972856549	0.4052175409	1.363057834	1.022661823	1.022224421
0.4917293233	0.2973261949	0.4052717559	1.363054325	1.02280128	1.022361186
0.4947368421	0.2973667349	0.4053259708	1.363050817	1.022940738	1.022497952
0.4977443609	0.2974072748	0.4053801858	1.363047309	1.023080195	1.022634718
0.5007518797	0.2974478148	0.4054344007	1.363043803	1.023219653	1.022771483
0.5037593985	0.2974883548	0.4054886157	1.363040298	1.02335911	1.022908249
0.5067669173	0.2975288947	0.4055428306	1.363036793	1.023498567	1.023045015
0.5097744361	0.2975694347	0.4055970456	1.36303329	1.023638025	1.02318178
0.5127819549	0.2976099747	0.4056512605	1.363029787	1.023777482	1.023318546
0.5157894737	0.2976505146	0.4057054755	1.363026286	1.023916939	1.023455312
0.5187969925	0.2976910546	0.4057596904	1.363022785	1.024056397	1.023592077
0.5218045113	0.2977315946	0.4058139054	1.363019286	1.024195854	1.023728843
0.5248120301	0.2977721345	0.4058681203	1.363015787	1.024335312	1.023865609
0.5278195489	0.2978126745	0.4059223353	1.363012289	1.024474769	1.024002374
0.5308270677	0.2978532145	0.4059765502	1.363008793	1.024614226	1.02413914
0.5338345865	0.2978937544	0.4060307652	1.363005297	1.024753684	1.024275906
0.5368421053	0.2979342944	0.4060849801	1.363001802	1.024893141	1.024412671
0.5398496241	0.2979748344	0.4061391951	1.362998308	1.025032598	1.024549437
0.5428571429	0.2980153743	0.40619341	1.362994815	1.025172056	1.024686203
0.5458646617	0.2980559143	0.406247625	1.362991323	1.025311513	1.024822968
0.5488721805	0.2980964543	0.4063018399	1.362987832	1.025450971	1.024959734
0.5518796992	0.2981369942	0.4063560549	1.362984342	1.025590428	1.0250965
0.554887218	0.2981775342	0.4064102698	1.362980853	1.025729885	1.025233265
0.5578947368	0.2982180742	0.4064644848	1.362977365	1.025869343	1.025370031
0.5609022556	0.2982586141	0.4065186997	1.362973877	1.0260088	1.025506797
0.5639097744	0.2982991541	0.4065729147	1.362970391	1.026148257	1.025643562
0.5669172932	0.2983396941	0.4066271296	1.362966906	1.026287715	1.025780328
0.569924812	0.298380234	0.4066813446	1.362963421	1.026427172	1.025917094
0.5729323308	0.298420774	0.4067355595	1.362959938	1.02656663	1.026053859
0.5759398496	0.298461314	0.4067897745	1.362956455	1.026706087	1.026190625
0.5789473684	0.2985018539	0.4068439894	1.362952974	1.026845544	1.026327391
0.5819548872	0.2985423939	0.4068982044	1.362949493	1.026985002	1.026464156
0.584962406	0.2985829339	0.4069524193	1.362946013	1.027124459	1.026600922
0.5879699248	0.2986234738	0.4070066343	1.362942535	1.027263916	1.026737688
0.5909774436	0.2986640138	0.4070608492	1.362939057	1.027403374	1.026874453
0.5939849624	0.2987045538	0.4071150642	1.36293558	1.027542831	1.027011219
0.5969924812	0.2987450937	0.4071692791	1.362932104	1.027682289	1.027147985
0.6	0.2987856337	0.4072234941	1.362928629	1.027821746	1.02728475
0.6030075188	0.2988261737	0.407277709	1.362925155	1.027961203	1.027421516
0.6060150376	0.2988667136	0.407331924	1.362921682	1.028100661	1.027558282
0.6090225564	0.2989072536	0.407386139	1.36291821	1.028240118	1.027695047
0.6120300752	0.2989477936	0.4074403539	1.362914739	1.028379575	1.027831813
0.615037594	0.2989883335	0.4074945689	1.362911268	1.028519033	1.027968579
0.6180451128	0.2990288735	0.4075487838	1.362907799	1.02865849	1.028105344
0.6210526316	0.2990694135	0.4076029988	1.362904331	1.028797948	1.02824211
0.6240601504	0.2991099534	0.4076572137	1.362900863	1.028937405	1.028378876
0.6270676692	0.2991504934	0.4077114287	1.362897397	1.029076862	1.028515641
0.630075188	0.2991910334	0.4077656436	1.362893931	1.02921632	1.028652407
0.6330827068	0.2992315733	0.4078198586	1.362890466	1.029355777	1.028789173
0.6360902256	0.2992721133	0.4078740735	1.362887003	1.029495234	1.028925938
0.6390977444	0.2993126533	0.4079282885	1.36288354	1.029634692	1.029062704
0.6421052632	0.2993531932	0.4079825034	1.362880078	1.029774149	1.02919947
0.645112782	0.2993937332	0.4080367184	1.362876617	1.029913607	1.029336235
0.6481203008	0.2994342732	0.4080909333	1.362873157	1.030053064	1.029473001
0.6511278195	0.2994748131	0.4081451483	1.362869698	1.030192521	1.029609767
0.6541353383	0.2995153531	0.4081993632	1.36286624	1.030331979	1.029746532
0.6571428571	0.2995558931	0.4082535782	1.362862783	1.030471436	1.029883298
0.6601503759	0.299596433	0.4083077931	1.362859327	1.030610893	1.030020064
0.6631578947	0.299636973	0.4083620081	1.362855872	1.030750351	1.030156829
0.6661654135	0.299677513	0.408416223	1.362852417	1.030889808	1.030293595
0.6691729323	0.2997180529	0.408470438	1.362848964	1.031029265	1.030430361
0.6721804511	0.2997585929	0.4085246529	1.362845512	1.031168723	1.030567126
0.6751879699	0.2997991329	0.4085788679	1.36284206	1.03130818	1.030703892
0.6781954887	0.2998396728	0.4086330828	1.36283861	1.031447638	1.030840658
0.6812030075	0.2998802128	0.4086872978	1.36283516	1.031587095	1.030977423
0.6842105263	0.2999207528	0.4087415127	1.362831711	1.031726552	1.031114189
0.6872180451	0.2999612927	0.4087957277	1.362828263	1.03186601	1.031250955
0.6902255639	0.3000018327	0.4088499426	1.362824817	1.032005467	1.03138772
0.6932330827	0.3000423727	0.4089041576	1.362821371	1.032144924	1.031524486
0.6962406015	0.3000829126	0.4089583725	1.362817926	1.032284382	1.031661252
0.6992481203	0.3001234526	0.4090125875	1.362814482	1.032423839	1.031798017
0.7022556391	0.3001639926	0.4090668024	1.362811038	1.032563297	1.031934783
0.7052631579	0.3002045325	0.4091210174	1.362807596	1.032702754	1.032071549
0.7082706767	0.3002450725	0.4091752323	1.362804155	1.032842211	1.032208314
0.7112781955	0.3002856125	0.4092294473	1.362800715	1.032981669	1.03234508
0.7142857143	0.3003261524	0.4092836622	1.362797275	1.033121126	1.032481846
0.7172932331	0.3003666924	0.4093378772	1.362793837	1.033260583	1.032618611
0.7203007519	0.3004072324	0.4093920921	1.362790399	1.033400041	1.032755377
0.7233082707	0.3004477723	0.4094463071	1.362786963	1.033539498	1.032892143
0.7263157895	0.3004883123	0.409500522	1.362783527	1.033678956	1.033028908
0.7293233083	0.3005288523	0.409554737	1.362780092	1.033818413	1.033165674
0.7323308271	0.3005693922	0.4096089519	1.362776658	1.03395787	1.03330244
0.7353383459	0.3006099322	0.4096631669	1.362773225	1.034097328	1.033439205
0.7383458647	0.3006504722	0.4097173818	1.362769793	1.034236785	1.033575971
0.7413533835	0.3006910121	0.4097715968	1.362766362	1.034376242	1.033712737
0.7443609023	0.3007315521	0.4098258117	1.362762932	1.0345157	1.033849502
0.7473684211	0.3007720921	0.4098800267	1.362759503	1.034655157	1.033986268
0.7503759398	0.300812632	0.4099342416	1.362756075	1.034794615	1.034123034
0.7533834586	0.300853172	0.4099884566	1.362752647	1.034934072	1.034259799
0.7563909774	0.300893712	0.4100426716	1.362749221	1.035073529	1.034396565
0.7593984962	0.3009342519	0.4100968865	1.362745795	1.035212987	1.034533331
0.762406015	0.3009747919	0.4101511015	1.362742371	1.035352444	1.034670096
0.7654135338	0.3010153319	0.4102053164	1.362738947	1.035491901	1.034806862
0.7684210526	0.3010558718	0.4102595314	1.362735524	1.035631359	1.034943628
0.7714285714	0.3010964118	0.4103137463	1.362732102	1.035770816	1.035080393
0.7744360902	0.3011369518	0.4103679613	1.362728682	1.035910274	1.035217159
0.777443609	0.3011774917	0.4104221762	1.362725262	1.036049731	1.035353925
0.7804511278	0.3012180317	0.4104763912	1.362721842	1.036189188	1.03549069
0.7834586466	0.3012585717	0.4105306061	1.362718424	1.036328646	1.035627456
0.7864661654	0.3012991116	0.4105848211	1.362715007	1.036468103	1.035764222
0.7894736842	0.3013396516	0.410639036	1.362711591	1.03660756	1.035900987
0.792481203	0.3013801916	0.410693251	1.362708175	1.036747018	1.036037753
0.7954887218	0.3014207316	0.4107474659	1.362704761	1.036886475	1.036174519
0.7984962406	0.3014612715	0.4108016809	1.362701347	1.037025933	1.036311284
0.8015037594	0.3015018115	0.4108558958	1.362697935	1.03716539	1.03644805
0.8045112782	0.3015423515	0.4109101108	1.362694523	1.037304847	1.036584816
0.807518797	0.3015828914	0.4109643257	1.362691112	1.037444305	1.036721581
0.8105263158	0.3016234314	0.4110185407	1.362687702	1.037583762	1.036858347
0.8135338346	0.3016639714	0.4110727556	1.362684293	1.037723219	1.036995113
0.8165413534	0.3017045113	0.4111269706	1.362680885	1.037862677	1.037131878
0.8195488722	0.3017450513	0.4111811855	1.362677478	1.038002134	1.037268644
0.822556391	0.3017855913	0.4112354005	1.362674072	1.038141592	1.03740541
0.8255639098	0.3018261312	0.4112896154	1.362670667	1.038281049	1.037542175
0.8285714286	0.3018666712	0.4113438304	1.362667262	1.038420506	1.037678941
0.8315789474	0.3019072112	0.4113980453	1.362663859	1.038559964	1.037815707
0.8345864662	0.3019477511	0.4114522603	1.362660456	1.038699421	1.037952472
0.837593985	0.3019882911	0.4115064752	1.362657055	1.038838878	1.038089238
0.8406015038	0.3020288311	0.4115606902	1.362653654	1.038978336	1.038226004
0.8436090226	0.302069371	0.4116149051	1.362650254	1.039117793	1.038362769
0.8466165414	0.302109911	0.4116691201	1.362646855	1.039257251	1.038499535
0.8496240602	0.302150451	0.411723335	1.362643457	1.039396708	1.038636301
0.8526315789	0.3021909909	0.41177755	1.36264006	1.039536165	1.038773066
0.8556390977	0.3022315309	0.4118317649	1.362636664	1.039675623	1.038909832
0.8586466165	0.3022720709	0.4118859799	1.362633268	1.03981508	1.039046598
0.8616541353	0.3023126108	0.4119401948	1.362629874	1.039954537	1.039183363
0.8646616541	0.3023531508	0.4119944098	1.362626481	1.040093995	1.039320129
0.8676691729	0.3023936908	0.4120486247	1.362623088	1.040233452	1.039456895
0.8706766917	0.3024342307	0.4121028397	1.362619697	1.040372909	1.03959366
0.8736842105	0.3024747707	0.4121570546	1.362616306	1.040512367	1.039730426
0.8766917293	0.3025153107	0.4122112696	1.362612916	1.040651824	1.039867192
0.8796992481	0.3025558506	0.4122654845	1.362609527	1.040791282	1.040003957
0.8827067669	0.3025963906	0.4123196995	1.362606139	1.040930739	1.040140723
0.8857142857	0.3026369306	0.4123739144	1.362602752	1.041070196	1.040277489
0.8887218045	0.3026774705	0.4124281294	1.362599366	1.041209654	1.040414254
0.8917293233	0.3027180105	0.4124823443	1.362595981	1.041349111	1.04055102
0.8947368421	0.3027585505	0.4125365593	1.362592596	1.041488568	1.040687786
0.8977443609	0.3027990904	0.4125907742	1.362589213	1.041628026	1.040824551
0.9007518797	0.3028396304	0.4126449892	1.36258583	1.041767483	1.040961317
0.9037593985	0.3028801704	0.4126992042	1.362582449	1.041906941	1.041098083
0.9067669173	0.3029207103	0.4127534191	1.362579068	1.042046398	1.041234848
0.9097744361	0.3029612503	0.4128076341	1.362575688	1.042185855	1.041371614
0.9127819549	0.3030017903	0.412861849	1.362572309	1.042325313	1.04150838
0.9157894737	0.3030423302	0.412916064	1.362568931	1.04246477	1.041645145
0.9187969925	0.3030828702	0.4129702789	1.362565554	1.042604227	1.041781911
0.9218045113	0.3031234102	0.4130244939	1.362562178	1.042743685	1.041918677
0.9248120301	0.3031639501	0.4130787088	1.362558802	1.042883142	1.042055442
0.9278195489	0.3032044901	0.4131329238	1.362555428	1.0430226	1.042192208
0.9308270677	0.3032450301	0.4131871387	1.362552054	1.043162057	1.042328974
0.9338345865	0.30328557	0.4132413537	1.362548682	1.043301514	1.042465739
0.9368421053	0.30332611	0.4132955686	1.36254531	1.043440972	1.042602505
0.9398496241	0.30336665	0.4133497836	1.362541939	1.043580429	1.042739271
0.9428571429	0.3034071899	0.4134039985	1.362538569	1.043719886	1.042876036
0.9458646617	0.3034477299	0.4134582135	1.3625352	1.043859344	1.043012802
0.9488721805	0.3034882699	0.4135124284	1.362531832	1.043998801	1.043149568
0.9518796992	0.3035288098	0.4135666434	1.362528465	1.044138259	1.043286333
0.954887218	0.3035693498	0.4136208583	1.362525099	1.044277716	1.043423099
0.9578947368	0.3036098898	0.4136750733	1.362521733	1.044417173	1.043559865
0.9609022556	0.3036504297	0.4137292882	1.362518369	1.044556631	1.04369663
0.9639097744	0.3036909697	0.4137835032	1.362515005	1.044696088	1.043833396
0.9669172932	0.3037315097	0.4138377181	1.362511643	1.044835545	1.043970162
0.969924812	0.3037720496	0.4138919331	1.362508281	1.044975003	1.044106927
0.9729323308	0.3038125896	0.413946148	1.36250492	1.04511446	1.044243693
0.9759398496	0.3038531296	0.414000363	1.36250156	1.045253918	1.044380459
0.9789473684	0.3038936695	0.4140545779	1.362498201	1.045393375	1.044517224
0.9819548872	0.3039342095	0.4141087929	1.362494842	1.045532832	1.04465399
0.984962406	0.3039747495	0.4141630078	1.362491485	1.04567229	1.044790756
0.9879699248	0.3040152894	0.4142172228	1.362488129	1.045811747	1.044927521
0.9909774436	0.3040558294	0.4142714377	1.362484773	1.045951204	1.045064287
0.9939849624	0.3040963694	0.4143256527	1.362481418	1.046090662	1.045201053
0.9969924812	0.3041369093	0.4143798676	1.362478065	1.046230119	1.045337818
1	0.3041774493	0.4144340826	1.362474712	1.046369577	1.045474584
