# VHH-NNLO SMEFT scan points
# process: ZHH
# energy_tev: 14.0
# scan_axis: phiD
# fixed_wcs: phi=0,phiB=0,phiBox=0,phiD=0,phiQ3rd=0,phiW=0,phiWB=0,phid=0,phiq1st=0,phiq3st=0,phiu=0,tphi=0
#
phiD	sigma_lo	sigma_nnlo	k	sigma_smeft_over_sm_lo	sigma_smeft_over_sm_nnlo
-0.2	0.3026645336	0.413469909	1.366099635	0.9906892433	0.990875963
-0.1969924812	0.3027073083	0.4135271609	1.366095728	0.9908292547	0.9910131666
-0.1939849624	0.3027500831	0.4135844128	1.366091823	0.990969266	0.9911503701
-0.1909774436	0.3027928578	0.4136416647	1.366087918	0.9911092774	0.9912875737
-0.1879699248	0.3028356326	0.4136989166	1.366084014	0.9912492888	0.9914247773
-0.184962406	0.3028784073	0.4137561685	1.366080112	0.9913893002	0.9915619808
-0.1819548872	0.302921182	0.4138134205	1.366076211	0.9915293116	0.9916991844
-0.1789473684	0.3029639568	0.4138706724	1.36607231	0.9916693229	0.991836388
-0.1759398496	0.3030067315	0.4139279243	1.366068411	0.9918093343	0.9919735915
-0.1729323308	0.3030495063	0.4139851762	1.366064513	0.9919493457	0.9921107951
-0.169924812	0.303092281	0.4140424281	1.366060616	0.9920893571	0.9922479987
-0.1669172932	0.3031350558	0.41409968	1.36605672	0.9922293685	0.9923852022
-0.1639097744	0.3031778305	0.4141569319	1.366052825	0.9923693798	0.9925224058
-0.1609022556	0.3032206053	0.4142141839	1.366048932	0.9925093912	0.9926596093
-0.1578947368	0.30326338	0.4142714358	1.366045039	0.9926494026	0.9927968129
-0.154887218	0.3033061547	0.4143286877	1.366041148	0.992789414	0.9929340165
-0.1518796992	0.3033489295	0.4143859396	1.366037257	0.9929294253	0.99307122
-0.1488721805	0.3033917042	0.4144431915	1.366033368	0.9930694367	0.9932084236
-0.1458646617	0.303434479	0.4145004434	1.36602948	0.9932094481	0.9933456272
-0.1428571429	0.3034772537	0.4145576953	1.366025593	0.9933494595	0.9934828307
-0.1398496241	0.3035200285	0.4146149472	1.366021707	0.9934894709	0.9936200343
-0.1368421053	0.3035628032	0.4146721992	1.366017822	0.9936294822	0.9937572379
-0.1338345865	0.303605578	0.4147294511	1.366013938	0.9937694936	0.9938944414
-0.1308270677	0.3036483527	0.414786703	1.366010055	0.993909505	0.994031645
-0.1278195489	0.3036911274	0.4148439549	1.366006173	0.9940495164	0.9941688485
-0.1248120301	0.3037339022	0.4149012068	1.366002293	0.9941895278	0.9943060521
-0.1218045113	0.3037766769	0.4149584587	1.365998413	0.9943295391	0.9944432557
-0.1187969925	0.3038194517	0.4150157106	1.365994535	0.9944695505	0.9945804592
-0.1157894737	0.3038622264	0.4150729626	1.365990658	0.9946095619	0.9947176628
-0.1127819549	0.3039050012	0.4151302145	1.365986782	0.9947495733	0.9948548664
-0.1097744361	0.3039477759	0.4151874664	1.365982907	0.9948895847	0.9949920699
-0.1067669173	0.3039905506	0.4152447183	1.365979033	0.995029596	0.9951292735
-0.1037593985	0.3040333254	0.4153019702	1.36597516	0.9951696074	0.9952664771
-0.1007518797	0.3040761001	0.4153592221	1.365971288	0.9953096188	0.9954036806
-0.0977443609	0.3041188749	0.415416474	1.365967417	0.9954496302	0.9955408842
-0.09473684211	0.3041616496	0.415473726	1.365963548	0.9955896416	0.9956780877
-0.09172932331	0.3042044244	0.4155309779	1.365959679	0.9957296529	0.9958152913
-0.08872180451	0.3042471991	0.4155882298	1.365955812	0.9958696643	0.9959524949
-0.08571428571	0.3042899739	0.4156454817	1.365951945	0.9960096757	0.9960896984
-0.08270676692	0.3043327486	0.4157027336	1.36594808	0.9961496871	0.996226902
-0.07969924812	0.3043755233	0.4157599855	1.365944216	0.9962896985	0.9963641056
-0.07669172932	0.3044182981	0.4158172374	1.365940353	0.9964297098	0.9965013091
-0.07368421053	0.3044610728	0.4158744893	1.365936491	0.9965697212	0.9966385127
-0.07067669173	0.3045038476	0.4159317413	1.36593263	0.9967097326	0.9967757163
-0.06766917293	0.3045466223	0.4159889932	1.36592877	0.996849744	0.9969129198
-0.06466165414	0.3045893971	0.4160462451	1.365924911	0.9969897553	0.9970501234
-0.06165413534	0.3046321718	0.416103497	1.365921053	0.9971297667	0.9971873269
-0.05864661654	0.3046749466	0.4161607489	1.365917197	0.9972697781	0.9973245305
-0.05563909774	0.3047177213	0.4162180008	1.365913341	0.9974097895	0.9974617341
-0.05263157895	0.304760496	0.4162752527	1.365909487	0.9975498009	0.9975989376
-0.04962406015	0.3048032708	0.4163325047	1.365905633	0.9976898122	0.9977361412
-0.04661654135	0.3048460455	0.4163897566	1.365901781	0.9978298236	0.9978733448
-0.04360902256	0.3048888203	0.4164470085	1.36589793	0.997969835	0.9980105483
-0.04060150376	0.304931595	0.4165042604	1.36589408	0.9981098464	0.9981477519
-0.03759398496	0.3049743698	0.4165615123	1.365890231	0.9982498578	0.9982849555
-0.03458646617	0.3050171445	0.4166187642	1.365886383	0.9983898691	0.998422159
-0.03157894737	0.3050599192	0.4166760161	1.365882536	0.9985298805	0.9985593626
-0.02857142857	0.305102694	0.416733268	1.36587869	0.9986698919	0.9986965661
-0.02556390977	0.3051454687	0.41679052	1.365874845	0.9988099033	0.9988337697
-0.02255639098	0.3051882435	0.4168477719	1.365871002	0.9989499147	0.9989709733
-0.01954887218	0.3052310182	0.4169050238	1.365867159	0.999089926	0.9991081768
-0.01654135338	0.305273793	0.4169622757	1.365863318	0.9992299374	0.9992453804
-0.01353383459	0.3053165677	0.4170195276	1.365859477	0.9993699488	0.999382584
-0.01052631579	0.3053593425	0.4170767795	1.365855638	0.9995099602	0.9995197875
-0.007518796992	0.3054021172	0.4171340314	1.3658518	0.9996499716	0.9996569911
-0.004511278195	0.3054448919	0.4171912834	1.365847963	0.9997899829	0.9997941947
-0.001503759398	0.3054876667	0.4172485353	1.365844127	0.9999299943	0.9999313982
0.001503759398	0.3055304414	0.4173057872	1.365840291	1.000070006	1.000068602
0.004511278195	0.3055732162	0.4173630391	1.365836458	1.000210017	1.000205805
0.007518796992	0.3056159909	0.417420291	1.365832625	1.000350028	1.000343009
0.01052631579	0.3056587657	0.4174775429	1.365828793	1.00049004	1.000480212
0.01353383459	0.3057015404	0.4175347948	1.365824962	1.000630051	1.000617416
0.01654135338	0.3057443152	0.4175920468	1.365821132	1.000770063	1.00075462
0.01954887218	0.3057870899	0.4176492987	1.365817304	1.000910074	1.000891823
0.02255639098	0.3058298646	0.4177065506	1.365813476	1.001050085	1.001029027
0.02556390977	0.3058726394	0.4177638025	1.36580965	1.001190097	1.00116623
0.02857142857	0.3059154141	0.4178210544	1.365805824	1.001330108	1.001303434
0.03157894737	0.3059581889	0.4178783063	1.365802	1.001470119	1.001440637
0.03458646617	0.3060009636	0.4179355582	1.365798177	1.001610131	1.001577841
0.03759398496	0.3060437384	0.4179928101	1.365794355	1.001750142	1.001715045
0.04060150376	0.3060865131	0.4180500621	1.365790534	1.001890154	1.001852248
0.04360902256	0.3061292879	0.418107314	1.365786714	1.002030165	1.001989452
0.04661654135	0.3061720626	0.4181645659	1.365782895	1.002170176	1.002126655
0.04962406015	0.3062148373	0.4182218178	1.365779077	1.002310188	1.002263859
0.05263157895	0.3062576121	0.4182790697	1.36577526	1.002450199	1.002401062
0.05563909774	0.3063003868	0.4183363216	1.365771444	1.002590211	1.002538266
0.05864661654	0.3063431616	0.4183935735	1.365767629	1.002730222	1.002675469
0.06165413534	0.3063859363	0.4184508255	1.365763816	1.002870233	1.002812673
0.06466165414	0.3064287111	0.4185080774	1.365760003	1.003010245	1.002949877
0.06766917293	0.3064714858	0.4185653293	1.365756192	1.003150256	1.00308708
0.07067669173	0.3065142605	0.4186225812	1.365752381	1.003290267	1.003224284
0.07368421053	0.3065570353	0.4186798331	1.365748572	1.003430279	1.003361487
0.07669172932	0.30659981	0.418737085	1.365744763	1.00357029	1.003498691
0.07969924812	0.3066425848	0.4187943369	1.365740956	1.003710302	1.003635894
0.08270676692	0.3066853595	0.4188515888	1.36573715	1.003850313	1.003773098
0.08571428571	0.3067281343	0.4189088408	1.365733345	1.003990324	1.003910302
0.08872180451	0.306770909	0.4189660927	1.365729541	1.004130336	1.004047505
0.09172932331	0.3068136838	0.4190233446	1.365725738	1.004270347	1.004184709
0.09473684211	0.3068564585	0.4190805965	1.365721936	1.004410358	1.004321912
0.0977443609	0.3068992332	0.4191378484	1.365718135	1.00455037	1.004459116
0.1007518797	0.306942008	0.4191951003	1.365714335	1.004690381	1.004596319
0.1037593985	0.3069847827	0.4192523522	1.365710536	1.004830393	1.004733523
0.1067669173	0.3070275575	0.4193096042	1.365706739	1.004970404	1.004870727
0.1097744361	0.3070703322	0.4193668561	1.365702942	1.005110415	1.00500793
0.1127819549	0.307113107	0.419424108	1.365699146	1.005250427	1.005145134
0.1157894737	0.3071558817	0.4194813599	1.365695352	1.005390438	1.005282337
0.1187969925	0.3071986565	0.4195386118	1.365691558	1.005530449	1.005419541
0.1218045113	0.3072414312	0.4195958637	1.365687766	1.005670461	1.005556744
0.1248120301	0.3072842059	0.4196531156	1.365683974	1.005810472	1.005693948
0.1278195489	0.3073269807	0.4197103676	1.365680184	1.005950484	1.005831151
0.1308270677	0.3073697554	0.4197676195	1.365676395	1.006090495	1.005968355
0.1338345865	0.3074125302	0.4198248714	1.365672607	1.006230506	1.006105559
0.1368421053	0.3074553049	0.4198821233	1.365668819	1.006370518	1.006242762
0.1398496241	0.3074980797	0.4199393752	1.365665033	1.006510529	1.006379966
0.1428571429	0.3075408544	0.4199966271	1.365661248	1.006650541	1.006517169
0.1458646617	0.3075836291	0.420053879	1.365657464	1.006790552	1.006654373
0.1488721805	0.3076264039	0.4201111309	1.365653681	1.006930563	1.006791576
0.1518796992	0.3076691786	0.4201683829	1.365649899	1.007070575	1.00692878
0.154887218	0.3077119534	0.4202256348	1.365646119	1.007210586	1.007065984
0.1578947368	0.3077547281	0.4202828867	1.365642339	1.007350597	1.007203187
0.1609022556	0.3077975029	0.4203401386	1.36563856	1.007490609	1.007340391
0.1639097744	0.3078402776	0.4203973905	1.365634782	1.00763062	1.007477594
0.1669172932	0.3078830524	0.4204546424	1.365631006	1.007770632	1.007614798
0.169924812	0.3079258271	0.4205118943	1.36562723	1.007910643	1.007752001
0.1729323308	0.3079686018	0.4205691463	1.365623456	1.008050654	1.007889205
0.1759398496	0.3080113766	0.4206263982	1.365619682	1.008190666	1.008026408
0.1789473684	0.3080541513	0.4206836501	1.36561591	1.008330677	1.008163612
0.1819548872	0.3080969261	0.420740902	1.365612138	1.008470688	1.008300816
0.184962406	0.3081397008	0.4207981539	1.365608368	1.0086107	1.008438019
0.1879699248	0.3081824756	0.4208554058	1.365604599	1.008750711	1.008575223
0.1909774436	0.3082252503	0.4209126577	1.36560083	1.008890723	1.008712426
0.1939849624	0.3082680251	0.4209699097	1.365597063	1.009030734	1.00884963
0.1969924812	0.3083107998	0.4210271616	1.365593297	1.009170745	1.008986833
0.2	0.3083535745	0.4210844135	1.365589532	1.009310757	1.009124037
0.2030075188	0.3083963493	0.4211416654	1.365585768	1.009450768	1.009261241
0.2060150376	0.308439124	0.4211989173	1.365582005	1.009590779	1.009398444
0.2090225564	0.3084818988	0.4212561692	1.365578243	1.009730791	1.009535648
0.2120300752	0.3085246735	0.4213134211	1.365574482	1.009870802	1.009672851
0.215037594	0.3085674483	0.421370673	1.365570722	1.010010814	1.009810055
0.2180451128	0.308610223	0.421427925	1.365566963	1.010150825	1.009947258
0.2210526316	0.3086529977	0.4214851769	1.365563205	1.010290836	1.010084462
0.2240601504	0.3086957725	0.4215424288	1.365559448	1.010430848	1.010221665
0.2270676692	0.3087385472	0.4215996807	1.365555693	1.010570859	1.010358869
0.230075188	0.308781322	0.4216569326	1.365551938	1.010710871	1.010496073
0.2330827068	0.3088240967	0.4217141845	1.365548184	1.010850882	1.010633276
0.2360902256	0.3088668715	0.4217714364	1.365544432	1.010990893	1.01077048
0.2390977444	0.3089096462	0.4218286884	1.36554068	1.011130905	1.010907683
0.2421052632	0.308952421	0.4218859403	1.365536929	1.011270916	1.011044887
0.245112782	0.3089951957	0.4219431922	1.36553318	1.011410927	1.01118209
0.2481203008	0.3090379704	0.4220004441	1.365529432	1.011550939	1.011319294
0.2511278195	0.3090807452	0.422057696	1.365525684	1.01169095	1.011456498
0.2541353383	0.3091235199	0.4221149479	1.365521938	1.011830962	1.011593701
0.2571428571	0.3091662947	0.4221721998	1.365518192	1.011970973	1.011730905
0.2601503759	0.3092090694	0.4222294517	1.365514448	1.012110984	1.011868108
0.2631578947	0.3092518442	0.4222867037	1.365510705	1.012250996	1.012005312
0.2661654135	0.3092946189	0.4223439556	1.365506962	1.012391007	1.012142515
0.2691729323	0.3093373937	0.4224012075	1.365503221	1.012531018	1.012279719
0.2721804511	0.3093801684	0.4224584594	1.365499481	1.01267103	1.012416923
0.2751879699	0.3094229431	0.4225157113	1.365495742	1.012811041	1.012554126
0.2781954887	0.3094657179	0.4225729632	1.365492004	1.012951053	1.01269133
0.2812030075	0.3095084926	0.4226302151	1.365488267	1.013091064	1.012828533
0.2842105263	0.3095512674	0.4226874671	1.365484531	1.013231075	1.012965737
0.2872180451	0.3095940421	0.422744719	1.365480796	1.013371087	1.01310294
0.2902255639	0.3096368169	0.4228019709	1.365477062	1.013511098	1.013240144
0.2932330827	0.3096795916	0.4228592228	1.365473329	1.013651109	1.013377347
0.2962406015	0.3097223663	0.4229164747	1.365469597	1.013791121	1.013514551
0.2992481203	0.3097651411	0.4229737266	1.365465866	1.013931132	1.013651755
0.3022556391	0.3098079158	0.4230309785	1.365462136	1.014071144	1.013788958
0.3052631579	0.3098506906	0.4230882305	1.365458407	1.014211155	1.013926162
0.3082706767	0.3098934653	0.4231454824	1.365454679	1.014351166	1.014063365
0.3112781955	0.3099362401	0.4232027343	1.365450953	1.014491178	1.014200569
0.3142857143	0.3099790148	0.4232599862	1.365447227	1.014631189	1.014337772
0.3172932331	0.3100217896	0.4233172381	1.365443502	1.014771201	1.014474976
0.3203007519	0.3100645643	0.42337449	1.365439779	1.014911212	1.01461218
0.3233082707	0.310107339	0.4234317419	1.365436056	1.015051223	1.014749383
0.3263157895	0.3101501138	0.4234889938	1.365432334	1.015191235	1.014886587
0.3293233083	0.3101928885	0.4235462458	1.365428614	1.015331246	1.01502379
0.3323308271	0.3102356633	0.4236034977	1.365424894	1.015471257	1.015160994
0.3353383459	0.310278438	0.4236607496	1.365421176	1.015611269	1.015298197
0.3383458647	0.3103212128	0.4237180015	1.365417458	1.01575128	1.015435401
0.3413533835	0.3103639875	0.4237752534	1.365413742	1.015891292	1.015572604
0.3443609023	0.3104067623	0.4238325053	1.365410026	1.016031303	1.015709808
0.3473684211	0.310449537	0.4238897572	1.365406312	1.016171314	1.015847012
0.3503759398	0.3104923117	0.4239470092	1.365402598	1.016311326	1.015984215
0.3533834586	0.3105350865	0.4240042611	1.365398886	1.016451337	1.016121419
0.3563909774	0.3105778612	0.424061513	1.365395174	1.016591348	1.016258622
0.3593984962	0.310620636	0.4241187649	1.365391464	1.01673136	1.016395826
0.362406015	0.3106634107	0.4241760168	1.365387755	1.016871371	1.016533029
0.3654135338	0.3107061855	0.4242332687	1.365384046	1.017011383	1.016670233
0.3684210526	0.3107489602	0.4242905206	1.365380339	1.017151394	1.016807437
0.3714285714	0.3107917349	0.4243477726	1.365376633	1.017291405	1.01694464
0.3744360902	0.3108345097	0.4244050245	1.365372927	1.017431417	1.017081844
0.377443609	0.3108772844	0.4244622764	1.365369223	1.017571428	1.017219047
0.3804511278	0.3109200592	0.4245195283	1.36536552	1.017711439	1.017356251
0.3834586466	0.3109628339	0.4245767802	1.365361818	1.017851451	1.017493454
0.3864661654	0.3110056087	0.4246340321	1.365358117	1.017991462	1.017630658
0.3894736842	0.3110483834	0.424691284	1.365354416	1.018131474	1.017767861
0.392481203	0.3110911582	0.4247485359	1.365350717	1.018271485	1.017905065
0.3954887218	0.3111339329	0.4248057879	1.365347019	1.018411496	1.018042269
0.3984962406	0.3111767076	0.4248630398	1.365343322	1.018551508	1.018179472
0.4015037594	0.3112194824	0.4249202917	1.365339626	1.018691519	1.018316676
0.4045112782	0.3112622571	0.4249775436	1.365335931	1.018831531	1.018453879
0.407518797	0.3113050319	0.4250347955	1.365332237	1.018971542	1.018591083
0.4105263158	0.3113478066	0.4250920474	1.365328544	1.019111553	1.018728286
0.4135338346	0.3113905814	0.4251492993	1.365324852	1.019251565	1.01886549
0.4165413534	0.3114333561	0.4252065513	1.365321161	1.019391576	1.019002694
0.4195488722	0.3114761309	0.4252638032	1.365317471	1.019531587	1.019139897
0.422556391	0.3115189056	0.4253210551	1.365313782	1.019671599	1.019277101
0.4255639098	0.3115616803	0.425378307	1.365310094	1.01981161	1.019414304
0.4285714286	0.3116044551	0.4254355589	1.365306407	1.019951622	1.019551508
0.4315789474	0.3116472298	0.4254928108	1.365302721	1.020091633	1.019688711
0.4345864662	0.3116900046	0.4255500627	1.365299036	1.020231644	1.019825915
0.437593985	0.3117327793	0.4256073146	1.365295352	1.020371656	1.019963119
0.4406015038	0.3117755541	0.4256645666	1.365291669	1.020511667	1.020100322
0.4436090226	0.3118183288	0.4257218185	1.365287987	1.020651678	1.020237526
0.4466165414	0.3118611035	0.4257790704	1.365284306	1.02079169	1.020374729
0.4496240602	0.3119038783	0.4258363223	1.365280626	1.020931701	1.020511933
0.4526315789	0.311946653	0.4258935742	1.365276947	1.021071713	1.020649136
0.4556390977	0.3119894278	0.4259508261	1.36527327	1.021211724	1.02078634
0.4586466165	0.3120322025	0.426008078	1.365269593	1.021351735	1.020923543
0.4616541353	0.3120749773	0.42606533	1.365265917	1.021491747	1.021060747
0.4646616541	0.312117752	0.4261225819	1.365262242	1.021631758	1.021197951
0.4676691729	0.3121605268	0.4261798338	1.365258568	1.021771769	1.021335154
0.4706766917	0.3122033015	0.4262370857	1.365254895	1.021911781	1.021472358
0.4736842105	0.3122460762	0.4262943376	1.365251223	1.022051792	1.021609561
0.4766917293	0.312288851	0.4263515895	1.365247553	1.022191804	1.021746765
0.4796992481	0.3123316257	0.4264088414	1.365243883	1.022331815	1.021883968
0.4827067669	0.3123744005	0.4264660934	1.365240214	1.022471826	1.022021172
0.4857142857	0.3124171752	0.4265233453	1.365236546	1.022611838	1.022158376
0.4887218045	0.31245995	0.4265805972	1.365232879	1.022751849	1.022295579
0.4917293233	0.3125027247	0.4266378491	1.365229214	1.022891861	1.022432783
0.4947368421	0.3125454995	0.426695101	1.365225549	1.023031872	1.022569986
0.4977443609	0.3125882742	0.4267523529	1.365221885	1.023171883	1.02270719
0.5007518797	0.3126310489	0.4268096048	1.365218222	1.023311895	1.022844393
0.5037593985	0.3126738237	0.4268668567	1.36521456	1.023451906	1.022981597
0.5067669173	0.3127165984	0.4269241087	1.3652109	1.023591917	1.0231188
0.5097744361	0.3127593732	0.4269813606	1.36520724	1.023731929	1.023256004
0.5127819549	0.3128021479	0.4270386125	1.365203581	1.02387194	1.023393208
0.5157894737	0.3128449227	0.4270958644	1.365199923	1.024011952	1.023530411
0.5187969925	0.3128876974	0.4271531163	1.365196266	1.024151963	1.023667615
0.5218045113	0.3129304722	0.4272103682	1.365192611	1.024291974	1.023804818
0.5248120301	0.3129732469	0.4272676201	1.365188956	1.024431986	1.023942022
0.5278195489	0.3130160216	0.4273248721	1.365185302	1.024571997	1.024079225
0.5308270677	0.3130587964	0.427382124	1.365181649	1.024712008	1.024216429
0.5338345865	0.3131015711	0.4274393759	1.365177997	1.02485202	1.024353633
0.5368421053	0.3131443459	0.4274966278	1.365174347	1.024992031	1.024490836
0.5398496241	0.3131871206	0.4275538797	1.365170697	1.025132043	1.02462804
0.5428571429	0.3132298954	0.4276111316	1.365167048	1.025272054	1.024765243
0.5458646617	0.3132726701	0.4276683835	1.3651634	1.025412065	1.024902447
0.5488721805	0.3133154448	0.4277256354	1.365159753	1.025552077	1.02503965
0.5518796992	0.3133582196	0.4277828874	1.365156108	1.025692088	1.025176854
0.554887218	0.3134009943	0.4278401393	1.365152463	1.025832099	1.025314057
0.5578947368	0.3134437691	0.4278973912	1.365148819	1.025972111	1.025451261
0.5609022556	0.3134865438	0.4279546431	1.365145176	1.026112122	1.025588465
0.5639097744	0.3135293186	0.428011895	1.365141534	1.026252134	1.025725668
0.5669172932	0.3135720933	0.4280691469	1.365137894	1.026392145	1.025862872
0.569924812	0.3136148681	0.4281263988	1.365134254	1.026532156	1.026000075
0.5729323308	0.3136576428	0.4281836508	1.365130615	1.026672168	1.026137279
0.5759398496	0.3137004175	0.4282409027	1.365126977	1.026812179	1.026274482
0.5789473684	0.3137431923	0.4282981546	1.36512334	1.026952191	1.026411686
0.5819548872	0.313785967	0.4283554065	1.365119704	1.027092202	1.02654889
0.584962406	0.3138287418	0.4284126584	1.365116069	1.027232213	1.026686093
0.5879699248	0.3138715165	0.4284699103	1.365112435	1.027372225	1.026823297
0.5909774436	0.3139142913	0.4285271622	1.365108803	1.027512236	1.0269605
0.5939849624	0.313957066	0.4285844142	1.365105171	1.027652247	1.027097704
0.5969924812	0.3139998408	0.4286416661	1.36510154	1.027792259	1.027234907
0.6	0.3140426155	0.428698918	1.36509791	1.02793227	1.027372111
0.6030075188	0.3140853902	0.4287561699	1.365094281	1.028072282	1.027509315
0.6060150376	0.314128165	0.4288134218	1.365090653	1.028212293	1.027646518
0.6090225564	0.3141709397	0.4288706737	1.365087026	1.028352304	1.027783722
0.6120300752	0.3142137145	0.4289279256	1.3650834	1.028492316	1.027920925
0.615037594	0.3142564892	0.4289851775	1.365079775	1.028632327	1.028058129
0.6180451128	0.314299264	0.4290424295	1.365076151	1.028772338	1.028195332
0.6210526316	0.3143420387	0.4290996814	1.365072528	1.02891235	1.028332536
0.6240601504	0.3143848134	0.4291569333	1.365068906	1.029052361	1.028469739
0.6270676692	0.3144275882	0.4292141852	1.365065285	1.029192373	1.028606943
0.630075188	0.3144703629	0.4292714371	1.365061665	1.029332384	1.028744147
0.6330827068	0.3145131377	0.429328689	1.365058046	1.029472395	1.02888135
0.6360902256	0.3145559124	0.4293859409	1.365054427	1.029612407	1.029018554
0.6390977444	0.3145986872	0.4294431929	1.36505081	1.029752418	1.029155757
0.6421052632	0.3146414619	0.4295004448	1.365047194	1.029892429	1.029292961
0.645112782	0.3146842367	0.4295576967	1.365043579	1.030032441	1.029430164
0.6481203008	0.3147270114	0.4296149486	1.365039965	1.030172452	1.029567368
0.6511278195	0.3147697861	0.4296722005	1.365036352	1.030312464	1.029704572
0.6541353383	0.3148125609	0.4297294524	1.36503274	1.030452475	1.029841775
0.6571428571	0.3148553356	0.4297867043	1.365029128	1.030592486	1.029978979
0.6601503759	0.3148981104	0.4298439563	1.365025518	1.030732498	1.030116182
0.6631578947	0.3149408851	0.4299012082	1.365021909	1.030872509	1.030253386
0.6661654135	0.3149836599	0.4299584601	1.365018301	1.031012521	1.030390589
0.6691729323	0.3150264346	0.430015712	1.365014693	1.031152532	1.030527793
0.6721804511	0.3150692094	0.4300729639	1.365011087	1.031292543	1.030664996
0.6751879699	0.3151119841	0.4301302158	1.365007482	1.031432555	1.0308022
0.6781954887	0.3151547588	0.4301874677	1.365003877	1.031572566	1.030939404
0.6812030075	0.3151975336	0.4302447196	1.365000274	1.031712577	1.031076607
0.6842105263	0.3152403083	0.4303019716	1.364996671	1.031852589	1.031213811
0.6872180451	0.3152830831	0.4303592235	1.36499307	1.0319926	1.031351014
0.6902255639	0.3153258578	0.4304164754	1.36498947	1.032132612	1.031488218
0.6932330827	0.3153686326	0.4304737273	1.36498587	1.032272623	1.031625421
0.6962406015	0.3154114073	0.4305309792	1.364982272	1.032412634	1.031762625
0.6992481203	0.315454182	0.4305882311	1.364978674	1.032552646	1.031899829
0.7022556391	0.3154969568	0.430645483	1.364975077	1.032692657	1.032037032
0.7052631579	0.3155397315	0.430702735	1.364971482	1.032832668	1.032174236
0.7082706767	0.3155825063	0.4307599869	1.364967887	1.03297268	1.032311439
0.7112781955	0.315625281	0.4308172388	1.364964294	1.033112691	1.032448643
0.7142857143	0.3156680558	0.4308744907	1.364960701	1.033252703	1.032585846
0.7172932331	0.3157108305	0.4309317426	1.364957109	1.033392714	1.03272305
0.7203007519	0.3157536053	0.4309889945	1.364953519	1.033532725	1.032860253
0.7233082707	0.31579638	0.4310462464	1.364949929	1.033672737	1.032997457
0.7263157895	0.3158391547	0.4311034983	1.36494634	1.033812748	1.033134661
0.7293233083	0.3158819295	0.4311607503	1.364942752	1.033952759	1.033271864
0.7323308271	0.3159247042	0.4312180022	1.364939166	1.034092771	1.033409068
0.7353383459	0.315967479	0.4312752541	1.36493558	1.034232782	1.033546271
0.7383458647	0.3160102537	0.431332506	1.364931995	1.034372794	1.033683475
0.7413533835	0.3160530285	0.4313897579	1.364928411	1.034512805	1.033820678
0.7443609023	0.3160958032	0.4314470098	1.364924828	1.034652816	1.033957882
0.7473684211	0.316138578	0.4315042617	1.364921246	1.034792828	1.034095086
0.7503759398	0.3161813527	0.4315615137	1.364917665	1.034932839	1.034232289
0.7533834586	0.3162241274	0.4316187656	1.364914085	1.03507285	1.034369493
0.7563909774	0.3162669022	0.4316760175	1.364910506	1.035212862	1.034506696
0.7593984962	0.3163096769	0.4317332694	1.364906928	1.035352873	1.0346439
0.762406015	0.3163524517	0.4317905213	1.364903351	1.035492885	1.034781103
0.7654135338	0.3163952264	0.4318477732	1.364899775	1.035632896	1.034918307
0.7684210526	0.3164380012	0.4319050251	1.364896199	1.035772907	1.035055511
0.7714285714	0.3164807759	0.4319622771	1.364892625	1.035912919	1.035192714
0.7744360902	0.3165235506	0.432019529	1.364889052	1.03605293	1.035329918
0.777443609	0.3165663254	0.4320767809	1.36488548	1.036192942	1.035467121
0.7804511278	0.3166091001	0.4321340328	1.364881908	1.036332953	1.035604325
0.7834586466	0.3166518749	0.4321912847	1.364878338	1.036472964	1.035741528
0.7864661654	0.3166946496	0.4322485366	1.364874769	1.036612976	1.035878732
0.7894736842	0.3167374244	0.4323057885	1.3648712	1.036752987	1.036015935
0.792481203	0.3167801991	0.4323630404	1.364867633	1.036892998	1.036153139
0.7954887218	0.3168229739	0.4324202924	1.364864066	1.03703301	1.036290343
0.7984962406	0.3168657486	0.4324775443	1.364860501	1.037173021	1.036427546
0.8015037594	0.3169085233	0.4325347962	1.364856936	1.037313033	1.03656475
0.8045112782	0.3169512981	0.4325920481	1.364853372	1.037453044	1.036701953
0.807518797	0.3169940728	0.4326493	1.36484981	1.037593055	1.036839157
0.8105263158	0.3170368476	0.4327065519	1.364846248	1.037733067	1.03697636
0.8135338346	0.3170796223	0.4327638038	1.364842687	1.037873078	1.037113564
0.8165413534	0.3171223971	0.4328210558	1.364839128	1.038013089	1.037250768
0.8195488722	0.3171651718	0.4328783077	1.364835569	1.038153101	1.037387971
0.822556391	0.3172079466	0.4329355596	1.364832011	1.038293112	1.037525175
0.8255639098	0.3172507213	0.4329928115	1.364828454	1.038433124	1.037662378
0.8285714286	0.317293496	0.4330500634	1.364824898	1.038573135	1.037799582
0.8315789474	0.3173362708	0.4331073153	1.364821343	1.038713146	1.037936785
0.8345864662	0.3173790455	0.4331645672	1.364817789	1.038853158	1.038073989
0.837593985	0.3174218203	0.4332218192	1.364814236	1.038993169	1.038211192
0.8406015038	0.317464595	0.4332790711	1.364810684	1.03913318	1.038348396
0.8436090226	0.3175073698	0.433336323	1.364807133	1.039273192	1.0384856
0.8466165414	0.3175501445	0.4333935749	1.364803583	1.039413203	1.038622803
0.8496240602	0.3175929192	0.4334508268	1.364800033	1.039553215	1.038760007
0.8526315789	0.317635694	0.4335080787	1.364796485	1.039693226	1.03889721
0.8556390977	0.3176784687	0.4335653306	1.364792938	1.039833237	1.039034414
0.8586466165	0.3177212435	0.4336225825	1.364789391	1.039973249	1.039171617
0.8616541353	0.3177640182	0.4336798345	1.364785846	1.04011326	1.039308821
0.8646616541	0.317806793	0.4337370864	1.364782302	1.040253272	1.039446025
0.8676691729	0.3178495677	0.4337943383	1.364778758	1.040393283	1.039583228
0.8706766917	0.3178923425	0.4338515902	1.364775216	1.040533294	1.039720432
0.8736842105	0.3179351172	0.4339088421	1.364771674	1.040673306	1.039857635
0.8766917293	0.3179778919	0.433966094	1.364768133	1.040813317	1.039994839
0.8796992481	0.3180206667	0.4340233459	1.364764594	1.040953328	1.040132042
0.8827067669	0.3180634414	0.4340805979	1.364761055	1.04109334	1.040269246
0.8857142857	0.3181062162	0.4341378498	1.364757517	1.041233351	1.040406449
0.8887218045	0.3181489909	0.4341951017	1.36475398	1.041373363	1.040543653
0.8917293233	0.3181917657	0.4342523536	1.364750444	1.041513374	1.040680857
0.8947368421	0.3182345404	0.4343096055	1.364746909	1.041653385	1.04081806
0.8977443609	0.3182773152	0.4343668574	1.364743375	1.041793397	1.040955264
0.9007518797	0.3183200899	0.4344241093	1.364739842	1.041933408	1.041092467
0.9037593985	0.3183628646	0.4344813612	1.36473631	1.042073419	1.041229671
0.9067669173	0.3184056394	0.4345386132	1.364732779	1.042213431	1.041366874
0.9097744361	0.3184484141	0.4345958651	1.364729249	1.042353442	1.041504078
0.9127819549	0.3184911889	0.434653117	1.36472572	1.042493454	1.041641282
0.9157894737	0.3185339636	0.4347103689	1.364722192	1.042633465	1.041778485
0.9187969925	0.3185767384	0.4347676208	1.364718664	1.042773476	1.041915689
0.9218045113	0.3186195131	0.4348248727	1.364715138	1.042913488	1.042052892
0.9248120301	0.3186622879	0.4348821246	1.364711612	1.043053499	1.042190096
0.9278195489	0.3187050626	0.4349393766	1.364708088	1.04319351	1.042327299
0.9308270677	0.3187478373	0.4349966285	1.364704564	1.043333522	1.042464503
0.9338345865	0.3187906121	0.4350538804	1.364701042	1.043473533	1.042601707
0.9368421053	0.3188333868	0.4351111323	1.36469752	1.043613545	1.04273891
0.9398496241	0.3188761616	0.4351683842	1.364693999	1.043753556	1.042876114
0.9428571429	0.3189189363	0.4352256361	1.36469048	1.043893567	1.043013317
0.9458646617	0.3189617111	0.435282888	1.364686961	1.044033579	1.043150521
0.9488721805	0.3190044858	0.43534014	1.364683443	1.04417359	1.043287724
0.9518796992	0.3190472605	0.4353973919	1.364679926	1.044313602	1.043424928
0.954887218	0.3190900353	0.4354546438	1.36467641	1.044453613	1.043562131
0.9578947368	0.31913281	0.4355118957	1.364672895	1.044593624	1.043699335
0.9609022556	0.3191755848	0.4355691476	1.364669381	1.044733636	1.043836539
0.9639097744	0.3192183595	0.4356263995	1.364665867	1.044873647	1.043973742
0.9669172932	0.3192611343	0.4356836514	1.364662355	1.045013658	1.044110946
0.969924812	0.319303909	0.4357409033	1.364658844	1.04515367	1.044248149
0.9729323308	0.3193466838	0.4357981553	1.364655334	1.045293681	1.044385353
0.9759398496	0.3193894585	0.4358554072	1.364651824	1.045433693	1.044522556
0.9789473684	0.3194322332	0.4359126591	1.364648316	1.045573704	1.04465976
0.9819548872	0.319475008	0.435969911	1.364644808	1.045713715	1.044796964
0.984962406	0.3195177827	0.4360271629	1.364641302	1.045853727	1.044934167
0.9879699248	0.3195605575	0.4360844148	1.364637796	1.045993738	1.045071371
0.9909774436	0.3196033322	0.4361416667	1.364634291	1.046133749	1.045208574
0.9939849624	0.319646107	0.4361989187	1.364630787	1.046273761	1.045345778
0.9969924812	0.3196888817	0.4362561706	1.364627285	1.046413772	1.045482981
1	0.3197316565	0.4363134225	1.364623783	1.046553784	1.045620185
