# VHH-NNLO SMEFT scan points
# process: ZHH
# energy_tev: 14.0
# scan_axis: phiW
# fixed_wcs: phi=0,phiB=0,phiBox=0,phiD=0,phiQ3rd=0,phiW=0,phiWB=0,phid=0,phiq1st=0,phiq3st=0,phiu=0,tphi=0
#
phiW	sigma_lo	sigma_nnlo	k	sigma_smeft_over_sm_lo	sigma_smeft_over_sm_nnlo
-0.2	0.17773538	0.2661969292	1.497714913	0.5817679626	0.6379379318
-0.1969924812	0.1796567886	0.2684688124	1.49434271	0.5880571662	0.6433824741
-0.1939849624	0.1815781972	0.2707406956	1.491041875	0.5943463698	0.6488270165
-0.1909774436	0.1834996059	0.2730125788	1.487810164	0.6006355734	0.6542715589
-0.1879699248	0.1854210145	0.275284462	1.484645431	0.6069247769	0.6597161013
-0.184962406	0.1873424231	0.2775563451	1.481545613	0.6132139805	0.6651606437
-0.1819548872	0.1892638318	0.2798282283	1.478508734	0.6195031841	0.670605186
-0.1789473684	0.1911852404	0.2821001115	1.475532897	0.6257923876	0.6760497284
-0.1759398496	0.193106649	0.2843719947	1.472616278	0.6320815912	0.6814942708
-0.1729323308	0.1950280577	0.2866438779	1.469757128	0.6383707948	0.6869388132
-0.169924812	0.1969494663	0.2889157611	1.466953765	0.6446599983	0.6923833555
-0.1669172932	0.1988708749	0.2911876443	1.464204572	0.6509492019	0.6978278979
-0.1639097744	0.2007922836	0.2934595275	1.461507994	0.6572384055	0.7032724403
-0.1609022556	0.2027136922	0.2957314106	1.458862534	0.663527609	0.7087169827
-0.1578947368	0.2046351008	0.2980032938	1.456266753	0.6698168126	0.7141615251
-0.154887218	0.2065565094	0.300275177	1.453719265	0.6761060162	0.7196060674
-0.1518796992	0.2084779181	0.3025470602	1.451218733	0.6823952198	0.7250506098
-0.1488721805	0.2103993267	0.3048189434	1.448763873	0.6886844233	0.7304951522
-0.1458646617	0.2123207353	0.3070908266	1.446353443	0.6949736269	0.7359396946
-0.1428571429	0.214242144	0.3093627098	1.443986249	0.7012628305	0.741384237
-0.1398496241	0.2161635526	0.311634593	1.441661137	0.707552034	0.7468287793
-0.1368421053	0.2180849612	0.3139064762	1.439376995	0.7138412376	0.7522733217
-0.1338345865	0.2200063699	0.3161783593	1.43713275	0.7201304412	0.7577178641
-0.1308270677	0.2219277785	0.3184502425	1.434927365	0.7264196447	0.7631624065
-0.1278195489	0.2238491871	0.3207221257	1.432759841	0.7327088483	0.7686069489
-0.1248120301	0.2257705958	0.3229940089	1.430629209	0.7389980519	0.7740514912
-0.1218045113	0.2276920044	0.3252658921	1.428534537	0.7452872554	0.7794960336
-0.1187969925	0.229613413	0.3275377753	1.426474921	0.751576459	0.784940576
-0.1157894737	0.2315348217	0.3298096585	1.424449489	0.7578656626	0.7903851184
-0.1127819549	0.2334562303	0.3320815417	1.422457397	0.7641548662	0.7958296608
-0.1097744361	0.2353776389	0.3343534249	1.420497828	0.7704440697	0.8012742031
-0.1067669173	0.2372990476	0.336625308	1.418569992	0.7767332733	0.8067187455
-0.1037593985	0.2392204562	0.3388971912	1.416673125	0.7830224769	0.8121632879
-0.1007518797	0.2411418648	0.3411690744	1.414806486	0.7893116804	0.8176078303
-0.0977443609	0.2430632735	0.3434409576	1.412969358	0.795600884	0.8230523727
-0.09473684211	0.2449846821	0.3457128408	1.411161048	0.8018900876	0.828496915
-0.09172932331	0.2469060907	0.347984724	1.409380882	0.8081792911	0.8339414574
-0.08872180451	0.2488274994	0.3502566072	1.407628208	0.8144684947	0.8393859998
-0.08571428571	0.250748908	0.3525284904	1.405902395	0.8207576983	0.8448305422
-0.08270676692	0.2526703166	0.3548003735	1.404202829	0.8270469018	0.8502750846
-0.07969924812	0.2545917253	0.3570722567	1.402528917	0.8333361054	0.8557196269
-0.07669172932	0.2565131339	0.3593441399	1.400880081	0.839625309	0.8611641693
-0.07368421053	0.2584345425	0.3616160231	1.399255763	0.8459145126	0.8666087117
-0.07067669173	0.2603559512	0.3638879063	1.39765542	0.8522037161	0.8720532541
-0.06766917293	0.2622773598	0.3661597895	1.396078524	0.8584929197	0.8774977965
-0.06466165414	0.2641987684	0.3684316727	1.394524565	0.8647821233	0.8829423388
-0.06165413534	0.2661201771	0.3707035559	1.392993045	0.8710713268	0.8883868812
-0.05864661654	0.2680415857	0.3729754391	1.391483482	0.8773605304	0.8938314236
-0.05563909774	0.2699629943	0.3752473222	1.389995407	0.883649734	0.899275966
-0.05263157895	0.271884403	0.3775192054	1.388528365	0.8899389375	0.9047205084
-0.04962406015	0.2738058116	0.3797910886	1.387081912	0.8962281411	0.9101650507
-0.04661654135	0.2757272202	0.3820629718	1.385655618	0.9025173447	0.9156095931
-0.04360902256	0.2776486289	0.384334855	1.384249065	0.9088065482	0.9210541355
-0.04060150376	0.2795700375	0.3866067382	1.382861846	0.9150957518	0.9264986779
-0.03759398496	0.2814914461	0.3888786214	1.381493565	0.9213849554	0.9319432203
-0.03458646617	0.2834128548	0.3911505046	1.380143836	0.927674159	0.9373877626
-0.03157894737	0.2853342634	0.3934223877	1.378812285	0.9339633625	0.942832305
-0.02857142857	0.287255672	0.3956942709	1.377498547	0.9402525661	0.9482768474
-0.02556390977	0.2891770807	0.3979661541	1.376202267	0.9465417697	0.9537213898
-0.02255639098	0.2910984893	0.4002380373	1.3749231	0.9528309732	0.9591659322
-0.01954887218	0.2930198979	0.4025099205	1.373660708	0.9591201768	0.9646104745
-0.01654135338	0.2949413066	0.4047818037	1.372414764	0.9654093804	0.9700550169
-0.01353383459	0.2968627152	0.4070536869	1.371184949	0.9716985839	0.9754995593
-0.01052631579	0.2987841238	0.4093255701	1.36997095	0.9779877875	0.9809441017
-0.007518796992	0.3007055325	0.4115974533	1.368772466	0.9842769911	0.9863886441
-0.004511278195	0.3026269411	0.4138693364	1.3675892	0.9905661946	0.9918331864
-0.001503759398	0.3045483497	0.4161412196	1.366420865	0.9968553982	0.9972777288
0.001503759398	0.3064697584	0.4184131028	1.36526718	1.003144602	1.002722271
0.004511278195	0.308391167	0.420684986	1.364127871	1.009433805	1.008166814
0.007518796992	0.3103125756	0.4229568692	1.36300267	1.015723009	1.013611356
0.01052631579	0.3122339843	0.4252287524	1.361891318	1.022012212	1.019055898
0.01353383459	0.3141553929	0.4275006356	1.36079356	1.028301416	1.024500441
0.01654135338	0.3160768015	0.4297725188	1.359709149	1.03459062	1.029944983
0.01954887218	0.3179982102	0.432044402	1.358637842	1.040879823	1.035389525
0.02255639098	0.3199196188	0.4343162851	1.357579403	1.047169027	1.040834068
0.02556390977	0.3218410274	0.4365881683	1.356533602	1.05345823	1.04627861
0.02857142857	0.3237624361	0.4388600515	1.355500214	1.059747434	1.051723153
0.03157894737	0.3256838447	0.4411319347	1.35447902	1.066036637	1.057167695
0.03458646617	0.3276052533	0.4434038179	1.353469804	1.072325841	1.062612237
0.03759398496	0.329526662	0.4456757011	1.352472357	1.078615045	1.06805678
0.04060150376	0.3314480706	0.4479475843	1.351486474	1.084904248	1.073501322
0.04360902256	0.3333694792	0.4502194675	1.350511956	1.091193452	1.078945865
0.04661654135	0.3352908879	0.4524913506	1.349548607	1.097482655	1.084390407
0.04962406015	0.3372122965	0.4547632338	1.348596236	1.103771859	1.089834949
0.05263157895	0.3391337051	0.457035117	1.347654657	1.110061062	1.095279492
0.05563909774	0.3410551138	0.4593070002	1.346723687	1.116350266	1.100724034
0.05864661654	0.3429765224	0.4615788834	1.345803148	1.12263947	1.106168576
0.06165413534	0.344897931	0.4638507666	1.344892865	1.128928673	1.111613119
0.06466165414	0.3468193397	0.4661226498	1.343992668	1.135217877	1.117057661
0.06766917293	0.3487407483	0.468394533	1.343102391	1.14150708	1.122502204
0.07067669173	0.3506621569	0.4706664162	1.34222187	1.147796284	1.127946746
0.07368421053	0.3525835656	0.4729382993	1.341350946	1.154085487	1.133391288
0.07669172932	0.3545049742	0.4752101825	1.340489463	1.160374691	1.138835831
0.07969924812	0.3564263828	0.4774820657	1.339637268	1.166663895	1.144280373
0.08270676692	0.3583477915	0.4797539489	1.338794211	1.172953098	1.149724915
0.08571428571	0.3602692001	0.4820258321	1.337960147	1.179242302	1.155169458
0.08872180451	0.3621906087	0.4842977153	1.337134933	1.185531505	1.160614
0.09172932331	0.3641120174	0.4865695985	1.336318427	1.191820709	1.166058543
0.09473684211	0.366033426	0.4888414817	1.335510494	1.198109912	1.171503085
0.0977443609	0.3679548346	0.4911133648	1.334710999	1.204399116	1.176947627
0.1007518797	0.3698762433	0.493385248	1.33391981	1.21068832	1.18239217
0.1037593985	0.3717976519	0.4956571312	1.333136798	1.216977523	1.187836712
0.1067669173	0.3737190605	0.4979290144	1.332361838	1.223266727	1.193281254
0.1097744361	0.3756404692	0.5002008976	1.331594806	1.22955593	1.198725797
0.1127819549	0.3775618778	0.5024727808	1.33083558	1.235845134	1.204170339
0.1157894737	0.3794832864	0.504744664	1.330084043	1.242134337	1.209614882
0.1187969925	0.3814046951	0.5070165472	1.329340078	1.248423541	1.215059424
0.1218045113	0.3833261037	0.5092884304	1.328603571	1.254712745	1.220503966
0.1248120301	0.3852475123	0.5115603135	1.327874411	1.261001948	1.225948509
0.1278195489	0.387168921	0.5138321967	1.327152488	1.267291152	1.231393051
0.1308270677	0.3890903296	0.5161040799	1.326437695	1.273580355	1.236837594
0.1338345865	0.3910117382	0.5183759631	1.325729927	1.279869559	1.242282136
0.1368421053	0.3929331469	0.5206478463	1.32502908	1.286158762	1.247726678
0.1398496241	0.3948545555	0.5229197295	1.324335055	1.292447966	1.253171221
0.1428571429	0.3967759641	0.5251916127	1.323647751	1.29873717	1.258615763
0.1458646617	0.3986973728	0.5274634959	1.322967072	1.305026373	1.264060305
0.1488721805	0.4006187814	0.5297353791	1.322292922	1.311315577	1.269504848
0.1518796992	0.40254019	0.5320072622	1.321625208	1.31760478	1.27494939
0.154887218	0.4044615987	0.5342791454	1.320963837	1.323893984	1.280393933
0.1578947368	0.4063830073	0.5365510286	1.320308721	1.330183187	1.285838475
0.1609022556	0.4083044159	0.5388229118	1.31965977	1.336472391	1.291283017
0.1639097744	0.4102258246	0.541094795	1.319016899	1.342761595	1.29672756
0.1669172932	0.4121472332	0.5433666782	1.318380022	1.349050798	1.302172102
0.169924812	0.4140686418	0.5456385614	1.317749055	1.355340002	1.307616644
0.1729323308	0.4159900505	0.5479104446	1.317123917	1.361629205	1.313061187
0.1759398496	0.4179114591	0.5501823277	1.316504527	1.367918409	1.318505729
0.1789473684	0.4198328677	0.5524542109	1.315890807	1.374207612	1.323950272
0.1819548872	0.4217542764	0.5547260941	1.315282678	1.380496816	1.329394814
0.184962406	0.423675685	0.5569979773	1.314680065	1.38678602	1.334839356
0.1879699248	0.4255970936	0.5592698605	1.314082894	1.393075223	1.340283899
0.1909774436	0.4275185023	0.5615417437	1.31349109	1.399364427	1.345728441
0.1939849624	0.4294399109	0.5638136269	1.312904582	1.40565363	1.351172983
0.1969924812	0.4313613195	0.5660855101	1.312323299	1.411942834	1.356617526
0.2	0.4332827282	0.5683573933	1.311747172	1.418232037	1.362062068
0.2030075188	0.4352041368	0.5706292764	1.311176131	1.424521241	1.367506611
0.2060150376	0.4371255454	0.5729011596	1.310610111	1.430810444	1.372951153
0.2090225564	0.4390469541	0.5751730428	1.310049045	1.437099648	1.378395695
0.2120300752	0.4409683627	0.577444926	1.309492868	1.443388852	1.383840238
0.215037594	0.4428897713	0.5797168092	1.308941517	1.449678055	1.38928478
0.2180451128	0.44481118	0.5819886924	1.308394929	1.455967259	1.394729323
0.2210526316	0.4467325886	0.5842605756	1.307853043	1.462256462	1.400173865
0.2240601504	0.4486539972	0.5865324588	1.307315799	1.468545666	1.405618407
0.2270676692	0.4505754059	0.5888043419	1.306783136	1.474834869	1.41106295
0.230075188	0.4524968145	0.5910762251	1.306254997	1.481124073	1.416507492
0.2330827068	0.4544182231	0.5933481083	1.305731324	1.487413277	1.421952034
0.2360902256	0.4563396318	0.5956199915	1.305212061	1.49370248	1.427396577
0.2390977444	0.4582610404	0.5978918747	1.304697153	1.499991684	1.432841119
0.2421052632	0.460182449	0.6001637579	1.304186544	1.506280887	1.438285662
0.245112782	0.4621038577	0.6024356411	1.303680182	1.512570091	1.443730204
0.2481203008	0.4640252663	0.6047075243	1.303178012	1.518859294	1.449174746
0.2511278195	0.4659466749	0.6069794075	1.302679985	1.525148498	1.454619289
0.2541353383	0.4678680836	0.6092512906	1.302186048	1.531437702	1.460063831
0.2571428571	0.4697894922	0.6115231738	1.301696151	1.537726905	1.465508373
0.2601503759	0.4717109008	0.613795057	1.301210245	1.544016109	1.470952916
0.2631578947	0.4736323095	0.6160669402	1.300728282	1.550305312	1.476397458
0.2661654135	0.4755537181	0.6183388234	1.300250213	1.556594516	1.481842001
0.2691729323	0.4774751267	0.6206107066	1.299775992	1.562883719	1.487286543
0.2721804511	0.4793965354	0.6228825898	1.299305572	1.569172923	1.492731085
0.2751879699	0.481317944	0.625154473	1.298838908	1.575462127	1.498175628
0.2781954887	0.4832393526	0.6274263562	1.298375955	1.58175133	1.50362017
0.2812030075	0.4851607613	0.6296982393	1.297916669	1.588040534	1.509064712
0.2842105263	0.4870821699	0.6319701225	1.297461007	1.594329737	1.514509255
0.2872180451	0.4890035785	0.6342420057	1.297008925	1.600618941	1.519953797
0.2902255639	0.4909249872	0.6365138889	1.296560382	1.606908144	1.52539834
0.2932330827	0.4928463958	0.6387857721	1.296115336	1.613197348	1.530842882
0.2962406015	0.4947678044	0.6410576553	1.295673747	1.619486552	1.536287424
0.2992481203	0.4966892131	0.6433295385	1.295235575	1.625775755	1.541731967
0.3022556391	0.4986106217	0.6456014217	1.29480078	1.632064959	1.547176509
0.3052631579	0.5005320303	0.6478733048	1.294369322	1.638354162	1.552621052
0.3082706767	0.502453439	0.650145188	1.293941165	1.644643366	1.558065594
0.3112781955	0.5043748476	0.6524170712	1.293516269	1.650932569	1.563510136
0.3142857143	0.5062962562	0.6546889544	1.293094599	1.657221773	1.568954679
0.3172932331	0.5082176649	0.6569608376	1.292676117	1.663510977	1.574399221
0.3203007519	0.5101390735	0.6592327208	1.292260787	1.66980018	1.579843763
0.3233082707	0.5120604821	0.661504604	1.291848575	1.676089384	1.585288306
0.3263157895	0.5139818908	0.6637764872	1.291439444	1.682378587	1.590732848
0.3293233083	0.5159032994	0.6660483704	1.291033361	1.688667791	1.596177391
0.3323308271	0.517824708	0.6683202535	1.290630291	1.694956994	1.601621933
0.3353383459	0.5197461167	0.6705921367	1.290230201	1.701246198	1.607066475
0.3383458647	0.5216675253	0.6728640199	1.289833059	1.707535402	1.612511018
0.3413533835	0.5235889339	0.6751359031	1.289438831	1.713824605	1.61795556
0.3443609023	0.5255103426	0.6774077863	1.289047487	1.720113809	1.623400102
0.3473684211	0.5274317512	0.6796796695	1.288658993	1.726403012	1.628844645
0.3503759398	0.5293531598	0.6819515527	1.28827332	1.732692216	1.634289187
0.3533834586	0.5312745685	0.6842234359	1.287890436	1.738981419	1.63973373
0.3563909774	0.5331959771	0.686495319	1.287510312	1.745270623	1.645178272
0.3593984962	0.5351173857	0.6887672022	1.287132918	1.751559827	1.650622814
0.362406015	0.5370387944	0.6910390854	1.286758224	1.75784903	1.656067357
0.3654135338	0.538960203	0.6933109686	1.286386202	1.764138234	1.661511899
0.3684210526	0.5408816116	0.6955828518	1.286016823	1.770427437	1.666956442
0.3714285714	0.5428030203	0.697854735	1.285650059	1.776716641	1.672400984
0.3744360902	0.5447244289	0.7001266182	1.285285882	1.783005844	1.677845526
0.377443609	0.5466458375	0.7023985014	1.284924266	1.789295048	1.683290069
0.3804511278	0.5485672462	0.7046703846	1.284565182	1.795584252	1.688734611
0.3834586466	0.5504886548	0.7069422677	1.284208606	1.801873455	1.694179153
0.3864661654	0.5524100634	0.7092141509	1.283854509	1.808162659	1.699623696
0.3894736842	0.5543314721	0.7114860341	1.283502868	1.814451862	1.705068238
0.392481203	0.5562528807	0.7137579173	1.283153656	1.820741066	1.710512781
0.3954887218	0.5581742893	0.7160298005	1.282806848	1.827030269	1.715957323
0.3984962406	0.560095698	0.7183016837	1.282462419	1.833319473	1.721401865
0.4015037594	0.5620171066	0.7205735669	1.282120345	1.839608676	1.726846408
0.4045112782	0.5639385152	0.7228454501	1.281780603	1.84589788	1.73229095
0.407518797	0.5658599239	0.7251173332	1.281443168	1.852187084	1.737735492
0.4105263158	0.5677813325	0.7273892164	1.281108016	1.858476287	1.743180035
0.4135338346	0.5697027411	0.7296610996	1.280775125	1.864765491	1.748624577
0.4165413534	0.5716241498	0.7319329828	1.280444472	1.871054694	1.75406912
0.4195488722	0.5735455584	0.734204866	1.280116035	1.877343898	1.759513662
0.422556391	0.575466967	0.7364767492	1.279789791	1.883633101	1.764958204
0.4255639098	0.5773883757	0.7387486324	1.279465718	1.889922305	1.770402747
0.4285714286	0.5793097843	0.7410205156	1.279143794	1.896211509	1.775847289
0.4315789474	0.5812311929	0.7432923988	1.278823999	1.902500712	1.781291831
0.4345864662	0.5831526016	0.7455642819	1.278506312	1.908789916	1.786736374
0.437593985	0.5850740102	0.7478361651	1.278190711	1.915079119	1.792180916
0.4406015038	0.5869954188	0.7501080483	1.277877176	1.921368323	1.797625459
0.4436090226	0.5889168275	0.7523799315	1.277565687	1.927657526	1.803070001
0.4466165414	0.5908382361	0.7546518147	1.277256224	1.93394673	1.808514543
0.4496240602	0.5927596447	0.7569236979	1.276948768	1.940235934	1.813959086
0.4526315789	0.5946810534	0.7591955811	1.276643298	1.946525137	1.819403628
0.4556390977	0.596602462	0.7614674643	1.276339795	1.952814341	1.824848171
0.4586466165	0.5985238706	0.7637393475	1.276038242	1.959103544	1.830292713
0.4616541353	0.6004452793	0.7660112306	1.275738618	1.965392748	1.835737255
0.4646616541	0.6023666879	0.7682831138	1.275440905	1.971681951	1.841181798
0.4676691729	0.6042880965	0.770554997	1.275145086	1.977971155	1.84662634
0.4706766917	0.6062095052	0.7728268802	1.274851142	1.984260359	1.852070882
0.4736842105	0.6081309138	0.7750987634	1.274559056	1.990549562	1.857515425
0.4766917293	0.6100523224	0.7773706466	1.274268809	1.996838766	1.862959967
0.4796992481	0.6119737311	0.7796425298	1.273980385	2.003127969	1.86840451
0.4827067669	0.6138951397	0.781914413	1.273693767	2.009417173	1.873849052
0.4857142857	0.6158165483	0.7841862961	1.273408937	2.015706376	1.879293594
0.4887218045	0.617737957	0.7864581793	1.273125879	2.02199558	1.884738137
0.4917293233	0.6196593656	0.7887300625	1.272844576	2.028284784	1.890182679
0.4947368421	0.6215807742	0.7910019457	1.272565012	2.034573987	1.895627221
0.4977443609	0.6235021829	0.7932738289	1.272287172	2.040863191	1.901071764
0.5007518797	0.6254235915	0.7955457121	1.272011038	2.047152394	1.906516306
0.5037593985	0.6273450001	0.7978175953	1.271736596	2.053441598	1.911960849
0.5067669173	0.6292664088	0.8000894785	1.27146383	2.059730801	1.917405391
0.5097744361	0.6311878174	0.8023613617	1.271192725	2.066020005	1.922849933
0.5127819549	0.633109226	0.8046332448	1.270923265	2.072309209	1.928294476
0.5157894737	0.6350306347	0.806905128	1.270655436	2.078598412	1.933739018
0.5187969925	0.6369520433	0.8091770112	1.270389223	2.084887616	1.93918356
0.5218045113	0.6388734519	0.8114488944	1.270124611	2.091176819	1.944628103
0.5248120301	0.6407948606	0.8137207776	1.269861585	2.097466023	1.950072645
0.5278195489	0.6427162692	0.8159926608	1.269600133	2.103755226	1.955517188
0.5308270677	0.6446376778	0.818264544	1.269340239	2.11004443	1.96096173
0.5338345865	0.6465590865	0.8205364272	1.26908189	2.116333634	1.966406272
0.5368421053	0.6484804951	0.8228083103	1.268825071	2.122622837	1.971850815
0.5398496241	0.6504019037	0.8250801935	1.26856977	2.128912041	1.977295357
0.5428571429	0.6523233124	0.8273520767	1.268315973	2.135201244	1.9827399
0.5458646617	0.654244721	0.8296239599	1.268063667	2.141490448	1.988184442
0.5488721805	0.6561661296	0.8318958431	1.267812838	2.147779651	1.993628984
0.5518796992	0.6580875383	0.8341677263	1.267563474	2.154068855	1.999073527
0.554887218	0.6600089469	0.8364396095	1.267315562	2.160358059	2.004518069
0.5578947368	0.6619303555	0.8387114927	1.267069089	2.166647262	2.009962611
0.5609022556	0.6638517642	0.8409833759	1.266824043	2.172936466	2.015407154
0.5639097744	0.6657731728	0.843255259	1.266580411	2.179225669	2.020851696
0.5669172932	0.6676945814	0.8455271422	1.266338182	2.185514873	2.026296239
0.569924812	0.6696159901	0.8477990254	1.266097342	2.191804076	2.031740781
0.5729323308	0.6715373987	0.8500709086	1.265857881	2.19809328	2.037185323
0.5759398496	0.6734588073	0.8523427918	1.265619786	2.204382484	2.042629866
0.5789473684	0.675380216	0.854614675	1.265383046	2.210671687	2.048074408
0.5819548872	0.6773016246	0.8568865582	1.265147649	2.216960891	2.05351895
0.584962406	0.6792230332	0.8591584414	1.264913584	2.223250094	2.058963493
0.5879699248	0.6811444419	0.8614303246	1.264680839	2.229539298	2.064408035
0.5909774436	0.6830658505	0.8637022077	1.264449404	2.235828501	2.069852578
0.5939849624	0.6849872591	0.8659740909	1.264219267	2.242117705	2.07529712
0.5969924812	0.6869086678	0.8682459741	1.263990418	2.248406908	2.080741662
0.6	0.6888300764	0.8705178573	1.263762845	2.254696112	2.086186205
0.6030075188	0.690751485	0.8727897405	1.263536539	2.260985316	2.091630747
0.6060150376	0.6926728937	0.8750616237	1.263311488	2.267274519	2.097075289
0.6090225564	0.6945943023	0.8773335069	1.263087682	2.273563723	2.102519832
0.6120300752	0.6965157109	0.8796053901	1.26286511	2.279852926	2.107964374
0.615037594	0.6984371196	0.8818772732	1.262643764	2.28614213	2.113408917
0.6180451128	0.7003585282	0.8841491564	1.262423631	2.292431333	2.118853459
0.6210526316	0.7022799368	0.8864210396	1.262204704	2.298720537	2.124298001
0.6240601504	0.7042013455	0.8886929228	1.261986971	2.305009741	2.129742544
0.6270676692	0.7061227541	0.890964806	1.261770423	2.311298944	2.135187086
0.630075188	0.7080441627	0.8932366892	1.26155505	2.317588148	2.140631629
0.6330827068	0.7099655714	0.8955085724	1.261340843	2.323877351	2.146076171
0.6360902256	0.71188698	0.8977804556	1.261127792	2.330166555	2.151520713
0.6390977444	0.7138083886	0.9000523388	1.260915889	2.336455758	2.156965256
0.6421052632	0.7157297973	0.9023242219	1.260705123	2.342744962	2.162409798
0.645112782	0.7176512059	0.9045961051	1.260495485	2.349034166	2.16785434
0.6481203008	0.7195726145	0.9068679883	1.260286968	2.355323369	2.173298883
0.6511278195	0.7214940232	0.9091398715	1.26007956	2.361612573	2.178743425
0.6541353383	0.7234154318	0.9114117547	1.259873255	2.367901776	2.184187968
0.6571428571	0.7253368404	0.9136836379	1.259668042	2.37419098	2.18963251
0.6601503759	0.7272582491	0.9159555211	1.259463914	2.380480183	2.195077052
0.6631578947	0.7291796577	0.9182274043	1.259260862	2.386769387	2.200521595
0.6661654135	0.7311010663	0.9204992874	1.259058877	2.393058591	2.205966137
0.6691729323	0.733022475	0.9227711706	1.258857951	2.399347794	2.211410679
0.6721804511	0.7349438836	0.9250430538	1.258658075	2.405636998	2.216855222
0.6751879699	0.7368652922	0.927314937	1.258459242	2.411926201	2.222299764
0.6781954887	0.7387867009	0.9295868202	1.258261443	2.418215405	2.227744307
0.6812030075	0.7407081095	0.9318587034	1.25806467	2.424504608	2.233188849
0.6842105263	0.7426295181	0.9341305866	1.257868915	2.430793812	2.238633391
0.6872180451	0.7445509268	0.9364024698	1.257674171	2.437083016	2.244077934
0.6902255639	0.7464723354	0.938674353	1.25748043	2.443372219	2.249522476
0.6932330827	0.748393744	0.9409462361	1.257287683	2.449661423	2.254967019
0.6962406015	0.7503151527	0.9432181193	1.257095923	2.455950626	2.260411561
0.6992481203	0.7522365613	0.9454900025	1.256905143	2.46223983	2.265856103
0.7022556391	0.7541579699	0.9477618857	1.256715335	2.468529033	2.271300646
0.7052631579	0.7560793786	0.9500337689	1.256526492	2.474818237	2.276745188
0.7082706767	0.7580007872	0.9523056521	1.256338606	2.481107441	2.28218973
0.7112781955	0.7599221958	0.9545775353	1.25615167	2.487396644	2.287634273
0.7142857143	0.7618436045	0.9568494185	1.255965677	2.493685848	2.293078815
0.7172932331	0.7637650131	0.9591213017	1.25578062	2.499975051	2.298523358
0.7203007519	0.7656864217	0.9613931848	1.255596492	2.506264255	2.3039679
0.7233082707	0.7676078304	0.963665068	1.255413285	2.512553458	2.309412442
0.7263157895	0.769529239	0.9659369512	1.255230994	2.518842662	2.314856985
0.7293233083	0.7714506476	0.9682088344	1.25504961	2.525131866	2.320301527
0.7323308271	0.7733720563	0.9704807176	1.254869128	2.531421069	2.325746069
0.7353383459	0.7752934649	0.9727526008	1.25468954	2.537710273	2.331190612
0.7383458647	0.7772148735	0.975024484	1.25451084	2.543999476	2.336635154
0.7413533835	0.7791362822	0.9772963672	1.254333022	2.55028868	2.342079697
0.7443609023	0.7810576908	0.9795682503	1.254156078	2.556577883	2.347524239
0.7473684211	0.7829790994	0.9818401335	1.253980003	2.562867087	2.352968781
0.7503759398	0.7849005081	0.9841120167	1.25380479	2.569156291	2.358413324
0.7533834586	0.7868219167	0.9863838999	1.253630433	2.575445494	2.363857866
0.7563909774	0.7887433253	0.9886557831	1.253456925	2.581734698	2.369302408
0.7593984962	0.790664734	0.9909276663	1.25328426	2.588023901	2.374746951
0.762406015	0.7925861426	0.9931995495	1.253112433	2.594313105	2.380191493
0.7654135338	0.7945075512	0.9954714327	1.252941437	2.600602308	2.385636036
0.7684210526	0.7964289599	0.9977433159	1.252771265	2.606891512	2.391080578
0.7714285714	0.7983503685	1.000015199	1.252601913	2.613180716	2.39652512
0.7744360902	0.8002717771	1.002287082	1.252433374	2.619469919	2.401969663
0.777443609	0.8021931858	1.004558965	1.252265643	2.625759123	2.407414205
0.7804511278	0.8041145944	1.006830849	1.252098713	2.632048326	2.412858748
0.7834586466	0.806036003	1.009102732	1.251932579	2.63833753	2.41830329
0.7864661654	0.8079574117	1.011374615	1.251767235	2.644626733	2.423747832
0.7894736842	0.8098788203	1.013646498	1.251602675	2.650915937	2.429192375
0.792481203	0.8118002289	1.015918381	1.251438895	2.65720514	2.434636917
0.7954887218	0.8137216376	1.018190265	1.251275888	2.663494344	2.440081459
0.7984962406	0.8156430462	1.020462148	1.251113649	2.669783548	2.445526002
0.8015037594	0.8175644548	1.022734031	1.250952173	2.676072751	2.450970544
0.8045112782	0.8194858635	1.025005914	1.250791453	2.682361955	2.456415087
0.807518797	0.8214072721	1.027277797	1.250631486	2.688651158	2.461859629
0.8105263158	0.8233286807	1.02954968	1.250472265	2.694940362	2.467304171
0.8135338346	0.8252500894	1.031821564	1.250313786	2.701229565	2.472748714
0.8165413534	0.827171498	1.034093447	1.250156043	2.707518769	2.478193256
0.8195488722	0.8290929066	1.03636533	1.249999031	2.713807973	2.483637798
0.822556391	0.8310143153	1.038637213	1.249842745	2.720097176	2.489082341
0.8255639098	0.8329357239	1.040909096	1.249687181	2.72638638	2.494526883
0.8285714286	0.8348571325	1.04318098	1.249532332	2.732675583	2.499971426
0.8315789474	0.8367785412	1.045452863	1.249378194	2.738964787	2.505415968
0.8345864662	0.8386999498	1.047724746	1.249224763	2.74525399	2.51086051
0.837593985	0.8406213584	1.049996629	1.249072033	2.751543194	2.516305053
0.8406015038	0.8425427671	1.052268512	1.24892	2.757832398	2.521749595
0.8436090226	0.8444641757	1.054540396	1.248768658	2.764121601	2.527194137
0.8466165414	0.8463855843	1.056812279	1.248618004	2.770410805	2.53263868
0.8496240602	0.848306993	1.059084162	1.248468032	2.776700008	2.538083222
0.8526315789	0.8502284016	1.061356045	1.248318738	2.782989212	2.543527765
0.8556390977	0.8521498102	1.063627928	1.248170117	2.789278415	2.548972307
0.8586466165	0.8540712189	1.065899812	1.248022165	2.795567619	2.554416849
0.8616541353	0.8559926275	1.068171695	1.247874877	2.801856823	2.559861392
0.8646616541	0.8579140361	1.070443578	1.247728249	2.808146026	2.565305934
0.8676691729	0.8598354448	1.072715461	1.247582276	2.81443523	2.570750477
0.8706766917	0.8617568534	1.074987344	1.247436954	2.820724433	2.576195019
0.8736842105	0.863678262	1.077259227	1.247292279	2.827013637	2.581639561
0.8766917293	0.8655996707	1.079531111	1.247148246	2.83330284	2.587084104
0.8796992481	0.8675210793	1.081802994	1.247004851	2.839592044	2.592528646
0.8827067669	0.8694424879	1.084074877	1.246862089	2.845881248	2.597973188
0.8857142857	0.8713638966	1.08634676	1.246719958	2.852170451	2.603417731
0.8887218045	0.8732853052	1.088618643	1.246578451	2.858459655	2.608862273
0.8917293233	0.8752067138	1.090890527	1.246437567	2.864748858	2.614306816
0.8947368421	0.8771281225	1.09316241	1.246297299	2.871038062	2.619751358
0.8977443609	0.8790495311	1.095434293	1.246157644	2.877327265	2.6251959
0.9007518797	0.8809709397	1.097706176	1.246018599	2.883616469	2.630640443
0.9037593985	0.8828923484	1.099978059	1.245880159	2.889905673	2.636084985
0.9067669173	0.884813757	1.102249943	1.24574232	2.896194876	2.641529527
0.9097744361	0.8867351656	1.104521826	1.245605079	2.90248408	2.64697407
0.9127819549	0.8886565743	1.106793709	1.245468431	2.908773283	2.652418612
0.9157894737	0.8905779829	1.109065592	1.245332372	2.915062487	2.657863155
0.9187969925	0.8924993915	1.111337475	1.2451969	2.92135169	2.663307697
0.9218045113	0.8944208001	1.113609358	1.245062009	2.927640894	2.668752239
0.9248120301	0.8963422088	1.115881242	1.244927697	2.933930098	2.674196782
0.9278195489	0.8982636174	1.118153125	1.244793959	2.940219301	2.679641324
0.9308270677	0.900185026	1.120425008	1.244660793	2.946508505	2.685085867
0.9338345865	0.9021064347	1.122696891	1.244528193	2.952797708	2.690530409
0.9368421053	0.9040278433	1.124968774	1.244396157	2.959086912	2.695974951
0.9398496241	0.9059492519	1.127240658	1.244264682	2.965376115	2.701419494
0.9428571429	0.9078706606	1.129512541	1.244133762	2.971665319	2.706864036
0.9458646617	0.9097920692	1.131784424	1.244003396	2.977954523	2.712308578
0.9488721805	0.9117134778	1.134056307	1.243873579	2.984243726	2.717753121
0.9518796992	0.9136348865	1.13632819	1.243744309	2.99053293	2.723197663
0.954887218	0.9155562951	1.138600074	1.243615581	2.996822133	2.728642206
0.9578947368	0.9174777037	1.140871957	1.243487392	3.003111337	2.734086748
0.9609022556	0.9193991124	1.14314384	1.243359738	3.00940054	2.73953129
0.9639097744	0.921320521	1.145415723	1.243232618	3.015689744	2.744975833
0.9669172932	0.9232419296	1.147687606	1.243106026	3.021978948	2.750420375
0.969924812	0.9251633383	1.149959489	1.24297996	3.028268151	2.755864917
0.9729323308	0.9270847469	1.152231373	1.242854417	3.034557355	2.76130946
0.9759398496	0.9290061555	1.154503256	1.242729393	3.040846558	2.766754002
0.9789473684	0.9309275642	1.156775139	1.242604885	3.047135762	2.772198545
0.9819548872	0.9328489728	1.159047022	1.24248089	3.053424965	2.777643087
0.984962406	0.9347703814	1.161318905	1.242357405	3.059714169	2.783087629
0.9879699248	0.9366917901	1.163590789	1.242234426	3.066003372	2.788532172
0.9909774436	0.9386131987	1.165862672	1.242111951	3.072292576	2.793976714
0.9939849624	0.9405346073	1.168134555	1.241989977	3.07858178	2.799421256
0.9969924812	0.942456016	1.170406438	1.241868499	3.084870983	2.804865799
1	0.9443774246	1.172678321	1.241747516	3.091160187	2.810310341
