# VHH-NNLO SMEFT scan points
# process: ZHH
# energy_tev: 13.6
# scan_axis: phiW
# fixed_wcs: phi=0,phiB=0,phiBox=0,phiD=0,phiQ3rd=0,phiW=0,phiWB=0,phid=0,phiq1st=0,phiq3st=0,phiu=0,tphi=0
#
phiW	sigma_lo	sigma_nnlo	k	sigma_smeft_over_sm_lo	sigma_smeft_over_sm_nnlo
-0.4	0.1195879364	0.1938677702	1.621131496	0.4113821673	0.4890616744
-0.3964912281	0.121088901	0.1956444354	1.615709068	0.4165454816	0.4935435895
-0.3929824561	0.1225898657	0.1974211007	1.610419422	0.4217087959	0.4980255047
-0.3894736842	0.1240908304	0.199197766	1.60525774	0.4268721102	0.5025074198
-0.3859649123	0.1255917951	0.2009744312	1.600219434	0.4320354246	0.5069893349
-0.3824561404	0.1270927598	0.2027510965	1.595300133	0.4371987389	0.5114712501
-0.3789473684	0.1285937245	0.2045277618	1.590495669	0.4423620532	0.5159531652
-0.3754385965	0.1300946891	0.2063044271	1.585802068	0.4475253675	0.5204350803
-0.3719298246	0.1315956538	0.2080810923	1.581215536	0.4526886819	0.5249169955
-0.3684210526	0.1330966185	0.2098577576	1.576732452	0.4578519962	0.5293989106
-0.3649122807	0.1345975832	0.2116344229	1.572349353	0.4630153105	0.5338808257
-0.3614035088	0.1360985479	0.2134110882	1.568062933	0.4681786248	0.5383627409
-0.3578947368	0.1375995126	0.2151877534	1.563870027	0.4733419391	0.542844656
-0.3543859649	0.1391004773	0.2169644187	1.559767608	0.4785052535	0.5473265712
-0.350877193	0.1406014419	0.218741084	1.555752779	0.4836685678	0.5518084863
-0.3473684211	0.1421024066	0.2205177493	1.551822763	0.4888318821	0.5562904014
-0.3438596491	0.1436033713	0.2222944145	1.547974901	0.4939951964	0.5607723166
-0.3403508772	0.145104336	0.2240710798	1.544206645	0.4991585108	0.5652542317
-0.3368421053	0.1466053007	0.2258477451	1.540515548	0.5043218251	0.5697361468
-0.3333333333	0.1481062654	0.2276244104	1.536899265	0.5094851394	0.574218062
-0.3298245614	0.14960723	0.2294010756	1.533355544	0.5146484537	0.5786999771
-0.3263157895	0.1511081947	0.2311777409	1.529882223	0.519811768	0.5831818923
-0.3228070175	0.1526091594	0.2329544062	1.526477225	0.5249750824	0.5876638074
-0.3192982456	0.1541101241	0.2347310714	1.523138553	0.5301383967	0.5921457225
-0.3157894737	0.1556110888	0.2365077367	1.519864289	0.535301711	0.5966276377
-0.3122807018	0.1571120535	0.238284402	1.516652585	0.5404650253	0.6011095528
-0.3087719298	0.1586130181	0.2400610673	1.513501666	0.5456283397	0.6055914679
-0.3052631579	0.1601139828	0.2418377325	1.510409824	0.550791654	0.6100733831
-0.301754386	0.1616149475	0.2436143978	1.50737541	0.5559549683	0.6145552982
-0.298245614	0.1631159122	0.2453910631	1.504396841	0.5611182826	0.6190372134
-0.2947368421	0.1646168769	0.2471677284	1.501472589	0.5662815969	0.6235191285
-0.2912280702	0.1661178416	0.2489443936	1.498601182	0.5714449113	0.6280010436
-0.2877192982	0.1676188062	0.2507210589	1.495781199	0.5766082256	0.6324829588
-0.2842105263	0.1691197709	0.2524977242	1.493011271	0.5817715399	0.6369648739
-0.2807017544	0.1706207356	0.2542743895	1.490290078	0.5869348542	0.641446789
-0.2771929825	0.1721217003	0.2560510547	1.487616345	0.5920981686	0.6459287042
-0.2736842105	0.173622665	0.25782772	1.484988841	0.5972614829	0.6504106193
-0.2701754386	0.1751236297	0.2596043853	1.482406377	0.6024247972	0.6548925344
-0.2666666667	0.1766245943	0.2613810506	1.479867804	0.6075881115	0.6593744496
-0.2631578947	0.178125559	0.2631577158	1.477372014	0.6127514258	0.6638563647
-0.2596491228	0.1796265237	0.2649343811	1.474917933	0.6179147402	0.6683382799
-0.2561403509	0.1811274884	0.2667110464	1.472504526	0.6230780545	0.672820195
-0.2526315789	0.1826284531	0.2684877117	1.470130788	0.6282413688	0.6773021101
-0.249122807	0.1841294178	0.2702643769	1.46779575	0.6334046831	0.6817840253
-0.2456140351	0.1856303824	0.2720410422	1.465498474	0.6385679975	0.6862659404
-0.2421052632	0.1871313471	0.2738177075	1.46323805	0.6437313118	0.6907478555
-0.2385964912	0.1886323118	0.2755943727	1.461013599	0.6488946261	0.6952297707
-0.2350877193	0.1901332765	0.277371038	1.458824269	0.6540579404	0.6997116858
-0.2315789474	0.1916342412	0.2791477033	1.456669234	0.6592212547	0.704193601
-0.2280701754	0.1931352059	0.2809243686	1.454547695	0.6643845691	0.7086755161
-0.2245614035	0.1946361705	0.2827010338	1.452458878	0.6695478834	0.7131574312
-0.2210526316	0.1961371352	0.2844776991	1.45040203	0.6747111977	0.7176393464
-0.2175438596	0.1976380999	0.2862543644	1.448376424	0.679874512	0.7221212615
-0.2140350877	0.1991390646	0.2880310297	1.446381353	0.6850378264	0.7266031766
-0.2105263158	0.2006400293	0.2898076949	1.444416132	0.6902011407	0.7310850918
-0.2070175439	0.202140994	0.2915843602	1.442480095	0.695364455	0.7355670069
-0.2035087719	0.2036419586	0.2933610255	1.440572598	0.7005277693	0.7400489221
-0.2	0.2051429233	0.2951376908	1.438693014	0.7056910836	0.7445308372
-0.1964912281	0.206643888	0.296914356	1.436840735	0.710854398	0.7490127523
-0.1929824561	0.2081448527	0.2986910213	1.435015171	0.7160177123	0.7534946675
-0.1894736842	0.2096458174	0.3004676866	1.433215746	0.7211810266	0.7579765826
-0.1859649123	0.2111467821	0.3022443519	1.431441905	0.7263443409	0.7624584977
-0.1824561404	0.2126477468	0.3040210171	1.429693104	0.7315076553	0.7669404129
-0.1789473684	0.2141487114	0.3057976824	1.427968818	0.7366709696	0.771422328
-0.1754385965	0.2156496761	0.3075743477	1.426268535	0.7418342839	0.7759042431
-0.1719298246	0.2171506408	0.309351013	1.424591757	0.7469975982	0.7803861583
-0.1684210526	0.2186516055	0.3111276782	1.422938	0.7521609125	0.7848680734
-0.1649122807	0.2201525702	0.3129043435	1.421306793	0.7573242269	0.7893499886
-0.1614035088	0.2216535349	0.3146810088	1.419697678	0.7624875412	0.7938319037
-0.1578947368	0.2231544995	0.316457674	1.418110209	0.7676508555	0.7983138188
-0.1543859649	0.2246554642	0.3182343393	1.416543953	0.7728141698	0.802795734
-0.150877193	0.2261564289	0.3200110046	1.414998486	0.7779774841	0.8072776491
-0.1473684211	0.2276573936	0.3217876699	1.413473399	0.7831407985	0.8117595642
-0.1438596491	0.2291583583	0.3235643351	1.411968289	0.7883041128	0.8162414794
-0.1403508772	0.230659323	0.3253410004	1.410482768	0.7934674271	0.8207233945
-0.1368421053	0.2321602876	0.3271176657	1.409016456	0.7986307414	0.8252053097
-0.1333333333	0.2336612523	0.328894331	1.407568982	0.8037940558	0.8296872248
-0.1298245614	0.235162217	0.3306709962	1.406139985	0.8089573701	0.8341691399
-0.1263157895	0.2366631817	0.3324476615	1.404729114	0.8141206844	0.8386510551
-0.1228070175	0.2381641464	0.3342243268	1.403336026	0.8192839987	0.8431329702
-0.1192982456	0.2396651111	0.3360009921	1.401960388	0.824447313	0.8476148853
-0.1157894737	0.2411660757	0.3377776573	1.400601873	0.8296106274	0.8520968005
-0.1122807018	0.2426670404	0.3395543226	1.399260163	0.8347739417	0.8565787156
-0.1087719298	0.2441680051	0.3413309879	1.397934949	0.839937256	0.8610606308
-0.1052631579	0.2456689698	0.3431076532	1.396625929	0.8451005703	0.8655425459
-0.101754386	0.2471699345	0.3448843184	1.395332807	0.8502638847	0.870024461
-0.09824561404	0.2486708992	0.3466609837	1.394055295	0.855427199	0.8745063762
-0.09473684211	0.2501718638	0.348437649	1.392793113	0.8605905133	0.8789882913
-0.09122807018	0.2516728285	0.3502143142	1.391545986	0.8657538276	0.8834702064
-0.08771929825	0.2531737932	0.3519909795	1.390313646	0.8709171419	0.8879521216
-0.08421052632	0.2546747579	0.3537676448	1.389095832	0.8760804563	0.8924340367
-0.08070175439	0.2561757226	0.3555443101	1.387892289	0.8812437706	0.8969159518
-0.07719298246	0.2576766873	0.3573209753	1.386702767	0.8864070849	0.901397867
-0.07368421053	0.2591776519	0.3590976406	1.385527023	0.8915703992	0.9058797821
-0.0701754386	0.2606786166	0.3608743059	1.384364819	0.8967337136	0.9103616973
-0.06666666667	0.2621795813	0.3626509712	1.383215922	0.9018970279	0.9148436124
-0.06315789474	0.263680546	0.3644276364	1.382080104	0.9070603422	0.9193255275
-0.05964912281	0.2651815107	0.3662043017	1.380957144	0.9122236565	0.9238074427
-0.05614035088	0.2666824754	0.367980967	1.379846825	0.9173869708	0.9282893578
-0.05263157895	0.26818344	0.3697576323	1.378748935	0.9225502852	0.9327712729
-0.04912280702	0.2696844047	0.3715342975	1.377663265	0.9277135995	0.9372531881
-0.04561403509	0.2711853694	0.3733109628	1.376589613	0.9328769138	0.9417351032
-0.04210526316	0.2726863341	0.3750876281	1.375527781	0.9380402281	0.9462170184
-0.03859649123	0.2741872988	0.3768642934	1.374477574	0.9432035425	0.9506989335
-0.0350877193	0.2756882635	0.3786409586	1.373438803	0.9483668568	0.9551808486
-0.03157894737	0.2771892281	0.3804176239	1.372411282	0.9535301711	0.9596627638
-0.02807017544	0.2786901928	0.3821942892	1.371394828	0.9586934854	0.9641446789
-0.02456140351	0.2801911575	0.3839709545	1.370389265	0.9638567997	0.968626594
-0.02105263158	0.2816921222	0.3857476197	1.369394418	0.9690201141	0.9731085092
-0.01754385965	0.2831930869	0.387524285	1.368410116	0.9741834284	0.9775904243
-0.01403508772	0.2846940516	0.3893009503	1.367436194	0.9793467427	0.9820723395
-0.01052631579	0.2861950163	0.3910776155	1.366472487	0.984510057	0.9865542546
-0.00701754386	0.2876959809	0.3928542808	1.365518835	0.9896733714	0.9910361697
-0.00350877193	0.2891969456	0.3946309461	1.364575083	0.9948366857	0.9955180849
-5.551115123e-17	0.2906979103	0.3964076114	1.363641077	1	1
0.00350877193	0.292198875	0.3981842766	1.362716666	1.005163314	1.004481915
0.00701754386	0.2936998397	0.3999609419	1.361801703	1.010326629	1.00896383
0.01052631579	0.2952008044	0.4017376072	1.360896045	1.015489943	1.013445745
0.01403508772	0.296701769	0.4035142725	1.35999955	1.020653257	1.017927661
0.01754385965	0.2982027337	0.4052909377	1.35911208	1.025816572	1.022409576
0.02105263158	0.2997036984	0.407067603	1.358233499	1.030979886	1.026891491
0.02456140351	0.3012046631	0.4088442683	1.357363675	1.0361432	1.031373406
0.02807017544	0.3027056278	0.4106209336	1.356502476	1.041306515	1.035855321
0.03157894737	0.3042065925	0.4123975988	1.355649776	1.046469829	1.040337236
0.0350877193	0.3057075571	0.4141742641	1.354805449	1.051633143	1.044819151
0.03859649123	0.3072085218	0.4159509294	1.353969372	1.056796458	1.049301067
0.04210526316	0.3087094865	0.4177275947	1.353141426	1.061959772	1.053782982
0.04561403509	0.3102104512	0.4195042599	1.352321491	1.067123086	1.058264897
0.04912280702	0.3117114159	0.4212809252	1.351509453	1.072286401	1.062746812
0.05263157895	0.3132123806	0.4230575905	1.350705198	1.077449715	1.067228727
0.05614035088	0.3147133452	0.4248342557	1.349908614	1.082613029	1.071710642
0.05964912281	0.3162143099	0.426610921	1.349119593	1.087776343	1.076192557
0.06315789474	0.3177152746	0.4283875863	1.348338026	1.092939658	1.080674472
0.06666666667	0.3192162393	0.4301642516	1.34756381	1.098102972	1.085156388
0.0701754386	0.320717204	0.4319409168	1.34679684	1.103266286	1.089638303
0.07368421053	0.3222181687	0.4337175821	1.346037016	1.108429601	1.094120218
0.07719298246	0.3237191333	0.4354942474	1.345284237	1.113592915	1.098602133
0.08070175439	0.325220098	0.4372709127	1.344538407	1.118756229	1.103084048
0.08421052632	0.3267210627	0.4390475779	1.34379943	1.123919544	1.107565963
0.08771929825	0.3282220274	0.4408242432	1.343067212	1.129082858	1.112047878
0.09122807018	0.3297229921	0.4426009085	1.34234166	1.134246172	1.116529794
0.09473684211	0.3312239568	0.4443775738	1.341622684	1.139409487	1.121011709
0.09824561404	0.3327249214	0.446154239	1.340910194	1.144572801	1.125493624
0.101754386	0.3342258861	0.4479309043	1.340204104	1.149736115	1.129975539
0.1052631579	0.3357268508	0.4497075696	1.339504328	1.15489943	1.134457454
0.1087719298	0.3372278155	0.4514842349	1.33881078	1.160062744	1.138939369
0.1122807018	0.3387287802	0.4532609001	1.33812338	1.165226058	1.143421284
0.1157894737	0.3402297449	0.4550375654	1.337442044	1.170389373	1.1479032
0.1192982456	0.3417307095	0.4568142307	1.336766694	1.175552687	1.152385115
0.1228070175	0.3432316742	0.458590896	1.33609725	1.180716001	1.15686703
0.1263157895	0.3447326389	0.4603675612	1.335433635	1.185879316	1.161348945
0.1298245614	0.3462336036	0.4621442265	1.334775775	1.19104263	1.16583086
0.1333333333	0.3477345683	0.4639208918	1.334123593	1.196205944	1.170312775
0.1368421053	0.349235533	0.465697557	1.333477018	1.201369259	1.17479469
0.1403508772	0.3507364976	0.4674742223	1.332835976	1.206532573	1.179276605
0.1438596491	0.3522374623	0.4692508876	1.332200398	1.211695887	1.183758521
0.1473684211	0.353738427	0.4710275529	1.331570214	1.216859202	1.188240436
0.150877193	0.3552393917	0.4728042181	1.330945355	1.222022516	1.192722351
0.1543859649	0.3567403564	0.4745808834	1.330325754	1.22718583	1.197204266
0.1578947368	0.3582413211	0.4763575487	1.329711344	1.232349144	1.201686181
0.1614035088	0.3597422858	0.478134214	1.329102063	1.237512459	1.206168096
0.1649122807	0.3612432504	0.4799108792	1.328497844	1.242675773	1.210650011
0.1684210526	0.3627442151	0.4816875445	1.327898625	1.247839087	1.215131927
0.1719298246	0.3642451798	0.4834642098	1.327304345	1.253002402	1.219613842
0.1754385965	0.3657461445	0.4852408751	1.326714943	1.258165716	1.224095757
0.1789473684	0.3672471092	0.4870175403	1.326130358	1.26332903	1.228577672
0.1824561404	0.3687480739	0.4887942056	1.325550532	1.268492345	1.233059587
0.1859649123	0.3702490385	0.4905708709	1.324975408	1.273655659	1.237541502
0.1894736842	0.3717500032	0.4923475362	1.324404928	1.278818973	1.242023417
0.1929824561	0.3732509679	0.4941242014	1.323839036	1.283982288	1.246505333
0.1964912281	0.3747519326	0.4959008667	1.323277677	1.289145602	1.250987248
0.2	0.3762528973	0.497677532	1.322720797	1.294308916	1.255469163
0.2035087719	0.377753862	0.4994541973	1.322168342	1.299472231	1.259951078
0.2070175439	0.3792548266	0.5012308625	1.32162026	1.304635545	1.264432993
0.2105263158	0.3807557913	0.5030075278	1.321076499	1.309798859	1.268914908
0.2140350877	0.382256756	0.5047841931	1.320537009	1.314962174	1.273396823
0.2175438596	0.3837577207	0.5065608583	1.320001738	1.320125488	1.277878738
0.2210526316	0.3852586854	0.5083375236	1.319470639	1.325288802	1.282360654
0.2245614035	0.3867596501	0.5101141889	1.318943661	1.330452117	1.286842569
0.2280701754	0.3882606147	0.5118908542	1.318420758	1.335615431	1.291324484
0.2315789474	0.3897615794	0.5136675194	1.317901883	1.340778745	1.295806399
0.2350877193	0.3912625441	0.5154441847	1.317386989	1.34594206	1.300288314
0.2385964912	0.3927635088	0.51722085	1.316876029	1.351105374	1.304770229
0.2421052632	0.3942644735	0.5189975153	1.316368961	1.356268688	1.309252144
0.2456140351	0.3957654382	0.5207741805	1.315865738	1.361432003	1.31373406
0.249122807	0.3972664028	0.5225508458	1.315366319	1.366595317	1.318215975
0.2526315789	0.3987673675	0.5243275111	1.314870658	1.371758631	1.32269789
0.2561403509	0.4002683322	0.5261041764	1.314378716	1.376921946	1.327179805
0.2596491228	0.4017692969	0.5278808416	1.313890448	1.38208526	1.33166172
0.2631578947	0.4032702616	0.5296575069	1.313405816	1.387248574	1.336143635
0.2666666667	0.4047712263	0.5314341722	1.312924778	1.392411888	1.34062555
0.2701754386	0.4062721909	0.5332108375	1.312447294	1.397575203	1.345107466
0.2736842105	0.4077731556	0.5349875027	1.311973325	1.402738517	1.349589381
0.2771929825	0.4092741203	0.536764168	1.311502832	1.407901831	1.354071296
0.2807017544	0.410775085	0.5385408333	1.311035778	1.413065146	1.358553211
0.2842105263	0.4122760497	0.5403174985	1.310572125	1.41822846	1.363035126
0.2877192982	0.4137770144	0.5420941638	1.310111836	1.423391774	1.367517041
0.2912280702	0.415277979	0.5438708291	1.309654873	1.428555089	1.371998956
0.2947368421	0.4167789437	0.5456474944	1.309201203	1.433718403	1.376480872
0.298245614	0.4182799084	0.5474241596	1.308750788	1.438881717	1.380962787
0.301754386	0.4197808731	0.5492008249	1.308303594	1.444045032	1.385444702
0.3052631579	0.4212818378	0.5509774902	1.307859587	1.449208346	1.389926617
0.3087719298	0.4227828025	0.5527541555	1.307418732	1.45437166	1.394408532
0.3122807018	0.4242837671	0.5545308207	1.306980996	1.459534975	1.398890447
0.3157894737	0.4257847318	0.556307486	1.306546347	1.464698289	1.403372362
0.3192982456	0.4272856965	0.5580841513	1.306114751	1.469861603	1.407854277
0.3228070175	0.4287866612	0.5598608166	1.305686177	1.475024918	1.412336193
0.3263157895	0.4302876259	0.5616374818	1.305260593	1.480188232	1.416818108
0.3298245614	0.4317885906	0.5634141471	1.304837968	1.485351546	1.421300023
0.3333333333	0.4332895553	0.5651908124	1.304418271	1.490514861	1.425781938
0.3368421053	0.4347905199	0.5669674777	1.304001471	1.495678175	1.430263853
0.3403508772	0.4362914846	0.5687441429	1.303587539	1.500841489	1.434745768
0.3438596491	0.4377924493	0.5705208082	1.303176446	1.506004804	1.439227683
0.3473684211	0.439293414	0.5722974735	1.302768162	1.511168118	1.443709599
0.350877193	0.4407943787	0.5740741388	1.302362658	1.516331432	1.448191514
0.3543859649	0.4422953434	0.575850804	1.301959907	1.521494747	1.452673429
0.3578947368	0.443796308	0.5776274693	1.30155988	1.526658061	1.457155344
0.3614035088	0.4452972727	0.5794041346	1.301162549	1.531821375	1.461637259
0.3649122807	0.4467982374	0.5811807998	1.300767888	1.536984689	1.466119174
0.3684210526	0.4482992021	0.5829574651	1.30037587	1.542148004	1.470601089
0.3719298246	0.4498001668	0.5847341304	1.299986469	1.547311318	1.475083005
0.3754385965	0.4513011315	0.5865107957	1.299599657	1.552474632	1.47956492
0.3789473684	0.4528020961	0.5882874609	1.29921541	1.557637947	1.484046835
0.3824561404	0.4543030608	0.5900641262	1.298833702	1.562801261	1.48852875
0.3859649123	0.4558040255	0.5918407915	1.298454508	1.567964575	1.493010665
0.3894736842	0.4573049902	0.5936174568	1.298077803	1.57312789	1.49749258
0.3929824561	0.4588059549	0.595394122	1.297703562	1.578291204	1.501974495
0.3964912281	0.4603069196	0.5971707873	1.297331763	1.583454518	1.50645641
0.4	0.4618078842	0.5989474526	1.29696238	1.588617833	1.510938326
0.4035087719	0.4633088489	0.6007241179	1.29659539	1.593781147	1.515420241
0.4070175439	0.4648098136	0.6025007831	1.296230771	1.598944461	1.519902156
0.4105263158	0.4663107783	0.6042774484	1.295868499	1.604107776	1.524384071
0.4140350877	0.467811743	0.6060541137	1.295508552	1.60927109	1.528865986
0.4175438596	0.4693127077	0.607830779	1.295150907	1.614434404	1.533347901
0.4210526316	0.4708136723	0.6096074442	1.294795542	1.619597719	1.537829816
0.4245614035	0.472314637	0.6113841095	1.294442436	1.624761033	1.542311732
0.4280701754	0.4738156017	0.6131607748	1.294091568	1.629924347	1.546793647
0.4315789474	0.4753165664	0.61493744	1.293742915	1.635087662	1.551275562
0.4350877193	0.4768175311	0.6167141053	1.293396457	1.640250976	1.555757477
0.4385964912	0.4783184958	0.6184907706	1.293052174	1.64541429	1.560239392
0.4421052632	0.4798194604	0.6202674359	1.292710044	1.650577605	1.564721307
0.4456140351	0.4813204251	0.6220441011	1.292370048	1.655740919	1.569203222
0.449122807	0.4828213898	0.6238207664	1.292032167	1.660904233	1.573685138
0.4526315789	0.4843223545	0.6255974317	1.291696379	1.666067548	1.578167053
0.4561403509	0.4858233192	0.627374097	1.291362667	1.671230862	1.582648968
0.4596491228	0.4873242839	0.6291507622	1.29103101	1.676394176	1.587130883
0.4631578947	0.4888252485	0.6309274275	1.290701389	1.681557491	1.591612798
0.4666666667	0.4903262132	0.6327040928	1.290373787	1.686720805	1.596094713
0.4701754386	0.4918271779	0.6344807581	1.290048185	1.691884119	1.600576628
0.4736842105	0.4933281426	0.6362574233	1.289724563	1.697047433	1.605058544
0.4771929825	0.4948291073	0.6380340886	1.289402905	1.702210748	1.609540459
0.4807017544	0.496330072	0.6398107539	1.289083193	1.707374062	1.614022374
0.4842105263	0.4978310366	0.6415874192	1.288765408	1.712537376	1.618504289
0.4877192982	0.4993320013	0.6433640844	1.288449534	1.717700691	1.622986204
0.4912280702	0.500832966	0.6451407497	1.288135553	1.722864005	1.627468119
0.4947368421	0.5023339307	0.646917415	1.287823449	1.728027319	1.631950034
0.498245614	0.5038348954	0.6486940803	1.287513204	1.733190634	1.636431949
0.501754386	0.5053358601	0.6504707455	1.287204802	1.738353948	1.640913865
0.5052631579	0.5068368248	0.6522474108	1.286898226	1.743517262	1.64539578
0.5087719298	0.5083377894	0.6540240761	1.286593461	1.748680577	1.649877695
0.5122807018	0.5098387541	0.6558007413	1.286290491	1.753843891	1.65435961
0.5157894737	0.5113397188	0.6575774066	1.285989299	1.759007205	1.658841525
0.5192982456	0.5128406835	0.6593540719	1.28568987	1.76417052	1.66332344
0.5228070175	0.5143416482	0.6611307372	1.285392189	1.769333834	1.667805355
0.5263157895	0.5158426129	0.6629074024	1.28509624	1.774497148	1.672287271
0.5298245614	0.5173435775	0.6646840677	1.284802009	1.779660463	1.676769186
0.5333333333	0.5188445422	0.666460733	1.28450948	1.784823777	1.681251101
0.5368421053	0.5203455069	0.6682373983	1.284218638	1.789987091	1.685733016
0.5403508772	0.5218464716	0.6700140635	1.28392947	1.795150406	1.690214931
0.5438596491	0.5233474363	0.6717907288	1.28364196	1.80031372	1.694696846
0.5473684211	0.524848401	0.6735673941	1.283356095	1.805477034	1.699178761
0.550877193	0.5263493656	0.6753440594	1.28307186	1.810640349	1.703660677
0.5543859649	0.5278503303	0.6771207246	1.282789241	1.815803663	1.708142592
0.5578947368	0.529351295	0.6788973899	1.282508225	1.820966977	1.712624507
0.5614035088	0.5308522597	0.6806740552	1.282228799	1.826130292	1.717106422
0.5649122807	0.5323532244	0.6824507205	1.281950948	1.831293606	1.721588337
0.5684210526	0.5338541891	0.6842273857	1.281674659	1.83645692	1.726070252
0.5719298246	0.5353551537	0.686004051	1.28139992	1.841620235	1.730552167
0.5754385965	0.5368561184	0.6877807163	1.281126717	1.846783549	1.735034082
0.5789473684	0.5383570831	0.6895573815	1.280855037	1.851946863	1.739515998
0.5824561404	0.5398580478	0.6913340468	1.280584868	1.857110177	1.743997913
0.5859649123	0.5413590125	0.6931107121	1.280316197	1.862273492	1.748479828
0.5894736842	0.5428599772	0.6948873774	1.280049012	1.867436806	1.752961743
0.5929824561	0.5443609418	0.6966640426	1.2797833	1.87260012	1.757443658
0.5964912281	0.5458619065	0.6984407079	1.27951905	1.877763435	1.761925573
0.6	0.5473628712	0.7002173732	1.279256249	1.882926749	1.766407488
0.6035087719	0.5488638359	0.7019940385	1.278994885	1.888090063	1.770889404
0.6070175439	0.5503648006	0.7037707037	1.278734946	1.893253378	1.775371319
0.6105263158	0.5518657653	0.705547369	1.278476422	1.898416692	1.779853234
0.6140350877	0.5533667299	0.7073240343	1.2782193	1.903580006	1.784335149
0.6175438596	0.5548676946	0.7091006996	1.277963569	1.908743321	1.788817064
0.6210526316	0.5563686593	0.7108773648	1.277709218	1.913906635	1.793298979
0.6245614035	0.557869624	0.7126540301	1.277456236	1.919069949	1.797780894
0.6280701754	0.5593705887	0.7144306954	1.277204611	1.924233264	1.80226281
0.6315789474	0.5608715534	0.7162073607	1.276954334	1.929396578	1.806744725
0.6350877193	0.562372518	0.7179840259	1.276705392	1.934559892	1.81122664
0.6385964912	0.5638734827	0.7197606912	1.276457775	1.939723207	1.815708555
0.6421052632	0.5653744474	0.7215373565	1.276211473	1.944886521	1.82019047
0.6456140351	0.5668754121	0.7233140218	1.275966476	1.950049835	1.824672385
0.649122807	0.5683763768	0.725090687	1.275722772	1.95521315	1.8291543
0.6526315789	0.5698773415	0.7268673523	1.275480352	1.960376464	1.833636215
0.6561403509	0.5713783061	0.7286440176	1.275239206	1.965539778	1.838118131
0.6596491228	0.5728792708	0.7304206828	1.274999324	1.970703093	1.842600046
0.6631578947	0.5743802355	0.7321973481	1.274760695	1.975866407	1.847081961
0.6666666667	0.5758812002	0.7339740134	1.27452331	1.981029721	1.851563876
0.6701754386	0.5773821649	0.7357506787	1.274287159	1.986193036	1.856045791
0.6736842105	0.5788831296	0.7375273439	1.274052233	1.99135635	1.860527706
0.6771929825	0.5803840942	0.7393040092	1.273818522	1.996519664	1.865009621
0.6807017544	0.5818850589	0.7410806745	1.273586017	2.001682978	1.869491537
0.6842105263	0.5833860236	0.7428573398	1.273354708	2.006846293	1.873973452
0.6877192982	0.5848869883	0.744634005	1.273124586	2.012009607	1.878455367
0.6912280702	0.586387953	0.7464106703	1.272895643	2.017172921	1.882937282
0.6947368421	0.5878889177	0.7481873356	1.272667868	2.022336236	1.887419197
0.698245614	0.5893898824	0.7499640009	1.272441254	2.02749955	1.891901112
0.701754386	0.590890847	0.7517406661	1.272215791	2.032662864	1.896383027
0.7052631579	0.5923918117	0.7535173314	1.27199147	2.037826179	1.900864943
0.7087719298	0.5938927764	0.7552939967	1.271768283	2.042989493	1.905346858
0.7122807018	0.5953937411	0.757070662	1.271546222	2.048152807	1.909828773
0.7157894737	0.5968947058	0.7588473272	1.271325277	2.053316122	1.914310688
0.7192982456	0.5983956705	0.7606239925	1.271105441	2.058479436	1.918792603
0.7228070175	0.5998966351	0.7624006578	1.270886705	2.06364275	1.923274518
0.7263157895	0.6013975998	0.7641773231	1.27066906	2.068806065	1.927756433
0.7298245614	0.6028985645	0.7659539883	1.2704525	2.073969379	1.932238349
0.7333333333	0.6043995292	0.7677306536	1.270237015	2.079132693	1.936720264
0.7368421053	0.6059004939	0.7695073189	1.270022597	2.084296008	1.941202179
0.7403508772	0.6074014586	0.7712839841	1.269809239	2.089459322	1.945684094
0.7438596491	0.6089024232	0.7730606494	1.269596934	2.094622636	1.950166009
0.7473684211	0.6104033879	0.7748373147	1.269385672	2.099785951	1.954647924
0.750877193	0.6119043526	0.77661398	1.269175447	2.104949265	1.959129839
0.7543859649	0.6134053173	0.7783906452	1.26896625	2.110112579	1.963611754
0.7578947368	0.614906282	0.7801673105	1.268758075	2.115275894	1.96809367
0.7614035088	0.6164072467	0.7819439758	1.268550913	2.120439208	1.972575585
0.7649122807	0.6179082113	0.7837206411	1.268344758	2.125602522	1.9770575
0.7684210526	0.619409176	0.7854973063	1.268139603	2.130765837	1.981539415
0.7719298246	0.6209101407	0.7872739716	1.267935439	2.135929151	1.98602133
0.7754385965	0.6224111054	0.7890506369	1.267732259	2.141092465	1.990503245
0.7789473684	0.6239120701	0.7908273022	1.267530058	2.14625578	1.99498516
0.7824561404	0.6254130348	0.7926039674	1.267328827	2.151419094	1.999467076
0.7859649123	0.6269139994	0.7943806327	1.267128559	2.156582408	2.003948991
0.7894736842	0.6284149641	0.796157298	1.266929248	2.161745722	2.008430906
0.7929824561	0.6299159288	0.7979339633	1.266730887	2.166909037	2.012912821
0.7964912281	0.6314168935	0.7997106285	1.266533469	2.172072351	2.017394736
0.8	0.6329178582	0.8014872938	1.266336987	2.177235665	2.021876651
0.8035087719	0.6344188229	0.8032639591	1.266141435	2.18239898	2.026358566
0.8070175439	0.6359197875	0.8050406243	1.265946807	2.187562294	2.030840482
0.8105263158	0.6374207522	0.8068172896	1.265753094	2.192725608	2.035322397
0.8140350877	0.6389217169	0.8085939549	1.265560292	2.197888923	2.039804312
0.8175438596	0.6404226816	0.8103706202	1.265368394	2.203052237	2.044286227
0.8210526316	0.6419236463	0.8121472854	1.265177393	2.208215551	2.048768142
0.8245614035	0.643424611	0.8139239507	1.264987283	2.213378866	2.053250057
0.8280701754	0.6449255756	0.815700616	1.264798059	2.21854218	2.057731972
0.8315789474	0.6464265403	0.8174772813	1.264609712	2.223705494	2.062213887
0.8350877193	0.647927505	0.8192539465	1.264422239	2.228868809	2.066695803
0.8385964912	0.6494284697	0.8210306118	1.264235632	2.234032123	2.071177718
0.8421052632	0.6509294344	0.8228072771	1.264049886	2.239195437	2.075659633
0.8456140351	0.6524303991	0.8245839424	1.263864994	2.244358752	2.080141548
0.849122807	0.6539313637	0.8263606076	1.263680951	2.249522066	2.084623463
0.8526315789	0.6554323284	0.8281372729	1.263497751	2.25468538	2.089105378
0.8561403509	0.6569332931	0.8299139382	1.263315388	2.259848695	2.093587293
0.8596491228	0.6584342578	0.8316906035	1.263133857	2.265012009	2.098069209
0.8631578947	0.6599352225	0.8334672687	1.262953151	2.270175323	2.102551124
0.8666666667	0.6614361872	0.835243934	1.262773266	2.275338638	2.107033039
0.8701754386	0.6629371519	0.8370205993	1.262594195	2.280501952	2.111514954
0.8736842105	0.6644381165	0.8387972646	1.262415933	2.285665266	2.115996869
0.8771929825	0.6659390812	0.8405739298	1.262238474	2.290828581	2.120478784
0.8807017544	0.6674400459	0.8423505951	1.262061814	2.295991895	2.124960699
0.8842105263	0.6689410106	0.8441272604	1.261885947	2.301155209	2.129442615
0.8877192982	0.6704419753	0.8459039256	1.261710867	2.306318523	2.13392453
0.8912280702	0.67194294	0.8476805909	1.261536569	2.311481838	2.138406445
0.8947368421	0.6734439046	0.8494572562	1.261363048	2.316645152	2.14288836
0.898245614	0.6749448693	0.8512339215	1.261190299	2.321808466	2.147370275
0.901754386	0.676445834	0.8530105867	1.261018316	2.326971781	2.15185219
0.9052631579	0.6779467987	0.854787252	1.260847095	2.332135095	2.156334105
0.9087719298	0.6794477634	0.8565639173	1.260676631	2.337298409	2.16081602
0.9122807018	0.6809487281	0.8583405826	1.260506918	2.342461724	2.165297936
0.9157894737	0.6824496927	0.8601172478	1.260337952	2.347625038	2.169779851
0.9192982456	0.6839506574	0.8618939131	1.260169727	2.352788352	2.174261766
0.9228070175	0.6854516221	0.8636705784	1.260002239	2.357951667	2.178743681
0.9263157895	0.6869525868	0.8654472437	1.259835483	2.363114981	2.183225596
0.9298245614	0.6884535515	0.8672239089	1.259669453	2.368278295	2.187707511
0.9333333333	0.6899545162	0.8690005742	1.259504147	2.37344161	2.192189426
0.9368421053	0.6914554808	0.8707772395	1.259339558	2.378604924	2.196671342
0.9403508772	0.6929564455	0.8725539048	1.259175682	2.383768238	2.201153257
0.9438596491	0.6944574102	0.87433057	1.259012514	2.388931553	2.205635172
0.9473684211	0.6959583749	0.8761072353	1.25885005	2.394094867	2.210117087
0.950877193	0.6974593396	0.8778839006	1.258688286	2.399258181	2.214599002
0.9543859649	0.6989603043	0.8796605658	1.258527216	2.404421496	2.219080917
0.9578947368	0.7004612689	0.8814372311	1.258366837	2.40958481	2.223562832
0.9614035088	0.7019622336	0.8832138964	1.258207143	2.414748124	2.228044748
0.9649122807	0.7034631983	0.8849905617	1.258048131	2.419911439	2.232526663
0.9684210526	0.704964163	0.8867672269	1.257889796	2.425074753	2.237008578
0.9719298246	0.7064651277	0.8885438922	1.257732133	2.430238067	2.241490493
0.9754385965	0.7079660924	0.8903205575	1.25757514	2.435401382	2.245972408
0.9789473684	0.709467057	0.8920972228	1.25741881	2.440564696	2.250454323
0.9824561404	0.7109680217	0.893873888	1.257263141	2.44572801	2.254936238
0.9859649123	0.7124689864	0.8956505533	1.257108127	2.450891325	2.259418154
0.9894736842	0.7139699511	0.8974272186	1.256953766	2.456054639	2.263900069
0.9929824561	0.7154709158	0.8992038839	1.256800052	2.461217953	2.268381984
0.9964912281	0.7169718805	0.9009805491	1.256646981	2.466381267	2.272863899
1	0.7184728451	0.9027572144	1.25649455	2.471544582	2.277345814
