# VHH-NNLO SMEFT scan points
# process: ZHH
# energy_tev: 13.6
# scan_axis: tphi
# fixed_wcs: phi=0,phiB=0,phiBox=0,phiD=0,phiQ3rd=0,phiW=0,phiWB=0,phid=0,phiq1st=0,phiq3st=0,phiu=0,tphi=0
#
tphi	sigma_lo	sigma_nnlo	k	sigma_smeft_over_sm_lo	sigma_smeft_over_sm_nnlo
-15	0.2906979103	0.4559232553	1.568374726	1	1.15013749
-14.94987469	0.2906979103	0.4557243726	1.56769057	1	1.149635778
-14.89974937	0.2906979103	0.4555254899	1.567006414	1	1.149134065
-14.84962406	0.2906979103	0.4553266072	1.566322258	1	1.148632353
-14.79949875	0.2906979103	0.4551277246	1.565638102	1	1.14813064
-14.74937343	0.2906979103	0.4549288419	1.564953946	1	1.147628927
-14.69924812	0.2906979103	0.4547299592	1.56426979	1	1.147127215
-14.64912281	0.2906979103	0.4545310765	1.563585634	1	1.146625502
-14.59899749	0.2906979103	0.4543321938	1.562901478	1	1.14612379
-14.54887218	0.2906979103	0.4541333111	1.562217323	1	1.145622077
-14.49874687	0.2906979103	0.4539344284	1.561533167	1	1.145120365
-14.44862155	0.2906979103	0.4537355457	1.560849011	1	1.144618652
-14.39849624	0.2906979103	0.4535366631	1.560164855	1	1.144116939
-14.34837093	0.2906979103	0.4533377804	1.559480699	1	1.143615227
-14.29824561	0.2906979103	0.4531388977	1.558796543	1	1.143113514
-14.2481203	0.2906979103	0.452940015	1.558112387	1	1.142611802
-14.19799499	0.2906979103	0.4527411323	1.557428231	1	1.142110089
-14.14786967	0.2906979103	0.4525422496	1.556744076	1	1.141608376
-14.09774436	0.2906979103	0.4523433669	1.55605992	1	1.141106664
-14.04761905	0.2906979103	0.4521444843	1.555375764	1	1.140604951
-13.99749373	0.2906979103	0.4519456016	1.554691608	1	1.140103239
-13.94736842	0.2906979103	0.4517467189	1.554007452	1	1.139601526
-13.89724311	0.2906979103	0.4515478362	1.553323296	1	1.139099814
-13.84711779	0.2906979103	0.4513489535	1.55263914	1	1.138598101
-13.79699248	0.2906979103	0.4511500708	1.551954984	1	1.138096388
-13.74686717	0.2906979103	0.4509511881	1.551270828	1	1.137594676
-13.69674185	0.2906979103	0.4507523054	1.550586673	1	1.137092963
-13.64661654	0.2906979103	0.4505534228	1.549902517	1	1.136591251
-13.59649123	0.2906979103	0.4503545401	1.549218361	1	1.136089538
-13.54636591	0.2906979103	0.4501556574	1.548534205	1	1.135587825
-13.4962406	0.2906979103	0.4499567747	1.547850049	1	1.135086113
-13.44611529	0.2906979103	0.449757892	1.547165893	1	1.1345844
-13.39598997	0.2906979103	0.4495590093	1.546481737	1	1.134082688
-13.34586466	0.2906979103	0.4493601266	1.545797581	1	1.133580975
-13.29573935	0.2906979103	0.449161244	1.545113425	1	1.133079263
-13.24561404	0.2906979103	0.4489623613	1.54442927	1	1.13257755
-13.19548872	0.2906979103	0.4487634786	1.543745114	1	1.132075837
-13.14536341	0.2906979103	0.4485645959	1.543060958	1	1.131574125
-13.0952381	0.2906979103	0.4483657132	1.542376802	1	1.131072412
-13.04511278	0.2906979103	0.4481668305	1.541692646	1	1.1305707
-12.99498747	0.2906979103	0.4479679478	1.54100849	1	1.130068987
-12.94486216	0.2906979103	0.4477690652	1.540324334	1	1.129567274
-12.89473684	0.2906979103	0.4475701825	1.539640178	1	1.129065562
-12.84461153	0.2906979103	0.4473712998	1.538956022	1	1.128563849
-12.79448622	0.2906979103	0.4471724171	1.538271867	1	1.128062137
-12.7443609	0.2906979103	0.4469735344	1.537587711	1	1.127560424
-12.69423559	0.2906979103	0.4467746517	1.536903555	1	1.127058712
-12.64411028	0.2906979103	0.446575769	1.536219399	1	1.126556999
-12.59398496	0.2906979103	0.4463768863	1.535535243	1	1.126055286
-12.54385965	0.2906979103	0.4461780037	1.534851087	1	1.125553574
-12.49373434	0.2906979103	0.445979121	1.534166931	1	1.125051861
-12.44360902	0.2906979103	0.4457802383	1.533482775	1	1.124550149
-12.39348371	0.2906979103	0.4455813556	1.532798619	1	1.124048436
-12.3433584	0.2906979103	0.4453824729	1.532114464	1	1.123546723
-12.29323308	0.2906979103	0.4451835902	1.531430308	1	1.123045011
-12.24310777	0.2906979103	0.4449847075	1.530746152	1	1.122543298
-12.19298246	0.2906979103	0.4447858249	1.530061996	1	1.122041586
-12.14285714	0.2906979103	0.4445869422	1.52937784	1	1.121539873
-12.09273183	0.2906979103	0.4443880595	1.528693684	1	1.121038161
-12.04260652	0.2906979103	0.4441891768	1.528009528	1	1.120536448
-11.9924812	0.2906979103	0.4439902941	1.527325372	1	1.120034735
-11.94235589	0.2906979103	0.4437914114	1.526641217	1	1.119533023
-11.89223058	0.2906979103	0.4435925287	1.525957061	1	1.11903131
-11.84210526	0.2906979103	0.443393646	1.525272905	1	1.118529598
-11.79197995	0.2906979103	0.4431947634	1.524588749	1	1.118027885
-11.74185464	0.2906979103	0.4429958807	1.523904593	1	1.117526172
-11.69172932	0.2906979103	0.442796998	1.523220437	1	1.11702446
-11.64160401	0.2906979103	0.4425981153	1.522536281	1	1.116522747
-11.5914787	0.2906979103	0.4423992326	1.521852125	1	1.116021035
-11.54135338	0.2906979103	0.4422003499	1.521167969	1	1.115519322
-11.49122807	0.2906979103	0.4420014672	1.520483814	1	1.11501761
-11.44110276	0.2906979103	0.4418025846	1.519799658	1	1.114515897
-11.39097744	0.2906979103	0.4416037019	1.519115502	1	1.114014184
-11.34085213	0.2906979103	0.4414048192	1.518431346	1	1.113512472
-11.29072682	0.2906979103	0.4412059365	1.51774719	1	1.113010759
-11.2406015	0.2906979103	0.4410070538	1.517063034	1	1.112509047
-11.19047619	0.2906979103	0.4408081711	1.516378878	1	1.112007334
-11.14035088	0.2906979103	0.4406092884	1.515694722	1	1.111505621
-11.09022556	0.2906979103	0.4404104058	1.515010566	1	1.111003909
-11.04010025	0.2906979103	0.4402115231	1.514326411	1	1.110502196
-10.98997494	0.2906979103	0.4400126404	1.513642255	1	1.110000484
-10.93984962	0.2906979103	0.4398137577	1.512958099	1	1.109498771
-10.88972431	0.2906979103	0.439614875	1.512273943	1	1.108997059
-10.839599	0.2906979103	0.4394159923	1.511589787	1	1.108495346
-10.78947368	0.2906979103	0.4392171096	1.510905631	1	1.107993633
-10.73934837	0.2906979103	0.4390182269	1.510221475	1	1.107491921
-10.68922306	0.2906979103	0.4388193443	1.509537319	1	1.106990208
-10.63909774	0.2906979103	0.4386204616	1.508853163	1	1.106488496
-10.58897243	0.2906979103	0.4384215789	1.508169008	1	1.105986783
-10.53884712	0.2906979103	0.4382226962	1.507484852	1	1.105485071
-10.4887218	0.2906979103	0.4380238135	1.506800696	1	1.104983358
-10.43859649	0.2906979103	0.4378249308	1.50611654	1	1.104481645
-10.38847118	0.2906979103	0.4376260481	1.505432384	1	1.103979933
-10.33834586	0.2906979103	0.4374271655	1.504748228	1	1.10347822
-10.28822055	0.2906979103	0.4372282828	1.504064072	1	1.102976508
-10.23809524	0.2906979103	0.4370294001	1.503379916	1	1.102474795
-10.18796992	0.2906979103	0.4368305174	1.50269576	1	1.101973082
-10.13784461	0.2906979103	0.4366316347	1.502011605	1	1.10147137
-10.0877193	0.2906979103	0.436432752	1.501327449	1	1.100969657
-10.03759398	0.2906979103	0.4362338693	1.500643293	1	1.100467945
-9.987468672	0.2906979103	0.4360349866	1.499959137	1	1.099966232
-9.937343358	0.2906979103	0.435836104	1.499274981	1	1.09946452
-9.887218045	0.2906979103	0.4356372213	1.498590825	1	1.098962807
-9.837092732	0.2906979103	0.4354383386	1.497906669	1	1.098461094
-9.786967419	0.2906979103	0.4352394559	1.497222513	1	1.097959382
-9.736842105	0.2906979103	0.4350405732	1.496538358	1	1.097457669
-9.686716792	0.2906979103	0.4348416905	1.495854202	1	1.096955957
-9.636591479	0.2906979103	0.4346428078	1.495170046	1	1.096454244
-9.586466165	0.2906979103	0.4344439252	1.49448589	1	1.095952531
-9.536340852	0.2906979103	0.4342450425	1.493801734	1	1.095450819
-9.486215539	0.2906979103	0.4340461598	1.493117578	1	1.094949106
-9.436090226	0.2906979103	0.4338472771	1.492433422	1	1.094447394
-9.385964912	0.2906979103	0.4336483944	1.491749266	1	1.093945681
-9.335839599	0.2906979103	0.4334495117	1.49106511	1	1.093443969
-9.285714286	0.2906979103	0.433250629	1.490380955	1	1.092942256
-9.235588972	0.2906979103	0.4330517464	1.489696799	1	1.092440543
-9.185463659	0.2906979103	0.4328528637	1.489012643	1	1.091938831
-9.135338346	0.2906979103	0.432653981	1.488328487	1	1.091437118
-9.085213033	0.2906979103	0.4324550983	1.487644331	1	1.090935406
-9.035087719	0.2906979103	0.4322562156	1.486960175	1	1.090433693
-8.984962406	0.2906979103	0.4320573329	1.486276019	1	1.08993198
-8.934837093	0.2906979103	0.4318584502	1.485591863	1	1.089430268
-8.884711779	0.2906979103	0.4316595675	1.484907707	1	1.088928555
-8.834586466	0.2906979103	0.4314606849	1.484223552	1	1.088426843
-8.784461153	0.2906979103	0.4312618022	1.483539396	1	1.08792513
-8.73433584	0.2906979103	0.4310629195	1.48285524	1	1.087423418
-8.684210526	0.2906979103	0.4308640368	1.482171084	1	1.086921705
-8.634085213	0.2906979103	0.4306651541	1.481486928	1	1.086419992
-8.5839599	0.2906979103	0.4304662714	1.480802772	1	1.08591828
-8.533834586	0.2906979103	0.4302673887	1.480118616	1	1.085416567
-8.483709273	0.2906979103	0.4300685061	1.47943446	1	1.084914855
-8.43358396	0.2906979103	0.4298696234	1.478750304	1	1.084413142
-8.383458647	0.2906979103	0.4296707407	1.478066149	1	1.083911429
-8.333333333	0.2906979103	0.429471858	1.477381993	1	1.083409717
-8.28320802	0.2906979103	0.4292729753	1.476697837	1	1.082908004
-8.233082707	0.2906979103	0.4290740926	1.476013681	1	1.082406292
-8.182957393	0.2906979103	0.4288752099	1.475329525	1	1.081904579
-8.13283208	0.2906979103	0.4286763272	1.474645369	1	1.081402867
-8.082706767	0.2906979103	0.4284774446	1.473961213	1	1.080901154
-8.032581454	0.2906979103	0.4282785619	1.473277057	1	1.080399441
-7.98245614	0.2906979103	0.4280796792	1.472592901	1	1.079897729
-7.932330827	0.2906979103	0.4278807965	1.471908746	1	1.079396016
-7.882205514	0.2906979103	0.4276819138	1.47122459	1	1.078894304
-7.832080201	0.2906979103	0.4274830311	1.470540434	1	1.078392591
-7.781954887	0.2906979103	0.4272841484	1.469856278	1	1.077890878
-7.731829574	0.2906979103	0.4270852658	1.469172122	1	1.077389166
-7.681704261	0.2906979103	0.4268863831	1.468487966	1	1.076887453
-7.631578947	0.2906979103	0.4266875004	1.46780381	1	1.076385741
-7.581453634	0.2906979103	0.4264886177	1.467119654	1	1.075884028
-7.531328321	0.2906979103	0.426289735	1.466435499	1	1.075382316
-7.481203008	0.2906979103	0.4260908523	1.465751343	1	1.074880603
-7.431077694	0.2906979103	0.4258919696	1.465067187	1	1.07437889
-7.380952381	0.2906979103	0.425693087	1.464383031	1	1.073877178
-7.330827068	0.2906979103	0.4254942043	1.463698875	1	1.073375465
-7.280701754	0.2906979103	0.4252953216	1.463014719	1	1.072873753
-7.230576441	0.2906979103	0.4250964389	1.462330563	1	1.07237204
-7.180451128	0.2906979103	0.4248975562	1.461646407	1	1.071870327
-7.130325815	0.2906979103	0.4246986735	1.460962251	1	1.071368615
-7.080200501	0.2906979103	0.4244997908	1.460278096	1	1.070866902
-7.030075188	0.2906979103	0.4243009081	1.45959394	1	1.07036519
-6.979949875	0.2906979103	0.4241020255	1.458909784	1	1.069863477
-6.929824561	0.2906979103	0.4239031428	1.458225628	1	1.069361765
-6.879699248	0.2906979103	0.4237042601	1.457541472	1	1.068860052
-6.829573935	0.2906979103	0.4235053774	1.456857316	1	1.068358339
-6.779448622	0.2906979103	0.4233064947	1.45617316	1	1.067856627
-6.729323308	0.2906979103	0.423107612	1.455489004	1	1.067354914
-6.679197995	0.2906979103	0.4229087293	1.454804848	1	1.066853202
-6.629072682	0.2906979103	0.4227098467	1.454120693	1	1.066351489
-6.578947368	0.2906979103	0.422510964	1.453436537	1	1.065849776
-6.528822055	0.2906979103	0.4223120813	1.452752381	1	1.065348064
-6.478696742	0.2906979103	0.4221131986	1.452068225	1	1.064846351
-6.428571429	0.2906979103	0.4219143159	1.451384069	1	1.064344639
-6.378446115	0.2906979103	0.4217154332	1.450699913	1	1.063842926
-6.328320802	0.2906979103	0.4215165505	1.450015757	1	1.063341214
-6.278195489	0.2906979103	0.4213176678	1.449331601	1	1.062839501
-6.228070175	0.2906979103	0.4211187852	1.448647445	1	1.062337788
-6.177944862	0.2906979103	0.4209199025	1.44796329	1	1.061836076
-6.127819549	0.2906979103	0.4207210198	1.447279134	1	1.061334363
-6.077694236	0.2906979103	0.4205221371	1.446594978	1	1.060832651
-6.027568922	0.2906979103	0.4203232544	1.445910822	1	1.060330938
-5.977443609	0.2906979103	0.4201243717	1.445226666	1	1.059829225
-5.927318296	0.2906979103	0.419925489	1.44454251	1	1.059327513
-5.877192982	0.2906979103	0.4197266064	1.443858354	1	1.0588258
-5.827067669	0.2906979103	0.4195277237	1.443174198	1	1.058324088
-5.776942356	0.2906979103	0.419328841	1.442490042	1	1.057822375
-5.726817043	0.2906979103	0.4191299583	1.441805887	1	1.057320663
-5.676691729	0.2906979103	0.4189310756	1.441121731	1	1.05681895
-5.626566416	0.2906979103	0.4187321929	1.440437575	1	1.056317237
-5.576441103	0.2906979103	0.4185333102	1.439753419	1	1.055815525
-5.526315789	0.2906979103	0.4183344276	1.439069263	1	1.055313812
-5.476190476	0.2906979103	0.4181355449	1.438385107	1	1.0548121
-5.426065163	0.2906979103	0.4179366622	1.437700951	1	1.054310387
-5.37593985	0.2906979103	0.4177377795	1.437016795	1	1.053808674
-5.325814536	0.2906979103	0.4175388968	1.43633264	1	1.053306962
-5.275689223	0.2906979103	0.4173400141	1.435648484	1	1.052805249
-5.22556391	0.2906979103	0.4171411314	1.434964328	1	1.052303537
-5.175438596	0.2906979103	0.4169422487	1.434280172	1	1.051801824
-5.125313283	0.2906979103	0.4167433661	1.433596016	1	1.051300112
-5.07518797	0.2906979103	0.4165444834	1.43291186	1	1.050798399
-5.025062657	0.2906979103	0.4163456007	1.432227704	1	1.050296686
-4.974937343	0.2906979103	0.416146718	1.431543548	1	1.049794974
-4.92481203	0.2906979103	0.4159478353	1.430859392	1	1.049293261
-4.874686717	0.2906979103	0.4157489526	1.430175237	1	1.048791549
-4.824561404	0.2906979103	0.4155500699	1.429491081	1	1.048289836
-4.77443609	0.2906979103	0.4153511873	1.428806925	1	1.047788123
-4.724310777	0.2906979103	0.4151523046	1.428122769	1	1.047286411
-4.674185464	0.2906979103	0.4149534219	1.427438613	1	1.046784698
-4.62406015	0.2906979103	0.4147545392	1.426754457	1	1.046282986
-4.573934837	0.2906979103	0.4145556565	1.426070301	1	1.045781273
-4.523809524	0.2906979103	0.4143567738	1.425386145	1	1.045279561
-4.473684211	0.2906979103	0.4141578911	1.424701989	1	1.044777848
-4.423558897	0.2906979103	0.4139590085	1.424017834	1	1.044276135
-4.373433584	0.2906979103	0.4137601258	1.423333678	1	1.043774423
-4.323308271	0.2906979103	0.4135612431	1.422649522	1	1.04327271
-4.273182957	0.2906979103	0.4133623604	1.421965366	1	1.042770998
-4.223057644	0.2906979103	0.4131634777	1.42128121	1	1.042269285
-4.172932331	0.2906979103	0.412964595	1.420597054	1	1.041767573
-4.122807018	0.2906979103	0.4127657123	1.419912898	1	1.04126586
-4.072681704	0.2906979103	0.4125668296	1.419228742	1	1.040764147
-4.022556391	0.2906979103	0.412367947	1.418544586	1	1.040262435
-3.972431078	0.2906979103	0.4121690643	1.417860431	1	1.039760722
-3.922305764	0.2906979103	0.4119701816	1.417176275	1	1.03925901
-3.872180451	0.2906979103	0.4117712989	1.416492119	1	1.038757297
-3.822055138	0.2906979103	0.4115724162	1.415807963	1	1.038255584
-3.771929825	0.2906979103	0.4113735335	1.415123807	1	1.037753872
-3.721804511	0.2906979103	0.4111746508	1.414439651	1	1.037252159
-3.671679198	0.2906979103	0.4109757682	1.413755495	1	1.036750447
-3.621553885	0.2906979103	0.4107768855	1.413071339	1	1.036248734
-3.571428571	0.2906979103	0.4105780028	1.412387183	1	1.035747022
-3.521303258	0.2906979103	0.4103791201	1.411703028	1	1.035245309
-3.471177945	0.2906979103	0.4101802374	1.411018872	1	1.034743596
-3.421052632	0.2906979103	0.4099813547	1.410334716	1	1.034241884
-3.370927318	0.2906979103	0.409782472	1.40965056	1	1.033740171
-3.320802005	0.2906979103	0.4095835893	1.408966404	1	1.033238459
-3.270676692	0.2906979103	0.4093847067	1.408282248	1	1.032736746
-3.220551378	0.2906979103	0.409185824	1.407598092	1	1.032235033
-3.170426065	0.2906979103	0.4089869413	1.406913936	1	1.031733321
-3.120300752	0.2906979103	0.4087880586	1.406229781	1	1.031231608
-3.070175439	0.2906979103	0.4085891759	1.405545625	1	1.030729896
-3.020050125	0.2906979103	0.4083902932	1.404861469	1	1.030228183
-2.969924812	0.2906979103	0.4081914105	1.404177313	1	1.029726471
-2.919799499	0.2906979103	0.4079925279	1.403493157	1	1.029224758
-2.869674185	0.2906979103	0.4077936452	1.402809001	1	1.028723045
-2.819548872	0.2906979103	0.4075947625	1.402124845	1	1.028221333
-2.769423559	0.2906979103	0.4073958798	1.401440689	1	1.02771962
-2.719298246	0.2906979103	0.4071969971	1.400756533	1	1.027217908
-2.669172932	0.2906979103	0.4069981144	1.400072378	1	1.026716195
-2.619047619	0.2906979103	0.4067992317	1.399388222	1	1.026214482
-2.568922306	0.2906979103	0.4066003491	1.398704066	1	1.02571277
-2.518796992	0.2906979103	0.4064014664	1.39801991	1	1.025211057
-2.468671679	0.2906979103	0.4062025837	1.397335754	1	1.024709345
-2.418546366	0.2906979103	0.406003701	1.396651598	1	1.024207632
-2.368421053	0.2906979103	0.4058048183	1.395967442	1	1.02370592
-2.318295739	0.2906979103	0.4056059356	1.395283286	1	1.023204207
-2.268170426	0.2906979103	0.4054070529	1.39459913	1	1.022702494
-2.218045113	0.2906979103	0.4052081702	1.393914975	1	1.022200782
-2.167919799	0.2906979103	0.4050092876	1.393230819	1	1.021699069
-2.117794486	0.2906979103	0.4048104049	1.392546663	1	1.021197357
-2.067669173	0.2906979103	0.4046115222	1.391862507	1	1.020695644
-2.01754386	0.2906979103	0.4044126395	1.391178351	1	1.020193931
-1.967418546	0.2906979103	0.4042137568	1.390494195	1	1.019692219
-1.917293233	0.2906979103	0.4040148741	1.389810039	1	1.019190506
-1.86716792	0.2906979103	0.4038159914	1.389125883	1	1.018688794
-1.817042607	0.2906979103	0.4036171088	1.388441727	1	1.018187081
-1.766917293	0.2906979103	0.4034182261	1.387757572	1	1.017685369
-1.71679198	0.2906979103	0.4032193434	1.387073416	1	1.017183656
-1.666666667	0.2906979103	0.4030204607	1.38638926	1	1.016681943
-1.616541353	0.2906979103	0.402821578	1.385705104	1	1.016180231
-1.56641604	0.2906979103	0.4026226953	1.385020948	1	1.015678518
-1.516290727	0.2906979103	0.4024238126	1.384336792	1	1.015176806
-1.466165414	0.2906979103	0.4022249299	1.383652636	1	1.014675093
-1.4160401	0.2906979103	0.4020260473	1.38296848	1	1.01417338
-1.365914787	0.2906979103	0.4018271646	1.382284324	1	1.013671668
-1.315789474	0.2906979103	0.4016282819	1.381600169	1	1.013169955
-1.26566416	0.2906979103	0.4014293992	1.380916013	1	1.012668243
-1.215538847	0.2906979103	0.4012305165	1.380231857	1	1.01216653
-1.165413534	0.2906979103	0.4010316338	1.379547701	1	1.011664818
-1.115288221	0.2906979103	0.4008327511	1.378863545	1	1.011163105
-1.065162907	0.2906979103	0.4006338685	1.378179389	1	1.010661392
-1.015037594	0.2906979103	0.4004349858	1.377495233	1	1.01015968
-0.9649122807	0.2906979103	0.4002361031	1.376811077	1	1.009657967
-0.9147869674	0.2906979103	0.4000372204	1.376126922	1	1.009156255
-0.8646616541	0.2906979103	0.3998383377	1.375442766	1	1.008654542
-0.8145363409	0.2906979103	0.399639455	1.37475861	1	1.008152829
-0.7644110276	0.2906979103	0.3994405723	1.374074454	1	1.007651117
-0.7142857143	0.2906979103	0.3992416897	1.373390298	1	1.007149404
-0.664160401	0.2906979103	0.399042807	1.372706142	1	1.006647692
-0.6140350877	0.2906979103	0.3988439243	1.372021986	1	1.006145979
-0.5639097744	0.2906979103	0.3986450416	1.37133783	1	1.005644267
-0.5137844612	0.2906979103	0.3984461589	1.370653674	1	1.005142554
-0.4636591479	0.2906979103	0.3982472762	1.369969519	1	1.004640841
-0.4135338346	0.2906979103	0.3980483935	1.369285363	1	1.004139129
-0.3634085213	0.2906979103	0.3978495108	1.368601207	1	1.003637416
-0.313283208	0.2906979103	0.3976506282	1.367917051	1	1.003135704
-0.2631578947	0.2906979103	0.3974517455	1.367232895	1	1.002633991
-0.2130325815	0.2906979103	0.3972528628	1.366548739	1	1.002132278
-0.1629072682	0.2906979103	0.3970539801	1.365864583	1	1.001630566
-0.1127819549	0.2906979103	0.3968550974	1.365180427	1	1.001128853
-0.0626566416	0.2906979103	0.3966562147	1.364496271	1	1.000627141
-0.01253132832	0.2906979103	0.396457332	1.363812116	1	1.000125428
0.03759398496	0.2906979103	0.3962584494	1.36312796	1	0.9996237156
0.08771929825	0.2906979103	0.3960595667	1.362443804	1	0.999122003
0.1378446115	0.2906979103	0.395860684	1.361759648	1	0.9986202904
0.1879699248	0.2906979103	0.3956618013	1.361075492	1	0.9981185778
0.2380952381	0.2906979103	0.3954629186	1.360391336	1	0.9976168652
0.2882205514	0.2906979103	0.3952640359	1.35970718	1	0.9971151526
0.3383458647	0.2906979103	0.3950651532	1.359023024	1	0.9966134401
0.3884711779	0.2906979103	0.3948662705	1.358338868	1	0.9961117275
0.4385964912	0.2906979103	0.3946673879	1.357654713	1	0.9956100149
0.4887218045	0.2906979103	0.3944685052	1.356970557	1	0.9951083023
0.5388471178	0.2906979103	0.3942696225	1.356286401	1	0.9946065897
0.5889724311	0.2906979103	0.3940707398	1.355602245	1	0.9941048772
0.6390977444	0.2906979103	0.3938718571	1.354918089	1	0.9936031646
0.6892230576	0.2906979103	0.3936729744	1.354233933	1	0.993101452
0.7393483709	0.2906979103	0.3934740917	1.353549777	1	0.9925997394
0.7894736842	0.2906979103	0.3932752091	1.352865621	1	0.9920980268
0.8395989975	0.2906979103	0.3930763264	1.352181465	1	0.9915963142
0.8897243108	0.2906979103	0.3928774437	1.35149731	1	0.9910946017
0.9398496241	0.2906979103	0.392678561	1.350813154	1	0.9905928891
0.9899749373	0.2906979103	0.3924796783	1.350128998	1	0.9900911765
1.040100251	0.2906979103	0.3922807956	1.349444842	1	0.9895894639
1.090225564	0.2906979103	0.3920819129	1.348760686	1	0.9890877513
1.140350877	0.2906979103	0.3918830303	1.34807653	1	0.9885860387
1.19047619	0.2906979103	0.3916841476	1.347392374	1	0.9880843262
1.240601504	0.2906979103	0.3914852649	1.346708218	1	0.9875826136
1.290726817	0.2906979103	0.3912863822	1.346024063	1	0.987080901
1.34085213	0.2906979103	0.3910874995	1.345339907	1	0.9865791884
1.390977444	0.2906979103	0.3908886168	1.344655751	1	0.9860774758
1.441102757	0.2906979103	0.3906897341	1.343971595	1	0.9855757632
1.49122807	0.2906979103	0.3904908514	1.343287439	1	0.9850740507
1.541353383	0.2906979103	0.3902919688	1.342603283	1	0.9845723381
1.591478697	0.2906979103	0.3900930861	1.341919127	1	0.9840706255
1.64160401	0.2906979103	0.3898942034	1.341234971	1	0.9835689129
1.691729323	0.2906979103	0.3896953207	1.340550815	1	0.9830672003
1.741854637	0.2906979103	0.389496438	1.33986666	1	0.9825654878
1.79197995	0.2906979103	0.3892975553	1.339182504	1	0.9820637752
1.842105263	0.2906979103	0.3890986726	1.338498348	1	0.9815620626
1.892230576	0.2906979103	0.38889979	1.337814192	1	0.98106035
1.94235589	0.2906979103	0.3887009073	1.337130036	1	0.9805586374
1.992481203	0.2906979103	0.3885020246	1.33644588	1	0.9800569248
2.042606516	0.2906979103	0.3883031419	1.335761724	1	0.9795552123
2.09273183	0.2906979103	0.3881042592	1.335077568	1	0.9790534997
2.142857143	0.2906979103	0.3879053765	1.334393412	1	0.9785517871
2.192982456	0.2906979103	0.3877064938	1.333709257	1	0.9780500745
2.243107769	0.2906979103	0.3875076111	1.333025101	1	0.9775483619
2.293233083	0.2906979103	0.3873087285	1.332340945	1	0.9770466493
2.343358396	0.2906979103	0.3871098458	1.331656789	1	0.9765449368
2.393483709	0.2906979103	0.3869109631	1.330972633	1	0.9760432242
2.443609023	0.2906979103	0.3867120804	1.330288477	1	0.9755415116
2.493734336	0.2906979103	0.3865131977	1.329604321	1	0.975039799
2.543859649	0.2906979103	0.386314315	1.328920165	1	0.9745380864
2.593984962	0.2906979103	0.3861154323	1.328236009	1	0.9740363738
2.644110276	0.2906979103	0.3859165497	1.327551854	1	0.9735346613
2.694235589	0.2906979103	0.385717667	1.326867698	1	0.9730329487
2.744360902	0.2906979103	0.3855187843	1.326183542	1	0.9725312361
2.794486216	0.2906979103	0.3853199016	1.325499386	1	0.9720295235
2.844611529	0.2906979103	0.3851210189	1.32481523	1	0.9715278109
2.894736842	0.2906979103	0.3849221362	1.324131074	1	0.9710260984
2.944862155	0.2906979103	0.3847232535	1.323446918	1	0.9705243858
2.994987469	0.2906979103	0.3845243709	1.322762762	1	0.9700226732
3.045112782	0.2906979103	0.3843254882	1.322078606	1	0.9695209606
3.095238095	0.2906979103	0.3841266055	1.321394451	1	0.969019248
3.145363409	0.2906979103	0.3839277228	1.320710295	1	0.9685175354
3.195488722	0.2906979103	0.3837288401	1.320026139	1	0.9680158229
3.245614035	0.2906979103	0.3835299574	1.319341983	1	0.9675141103
3.295739348	0.2906979103	0.3833310747	1.318657827	1	0.9670123977
3.345864662	0.2906979103	0.383132192	1.317973671	1	0.9665106851
3.395989975	0.2906979103	0.3829333094	1.317289515	1	0.9660089725
3.446115288	0.2906979103	0.3827344267	1.316605359	1	0.9655072599
3.496240602	0.2906979103	0.382535544	1.315921204	1	0.9650055474
3.546365915	0.2906979103	0.3823366613	1.315237048	1	0.9645038348
3.596491228	0.2906979103	0.3821377786	1.314552892	1	0.9640021222
3.646616541	0.2906979103	0.3819388959	1.313868736	1	0.9635004096
3.696741855	0.2906979103	0.3817400132	1.31318458	1	0.962998697
3.746867168	0.2906979103	0.3815411306	1.312500424	1	0.9624969844
3.796992481	0.2906979103	0.3813422479	1.311816268	1	0.9619952719
3.847117794	0.2906979103	0.3811433652	1.311132112	1	0.9614935593
3.897243108	0.2906979103	0.3809444825	1.310447956	1	0.9609918467
3.947368421	0.2906979103	0.3807455998	1.309763801	1	0.9604901341
3.997493734	0.2906979103	0.3805467171	1.309079645	1	0.9599884215
4.047619048	0.2906979103	0.3803478344	1.308395489	1	0.959486709
4.097744361	0.2906979103	0.3801489517	1.307711333	1	0.9589849964
4.147869674	0.2906979103	0.3799500691	1.307027177	1	0.9584832838
4.197994987	0.2906979103	0.3797511864	1.306343021	1	0.9579815712
4.248120301	0.2906979103	0.3795523037	1.305658865	1	0.9574798586
4.298245614	0.2906979103	0.379353421	1.304974709	1	0.956978146
4.348370927	0.2906979103	0.3791545383	1.304290553	1	0.9564764335
4.398496241	0.2906979103	0.3789556556	1.303606398	1	0.9559747209
4.448621554	0.2906979103	0.3787567729	1.302922242	1	0.9554730083
4.498746867	0.2906979103	0.3785578903	1.302238086	1	0.9549712957
4.54887218	0.2906979103	0.3783590076	1.30155393	1	0.9544695831
4.598997494	0.2906979103	0.3781601249	1.300869774	1	0.9539678705
4.649122807	0.2906979103	0.3779612422	1.300185618	1	0.953466158
4.69924812	0.2906979103	0.3777623595	1.299501462	1	0.9529644454
4.749373434	0.2906979103	0.3775634768	1.298817306	1	0.9524627328
4.799498747	0.2906979103	0.3773645941	1.29813315	1	0.9519610202
4.84962406	0.2906979103	0.3771657115	1.297448995	1	0.9514593076
4.899749373	0.2906979103	0.3769668288	1.296764839	1	0.950957595
4.949874687	0.2906979103	0.3767679461	1.296080683	1	0.9504558825
5	0.2906979103	0.3765690634	1.295396527	1	0.9499541699
