# VHH-NNLO SMEFT scan points
# process: ZHH
# energy_tev: 13.6
# scan_axis: phi
# fixed_wcs: phi=0,phiB=0,phiBox=0,phiD=0,phiQ3rd=0,phiW=0,phiWB=0,phid=0,phiq1st=0,phiq3st=0,phiu=0,tphi=0
#
phi	sigma_lo	sigma_nnlo	k	sigma_smeft_over_sm_lo	sigma_smeft_over_sm_nnlo
-15	1.336500019	1.671345102	1.250538779	4.597556336	4.216228585
-14.95488722	1.33335475	1.667510704	1.25061294	4.586736618	4.206555717
-14.90977444	1.33020948	1.663676305	1.250687452	4.5759169	4.196882849
-14.86466165	1.327064211	1.659841907	1.250762317	4.565097181	4.187209981
-14.81954887	1.323918941	1.656007508	1.250837537	4.554277463	4.177537113
-14.77443609	1.320773672	1.65217311	1.250913116	4.543457745	4.167864245
-14.72932331	1.317628402	1.648338711	1.250989056	4.532638027	4.158191377
-14.68421053	1.314483133	1.644504313	1.251065359	4.521818308	4.148518509
-14.63909774	1.311337863	1.640669915	1.251142028	4.51099859	4.138845641
-14.59398496	1.308192594	1.636835516	1.251219066	4.500178872	4.129172773
-14.54887218	1.305047324	1.633001118	1.251296476	4.489359153	4.119499906
-14.5037594	1.301902055	1.629166719	1.251374259	4.478539435	4.109827038
-14.45864662	1.298756785	1.625332321	1.251452419	4.467719717	4.10015417
-14.41353383	1.295611516	1.621497922	1.251530958	4.456899998	4.090481302
-14.36842105	1.292466246	1.617663524	1.25160988	4.44608028	4.080808434
-14.32330827	1.289320977	1.613829125	1.251689187	4.435260562	4.071135566
-14.27819549	1.286175707	1.609994727	1.251768882	4.424440844	4.061462698
-14.23308271	1.283030438	1.606160328	1.251848967	4.413621125	4.05178983
-14.18796992	1.279885168	1.60232593	1.251929446	4.402801407	4.042116962
-14.14285714	1.276739899	1.598491531	1.252010321	4.391981689	4.032444094
-14.09774436	1.273594629	1.594657133	1.252091597	4.38116197	4.022771226
-14.05263158	1.27044936	1.590822734	1.252173274	4.370342252	4.013098358
-14.0075188	1.26730409	1.586988336	1.252255357	4.359522534	4.00342549
-13.96240602	1.264158821	1.583153937	1.252337848	4.348702815	3.993752623
-13.91729323	1.261013551	1.579319539	1.252420751	4.337883097	3.984079755
-13.87218045	1.257868282	1.575485141	1.252504068	4.327063379	3.974406887
-13.82706767	1.254723012	1.571650742	1.252587803	4.31624366	3.964734019
-13.78195489	1.251577743	1.567816344	1.252671959	4.305423942	3.955061151
-13.73684211	1.248432473	1.563981945	1.252756539	4.294604224	3.945388283
-13.69172932	1.245287204	1.560147547	1.252841547	4.283784506	3.935715415
-13.64661654	1.242141934	1.556313148	1.252926984	4.272964787	3.926042547
-13.60150376	1.238996665	1.55247875	1.253012856	4.262145069	3.916369679
-13.55639098	1.235851395	1.548644351	1.253099165	4.251325351	3.906696811
-13.5112782	1.232706126	1.544809953	1.253185914	4.240505632	3.897023943
-13.46616541	1.229560856	1.540975554	1.253273107	4.229685914	3.887351075
-13.42105263	1.226415587	1.537141156	1.253360747	4.218866196	3.877678207
-13.37593985	1.223270317	1.533306757	1.253448838	4.208046477	3.86800534
-13.33082707	1.220125048	1.529472359	1.253537383	4.197226759	3.858332472
-13.28571429	1.216979778	1.52563796	1.253626385	4.186407041	3.848659604
-13.2406015	1.213834509	1.521803562	1.253715849	4.175587323	3.838986736
-13.19548872	1.210689239	1.517969164	1.253805778	4.164767604	3.829313868
-13.15037594	1.20754397	1.514134765	1.253896175	4.153947886	3.819641
-13.10526316	1.2043987	1.510300367	1.253987044	4.143128168	3.809968132
-13.06015038	1.201253431	1.506465968	1.25407839	4.132308449	3.800295264
-13.01503759	1.198108161	1.50263157	1.254170214	4.121488731	3.790622396
-12.96992481	1.194962892	1.498797171	1.254262523	4.110669013	3.780949528
-12.92481203	1.191817622	1.494962773	1.254355318	4.099849294	3.77127666
-12.87969925	1.188672353	1.491128374	1.254448604	4.089029576	3.761603792
-12.83458647	1.185527083	1.487293976	1.254542386	4.078209858	3.751930924
-12.78947368	1.182381814	1.483459577	1.254636666	4.067390139	3.742258056
-12.7443609	1.179236544	1.479625179	1.25473145	4.056570421	3.732585189
-12.69924812	1.176091275	1.47579078	1.25482674	4.045750703	3.722912321
-12.65413534	1.172946005	1.471956382	1.254922541	4.034930985	3.713239453
-12.60902256	1.169800736	1.468121983	1.255018858	4.024111266	3.703566585
-12.56390977	1.166655466	1.464287585	1.255115694	4.013291548	3.693893717
-12.51879699	1.163510197	1.460453186	1.255213053	4.00247183	3.684220849
-12.47368421	1.160364927	1.456618788	1.25531094	3.991652111	3.674547981
-12.42857143	1.157219658	1.45278439	1.25540936	3.980832393	3.664875113
-12.38345865	1.154074388	1.448949991	1.255508315	3.970012675	3.655202245
-12.33834586	1.150929119	1.445115593	1.255607812	3.959192956	3.645529377
-12.29323308	1.147783849	1.441281194	1.255707854	3.948373238	3.635856509
-12.2481203	1.14463858	1.437446796	1.255808445	3.93755352	3.626183641
-12.20300752	1.14149331	1.433612397	1.255909592	3.926733801	3.616510773
-12.15789474	1.138348041	1.429777999	1.256011297	3.915914083	3.606837906
-12.11278195	1.135202771	1.4259436	1.256113565	3.905094365	3.597165038
-12.06766917	1.132057502	1.422109202	1.256216402	3.894274647	3.58749217
-12.02255639	1.128912232	1.418274803	1.256319812	3.883454928	3.577819302
-11.97744361	1.125766963	1.414440405	1.256423799	3.87263521	3.568146434
-11.93233083	1.122621693	1.410606006	1.25652837	3.861815492	3.558473566
-11.88721805	1.119476424	1.406771608	1.256633528	3.850995773	3.548800698
-11.84210526	1.116331154	1.402937209	1.256739278	3.840176055	3.53912783
-11.79699248	1.113185885	1.399102811	1.256845627	3.829356337	3.529454962
-11.7518797	1.110040615	1.395268413	1.256952577	3.818536618	3.519782094
-11.70676692	1.106895346	1.391434014	1.257060136	3.8077169	3.510109226
-11.66165414	1.103750076	1.387599616	1.257168308	3.796897182	3.500436358
-11.61654135	1.100604807	1.383765217	1.257277098	3.786077464	3.49076349
-11.57142857	1.097459537	1.379930819	1.257386511	3.775257745	3.481090623
-11.52631579	1.094314268	1.37609642	1.257496553	3.764438027	3.471417755
-11.48120301	1.091168998	1.372262022	1.25760723	3.753618309	3.461744887
-11.43609023	1.088023729	1.368427623	1.257718547	3.74279859	3.452072019
-11.39097744	1.084878459	1.364593225	1.257830509	3.731978872	3.442399151
-11.34586466	1.08173319	1.360758826	1.257943122	3.721159154	3.432726283
-11.30075188	1.07858792	1.356924428	1.258056392	3.710339435	3.423053415
-11.2556391	1.075442651	1.353090029	1.258170325	3.699519717	3.413380547
-11.21052632	1.072297381	1.349255631	1.258284926	3.688699999	3.403707679
-11.16541353	1.069152112	1.345421232	1.258400201	3.67788028	3.394034811
-11.12030075	1.066006842	1.341586834	1.258516156	3.667060562	3.384361943
-11.07518797	1.062861573	1.337752435	1.258632798	3.656240844	3.374689075
-11.03007519	1.059716303	1.333918037	1.258750132	3.645421126	3.365016207
-10.98496241	1.056571034	1.330083639	1.258868165	3.634601407	3.35534334
-10.93984962	1.053425764	1.32624924	1.258986902	3.623781689	3.345670472
-10.89473684	1.050280495	1.322414842	1.259106351	3.612961971	3.335997604
-10.84962406	1.047135225	1.318580443	1.259226517	3.602142252	3.326324736
-10.80451128	1.043989956	1.314746045	1.259347408	3.591322534	3.316651868
-10.7593985	1.040844686	1.310911646	1.259469029	3.580502816	3.306979
-10.71428571	1.037699417	1.307077248	1.259591387	3.569683097	3.297306132
-10.66917293	1.034554147	1.303242849	1.259714489	3.558863379	3.287633264
-10.62406015	1.031408878	1.299408451	1.259838342	3.548043661	3.277960396
-10.57894737	1.028263608	1.295574052	1.259962953	3.537223943	3.268287528
-10.53383459	1.025118339	1.291739654	1.260088328	3.526404224	3.25861466
-10.4887218	1.021973069	1.287905255	1.260214475	3.515584506	3.248941792
-10.44360902	1.0188278	1.284070857	1.260341401	3.504764788	3.239268924
-10.39849624	1.01568253	1.280236458	1.260469113	3.493945069	3.229596057
-10.35338346	1.012537261	1.27640206	1.260597619	3.483125351	3.219923189
-10.30827068	1.009391991	1.272567662	1.260726925	3.472305633	3.210250321
-10.26315789	1.006246722	1.268733263	1.26085704	3.461485914	3.200577453
-10.21804511	1.003101452	1.264898865	1.26098797	3.450666196	3.190904585
-10.17293233	0.9999561828	1.261064466	1.261119725	3.439846478	3.181231717
-10.12781955	0.9968109133	1.257230068	1.261252311	3.429026759	3.171558849
-10.08270677	0.9936656438	1.253395669	1.261385736	3.418207041	3.161885981
-10.03759398	0.9905203743	1.249561271	1.261520008	3.407387323	3.152213113
-9.992481203	0.9873751048	1.245726872	1.261655136	3.396567605	3.142540245
-9.947368421	0.9842298353	1.241892474	1.261791128	3.385747886	3.132867377
-9.902255639	0.9810845658	1.238058075	1.261927991	3.374928168	3.123194509
-9.857142857	0.9779392963	1.234223677	1.262065735	3.36410845	3.113521641
-9.812030075	0.9747940268	1.230389278	1.262204368	3.353288731	3.103848774
-9.766917293	0.9716487573	1.22655488	1.262343898	3.342469013	3.094175906
-9.721804511	0.9685034878	1.222720481	1.262484335	3.331649295	3.084503038
-9.676691729	0.9653582183	1.218886083	1.262625686	3.320829576	3.07483017
-9.631578947	0.9622129488	1.215051684	1.262767962	3.310009858	3.065157302
-9.586466165	0.9590676793	1.211217286	1.262911171	3.29919014	3.055484434
-9.541353383	0.9559224098	1.207382888	1.263055322	3.288370422	3.045811566
-9.496240602	0.9527771403	1.203548489	1.263200426	3.277550703	3.036138698
-9.45112782	0.9496318708	1.199714091	1.26334649	3.266730985	3.02646583
-9.406015038	0.9464866013	1.195879692	1.263493525	3.255911267	3.016792962
-9.360902256	0.9433413318	1.192045294	1.26364154	3.245091548	3.007120094
-9.315789474	0.9401960623	1.188210895	1.263790546	3.23427183	2.997447226
-9.270676692	0.9370507928	1.184376497	1.263940552	3.223452112	2.987774358
-9.22556391	0.9339055233	1.180542098	1.264091569	3.212632393	2.97810149
-9.180451128	0.9307602538	1.1767077	1.264243606	3.201812675	2.968428623
-9.135338346	0.9276149843	1.172873301	1.264396674	3.190992957	2.958755755
-9.090225564	0.9244697148	1.169038903	1.264550784	3.180173238	2.949082887
-9.045112782	0.9213244453	1.165204504	1.264705946	3.16935352	2.939410019
-9	0.9181791758	1.161370106	1.264862171	3.158533802	2.929737151
-8.954887218	0.9150339063	1.157535707	1.26501947	3.147714084	2.920064283
-8.909774436	0.9118886368	1.153701309	1.265177854	3.136894365	2.910391415
-8.864661654	0.9087433673	1.149866911	1.265337335	3.126074647	2.900718547
-8.819548872	0.9055980978	1.146032512	1.265497923	3.115254929	2.891045679
-8.77443609	0.9024528283	1.142198114	1.265659631	3.10443521	2.881372811
-8.729323308	0.8993075588	1.138363715	1.26582247	3.093615492	2.871699943
-8.684210526	0.8961622893	1.134529317	1.265986452	3.082795774	2.862027075
-8.639097744	0.8930170198	1.130694918	1.266151588	3.071976055	2.852354207
-8.593984962	0.8898717503	1.12686052	1.266317893	3.061156337	2.84268134
-8.54887218	0.8867264808	1.123026121	1.266485377	3.050336619	2.833008472
-8.503759398	0.8835812113	1.119191723	1.266654053	3.0395169	2.823335604
-8.458646617	0.8804359418	1.115357324	1.266823935	3.028697182	2.813662736
-8.413533835	0.8772906723	1.111522926	1.266995035	3.017877464	2.803989868
-8.368421053	0.8741454028	1.107688527	1.267167366	3.007057746	2.794317
-8.323308271	0.8710001333	1.103854129	1.267340941	2.996238027	2.784644132
-8.278195489	0.8678548638	1.10001973	1.267515775	2.985418309	2.774971264
-8.233082707	0.8647095943	1.096185332	1.267691881	2.974598591	2.765298396
-8.187969925	0.8615643248	1.092350933	1.267869272	2.963778872	2.755625528
-8.142857143	0.8584190553	1.088516535	1.268047964	2.952959154	2.74595266
-8.097744361	0.8552737858	1.084682137	1.268227969	2.942139436	2.736279792
-8.052631579	0.8521285163	1.080847738	1.268409304	2.931319717	2.726606924
-8.007518797	0.8489832468	1.07701334	1.268591982	2.920499999	2.716934057
-7.962406015	0.8458379773	1.073178941	1.268776019	2.909680281	2.707261189
-7.917293233	0.8426927078	1.069344543	1.268961429	2.898860563	2.697588321
-7.872180451	0.8395474383	1.065510144	1.269148229	2.888040844	2.687915453
-7.827067669	0.8364021688	1.061675746	1.269336433	2.877221126	2.678242585
-7.781954887	0.8332568993	1.057841347	1.269526059	2.866401408	2.668569717
-7.736842105	0.8301116298	1.054006949	1.269717121	2.855581689	2.658896849
-7.691729323	0.8269663603	1.05017255	1.269909637	2.844761971	2.649223981
-7.646616541	0.8238210908	1.046338152	1.270103623	2.833942253	2.639551113
-7.601503759	0.8206758213	1.042503753	1.270299095	2.823122534	2.629878245
-7.556390977	0.8175305518	1.038669355	1.270496072	2.812302816	2.620205377
-7.511278195	0.8143852823	1.034834956	1.27069457	2.801483098	2.610532509
-7.466165414	0.8112400128	1.031000558	1.270894608	2.790663379	2.600859641
-7.421052632	0.8080947433	1.02716616	1.271096203	2.779843661	2.591186774
-7.37593985	0.8049494738	1.023331761	1.271299373	2.769023943	2.581513906
-7.330827068	0.8018042043	1.019497363	1.271504137	2.758204225	2.571841038
-7.285714286	0.7986589348	1.015662964	1.271710514	2.747384506	2.56216817
-7.240601504	0.7955136653	1.011828566	1.271918522	2.736564788	2.552495302
-7.195488722	0.7923683958	1.007994167	1.272128182	2.72574507	2.542822434
-7.15037594	0.7892231263	1.004159769	1.272339514	2.714925351	2.533149566
-7.105263158	0.7860778568	1.00032537	1.272552536	2.704105633	2.523476698
-7.060150376	0.7829325873	0.9964909717	1.27276727	2.693285915	2.51380383
-7.015037594	0.7797873178	0.9926565733	1.272983736	2.682466196	2.504130962
-6.969924812	0.7766420483	0.9888221748	1.273201956	2.671646478	2.494458094
-6.92481203	0.7734967788	0.9849877763	1.27342195	2.66082676	2.484785226
-6.879699248	0.7703515093	0.9811533779	1.273643741	2.650007042	2.475112358
-6.834586466	0.7672062398	0.9773189794	1.27386735	2.639187323	2.465439491
-6.789473684	0.7640609702	0.9734845809	1.2740928	2.628367605	2.455766623
-6.744360902	0.7609157007	0.9696501825	1.274320114	2.617547887	2.446093755
-6.69924812	0.7577704312	0.965815784	1.274549315	2.606728168	2.436420887
-6.654135338	0.7546251617	0.9619813855	1.274780426	2.59590845	2.426748019
-6.609022556	0.7514798922	0.9581469871	1.275013473	2.585088732	2.417075151
-6.563909774	0.7483346227	0.9543125886	1.275248478	2.574269013	2.407402283
-6.518796992	0.7451893532	0.9504781901	1.275485467	2.563449295	2.397729415
-6.473684211	0.7420440837	0.9466437917	1.275724465	2.552629577	2.388056547
-6.428571429	0.7388988142	0.9428093932	1.275965498	2.541809858	2.378383679
-6.383458647	0.7357535447	0.9389749947	1.276208591	2.53099014	2.368710811
-6.338345865	0.7326082752	0.9351405962	1.276453772	2.520170422	2.359037943
-6.293233083	0.7294630057	0.9313061978	1.276701067	2.509350704	2.349365075
-6.248120301	0.7263177362	0.9274717993	1.276950504	2.498530985	2.339692207
-6.203007519	0.7231724667	0.9236374008	1.277202111	2.487711267	2.33001934
-6.157894737	0.7200271972	0.9198030024	1.277455915	2.476891549	2.320346472
-6.112781955	0.7168819277	0.9159686039	1.277711947	2.46607183	2.310673604
-6.067669173	0.7137366582	0.9121342054	1.277970236	2.455252112	2.301000736
-6.022556391	0.7105913887	0.908299807	1.278230811	2.444432394	2.291327868
-5.977443609	0.7074461192	0.9044654085	1.278493703	2.433612675	2.281655
-5.932330827	0.7043008497	0.90063101	1.278758943	2.422792957	2.271982132
-5.887218045	0.7011555802	0.8967966116	1.279026563	2.411973239	2.262309264
-5.842105263	0.6980103107	0.8929622131	1.279296594	2.40115352	2.252636396
-5.796992481	0.6948650412	0.8891278146	1.27956907	2.390333802	2.242963528
-5.751879699	0.6917197717	0.8852934162	1.279844024	2.379514084	2.23329066
-5.706766917	0.6885745022	0.8814590177	1.28012149	2.368694366	2.223617792
-5.661654135	0.6854292327	0.8776246192	1.280401502	2.357874647	2.213944924
-5.616541353	0.6822839632	0.8737902207	1.280684096	2.347054929	2.204272057
-5.571428571	0.6791386937	0.8699558223	1.280969308	2.336235211	2.194599189
-5.526315789	0.6759934242	0.8661214238	1.281257173	2.325415492	2.184926321
-5.481203008	0.6728481547	0.8622870253	1.28154773	2.314595774	2.175253453
-5.436090226	0.6697028852	0.8584526269	1.281841016	2.303776056	2.165580585
-5.390977444	0.6665576157	0.8546182284	1.28213707	2.292956337	2.155907717
-5.345864662	0.6634123462	0.8507838299	1.282435931	2.282136619	2.146234849
-5.30075188	0.6602670767	0.8469494315	1.28273764	2.271316901	2.136561981
-5.255639098	0.6571218072	0.843115033	1.283042236	2.260497183	2.126889113
-5.210526316	0.6539765377	0.8392806345	1.283349763	2.249677464	2.117216245
-5.165413534	0.6508312682	0.8354462361	1.283660262	2.238857746	2.107543377
-5.120300752	0.6476859987	0.8316118376	1.283973776	2.228038028	2.097870509
-5.07518797	0.6445407292	0.8277774391	1.284290351	2.217218309	2.088197641
-5.030075188	0.6413954597	0.8239430406	1.28461003	2.206398591	2.078524774
-4.984962406	0.6382501902	0.8201086422	1.28493286	2.195578873	2.068851906
-4.939849624	0.6351049207	0.8162742437	1.285258887	2.184759154	2.059179038
-4.894736842	0.6319596512	0.8124398452	1.28558816	2.173939436	2.04950617
-4.84962406	0.6288143817	0.8086054468	1.285920727	2.163119718	2.039833302
-4.804511278	0.6256691122	0.8047710483	1.286256637	2.152299999	2.030160434
-4.759398496	0.6225238427	0.8009366498	1.286595942	2.141480281	2.020487566
-4.714285714	0.6193785732	0.7971022514	1.286938693	2.130660563	2.010814698
-4.669172932	0.6162333037	0.7932678529	1.287284942	2.119840845	2.00114183
-4.62406015	0.6130880342	0.7894334544	1.287634745	2.109021126	1.991468962
-4.578947368	0.6099427647	0.785599056	1.287988155	2.098201408	1.981796094
-4.533834586	0.6067974952	0.7817646575	1.288345228	2.08738169	1.972123226
-4.488721805	0.6036522257	0.777930259	1.288706023	2.076561971	1.962450358
-4.443609023	0.6005069562	0.7740958606	1.289070597	2.065742253	1.952777491
-4.398496241	0.5973616867	0.7702614621	1.28943901	2.054922535	1.943104623
-4.353383459	0.5942164172	0.7664270636	1.289811324	2.044102816	1.933431755
-4.308270677	0.5910711477	0.7625926651	1.290187599	2.033283098	1.923758887
-4.263157895	0.5879258782	0.7587582667	1.290567901	2.02246338	1.914086019
-4.218045113	0.5847806087	0.7549238682	1.290952294	2.011643662	1.904413151
-4.172932331	0.5816353392	0.7510894697	1.291340844	2.000823943	1.894740283
-4.127819549	0.5784900697	0.7472550713	1.291733619	1.990004225	1.885067415
-4.082706767	0.5753448002	0.7434206728	1.292130689	1.979184507	1.875394547
-4.037593985	0.5721995307	0.7395862743	1.292532123	1.968364788	1.865721679
-3.992481203	0.5690542612	0.7357518759	1.292937996	1.95754507	1.856048811
-3.947368421	0.5659089917	0.7319174774	1.29334838	1.946725352	1.846375943
-3.902255639	0.5627637222	0.7280830789	1.293763351	1.935905633	1.836703075
-3.857142857	0.5596184527	0.7242486805	1.294182987	1.925085915	1.827030208
-3.812030075	0.5564731832	0.720414282	1.294607366	1.914266197	1.81735734
-3.766917293	0.5533279137	0.7165798835	1.29503657	1.903446478	1.807684472
-3.721804511	0.5501826442	0.7127454851	1.295470682	1.89262676	1.798011604
-3.676691729	0.5470373747	0.7089110866	1.295909785	1.881807042	1.788338736
-3.631578947	0.5438921052	0.7050766881	1.296353967	1.870987324	1.778665868
-3.586466165	0.5407468357	0.7012422896	1.296803316	1.860167605	1.768993
-3.541353383	0.5376015662	0.6974078912	1.297257923	1.849347887	1.759320132
-3.496240602	0.5344562967	0.6935734927	1.297717881	1.838528169	1.749647264
-3.45112782	0.5313110272	0.6897390942	1.298183284	1.82770845	1.739974396
-3.406015038	0.5281657577	0.6859046958	1.298654231	1.816888732	1.730301528
-3.360902256	0.5250204881	0.6820702973	1.29913082	1.806069014	1.72062866
-3.315789474	0.5218752186	0.6782358988	1.299613154	1.795249295	1.710955792
-3.270676692	0.5187299491	0.6744015004	1.300101337	1.784429577	1.701282925
-3.22556391	0.5155846796	0.6705671019	1.300595476	1.773609859	1.691610057
-3.180451128	0.5124394101	0.6667327034	1.301095681	1.762790141	1.681937189
-3.135338346	0.5092941406	0.662898305	1.301602065	1.751970422	1.672264321
-3.090225564	0.5061488711	0.6590639065	1.302114741	1.741150704	1.662591453
-3.045112782	0.5030036016	0.655229508	1.30263383	1.730330986	1.652918585
-3	0.4998583321	0.6513951095	1.303159451	1.719511267	1.643245717
-2.954887218	0.4967130626	0.6475607111	1.303691728	1.708691549	1.633572849
-2.909774436	0.4935677931	0.6437263126	1.30423079	1.697871831	1.623899981
-2.864661654	0.4904225236	0.6398919141	1.304776766	1.687052112	1.614227113
-2.819548872	0.4872772541	0.6360575157	1.30532979	1.676232394	1.604554245
-2.77443609	0.4841319846	0.6322231172	1.30589	1.665412676	1.594881377
-2.729323308	0.4809867151	0.6283887187	1.306457536	1.654592957	1.585208509
-2.684210526	0.4778414456	0.6245543203	1.307032544	1.643773239	1.575535641
-2.639097744	0.4746961761	0.6207199218	1.307615172	1.632953521	1.565862774
-2.593984962	0.4715509066	0.6168855233	1.308205572	1.622133803	1.556189906
-2.54887218	0.4684056371	0.6130511249	1.3088039	1.611314084	1.546517038
-2.503759398	0.4652603676	0.6092167264	1.309410319	1.600494366	1.53684417
-2.458646617	0.4621150981	0.6053823279	1.310024992	1.589674648	1.527171302
-2.413533835	0.4589698286	0.6015479295	1.31064809	1.578854929	1.517498434
-2.368421053	0.4558245591	0.597713531	1.311279787	1.568035211	1.507825566
-2.323308271	0.4526792896	0.5938791325	1.311920263	1.557215493	1.498152698
-2.278195489	0.4495340201	0.590044734	1.3125697	1.546395774	1.48847983
-2.233082707	0.4463887506	0.5862103356	1.31322829	1.535576056	1.478806962
-2.187969925	0.4432434811	0.5823759371	1.313896226	1.524756338	1.469134094
-2.142857143	0.4400982116	0.5785415386	1.31457371	1.513936619	1.459461226
-2.097744361	0.4369529421	0.5747071402	1.315260946	1.503116901	1.449788358
-2.052631579	0.4338076726	0.5708727417	1.315958149	1.492297183	1.440115491
-2.007518797	0.4306624031	0.5670383432	1.316665535	1.481477465	1.430442623
-1.962406015	0.4275171336	0.5632039448	1.317383329	1.470657746	1.420769755
-1.917293233	0.4243718641	0.5593695463	1.318111764	1.459838028	1.411096887
-1.872180451	0.4212265946	0.5555351478	1.318851077	1.44901831	1.401424019
-1.827067669	0.4180813251	0.5517007494	1.319601513	1.438198591	1.391751151
-1.781954887	0.4149360556	0.5478663509	1.320363327	1.427378873	1.382078283
-1.736842105	0.4117907861	0.5440319524	1.321136778	1.416559155	1.372405415
-1.691729323	0.4086455166	0.540197554	1.321922135	1.405739436	1.362732547
-1.646616541	0.4055002471	0.5363631555	1.322719676	1.394919718	1.353059679
-1.601503759	0.4023549776	0.532528757	1.323529686	1.3841	1.343386811
-1.556390977	0.3992097081	0.5286943585	1.324352459	1.373280282	1.333713943
-1.511278195	0.3960644386	0.5248599601	1.3251883	1.362460563	1.324041075
-1.466165414	0.3929191691	0.5210255616	1.326037523	1.351640845	1.314368208
-1.421052632	0.3897738996	0.5171911631	1.326900451	1.340821127	1.30469534
-1.37593985	0.3866286301	0.5133567647	1.327777419	1.330001408	1.295022472
-1.330827068	0.3834833606	0.5095223662	1.328668773	1.31918169	1.285349604
-1.285714286	0.3803380911	0.5056879677	1.329574869	1.308361972	1.275676736
-1.240601504	0.3771928216	0.5018535693	1.330496077	1.297542253	1.266003868
-1.195488722	0.3740475521	0.4980191708	1.331432776	1.286722535	1.256331
-1.15037594	0.3709022826	0.4941847723	1.332385363	1.275902817	1.246658132
-1.105263158	0.3677570131	0.4903503739	1.333354243	1.265083098	1.236985264
-1.060150376	0.3646117436	0.4865159754	1.334339839	1.25426338	1.227312396
-1.015037594	0.3614664741	0.4826815769	1.335342588	1.243443662	1.217639528
-0.969924812	0.3583212046	0.4788471784	1.33636294	1.232623944	1.20796666
-0.9248120301	0.3551759351	0.47501278	1.337401364	1.221804225	1.198293792
-0.8796992481	0.3520306656	0.4711783815	1.338458344	1.210984507	1.188620925
-0.8345864662	0.3488853961	0.467343983	1.339534381	1.200164789	1.178948057
-0.7894736842	0.3457401266	0.4635095846	1.340629996	1.18934507	1.169275189
-0.7443609023	0.3425948571	0.4596751861	1.341745729	1.178525352	1.159602321
-0.6992481203	0.3394495876	0.4558407876	1.342882137	1.167705634	1.149929453
-0.6541353383	0.3363043181	0.4520063892	1.344039802	1.156885915	1.140256585
-0.6090225564	0.3331590486	0.4481719907	1.345219326	1.146066197	1.130583717
-0.5639097744	0.3300137791	0.4443375922	1.346421333	1.135246479	1.120910849
-0.5187969925	0.3268685096	0.4405031938	1.347646472	1.124426761	1.111237981
-0.4736842105	0.3237232401	0.4366687953	1.348895418	1.113607042	1.101565113
-0.4285714286	0.3205779706	0.4328343968	1.350168872	1.102787324	1.091892245
-0.3834586466	0.3174327011	0.4289999984	1.351467561	1.091967606	1.082219377
-0.3383458647	0.3142874316	0.4251655999	1.352792244	1.081147887	1.072546509
-0.2932330827	0.3111421621	0.4213312014	1.354143709	1.070328169	1.062873642
-0.2481203008	0.3079968926	0.4174968029	1.355522776	1.059508451	1.053200774
-0.2030075188	0.3048516231	0.4136624045	1.3569303	1.048688732	1.043527906
-0.1578947368	0.3017063536	0.409828006	1.358367171	1.037869014	1.033855038
-0.1127819549	0.2985610841	0.4059936075	1.359834316	1.027049296	1.02418217
-0.06766917293	0.2954158146	0.4021592091	1.361332702	1.016229577	1.014509302
-0.02255639098	0.2922705451	0.3983248106	1.362863338	1.005409859	1.004836434
0.02255639098	0.2891252756	0.3944904121	1.364427276	0.9945901408	0.995163566
0.06766917293	0.285980006	0.3906560137	1.366025615	0.9837704225	0.9854906981
0.1127819549	0.2828347365	0.3868216152	1.367659503	0.9729507042	0.9758178302
0.1578947368	0.279689467	0.3829872167	1.369330139	0.9621309859	0.9661449623
0.2030075188	0.2765441975	0.3791528183	1.371038777	0.9513112676	0.9564720943
0.2481203008	0.273398928	0.3753184198	1.372786728	0.9404915493	0.9467992264
0.2932330827	0.2702536585	0.3714840213	1.374575365	0.929671831	0.9371263585
0.3383458647	0.267108389	0.3676496229	1.376406126	0.9188521127	0.9274534906
0.3834586466	0.2639631195	0.3638152244	1.378280515	0.9080323944	0.9177806226
0.4285714286	0.26081785	0.3599808259	1.380200112	0.8972126761	0.9081077547
0.4736842105	0.2576725805	0.3561464274	1.382166572	0.8863929578	0.8984348868
0.5187969925	0.254527311	0.352312029	1.384181633	0.8755732395	0.8887620189
0.5639097744	0.2513820415	0.3484776305	1.386247118	0.8647535212	0.8790891509
0.6090225564	0.248236772	0.344643232	1.388364944	0.8539338029	0.869416283
0.6541353383	0.2450915025	0.3408088336	1.390537126	0.8431140846	0.8597434151
0.6992481203	0.241946233	0.3369744351	1.392765785	0.8322943663	0.8500705472
0.7443609023	0.2388009635	0.3331400366	1.395053151	0.821474648	0.8403976793
0.7894736842	0.235655694	0.3293056382	1.397401576	0.8106549297	0.8307248113
0.8345864662	0.2325104245	0.3254712397	1.399813537	0.7998352114	0.8210519434
0.8796992481	0.229365155	0.3216368412	1.402291648	0.7890154931	0.8113790755
0.9248120301	0.2262198855	0.3178024428	1.404838668	0.7781957747	0.8017062076
0.969924812	0.223074616	0.3139680443	1.407457513	0.7673760564	0.7920333396
1.015037594	0.2199293465	0.3101336458	1.410151263	0.7565563381	0.7823604717
1.060150376	0.216784077	0.3062992473	1.412923179	0.7457366198	0.7726876038
1.105263158	0.2136388075	0.3024648489	1.415776714	0.7349169015	0.7630147359
1.15037594	0.210493538	0.2986304504	1.418715526	0.7240971832	0.7533418679
1.195488722	0.2073482685	0.2947960519	1.421743495	0.7132774649	0.743669
1.240601504	0.204202999	0.2909616535	1.424864742	0.7024577466	0.7339961321
1.285714286	0.2010577295	0.287127255	1.428083644	0.6916380283	0.7243232642
1.330827068	0.19791246	0.2832928565	1.431404857	0.68081831	0.7146503962
1.37593985	0.1947671905	0.2794584581	1.434833338	0.6699985917	0.7049775283
1.421052632	0.191621921	0.2756240596	1.438374368	0.6591788734	0.6953046604
1.466165414	0.1884766515	0.2717896611	1.442033583	0.6483591551	0.6856317925
1.511278195	0.185331382	0.2679552627	1.445817	0.6375394368	0.6759589245
1.556390977	0.1821861125	0.2641208642	1.44973105	0.6267197185	0.6662860566
1.601503759	0.179040843	0.2602864657	1.453782619	0.6159000002	0.6566131887
1.646616541	0.1758955735	0.2564520673	1.457979085	0.6050802819	0.6469403208
1.691729323	0.172750304	0.2526176688	1.46232836	0.5942605636	0.6372674528
1.736842105	0.1696050345	0.2487832703	1.466838948	0.5834408453	0.6275945849
1.781954887	0.166459765	0.2449488718	1.471519991	0.572621127	0.617921717
1.827067669	0.1633144955	0.2411144734	1.476381338	0.5618014086	0.6082488491
1.872180451	0.160169226	0.2372800749	1.481433611	0.5509816903	0.5985759811
1.917293233	0.1570239565	0.2334456764	1.486688284	0.540161972	0.5889031132
1.962406015	0.153878687	0.229611278	1.492157767	0.5293422537	0.5792302453
2.007518797	0.1507334175	0.2257768795	1.497855507	0.5185225354	0.5695573774
2.052631579	0.147588148	0.221942481	1.503796098	0.5077028171	0.5598845095
2.097744361	0.1444428785	0.2181080826	1.509995403	0.4968830988	0.5502116415
2.142857143	0.141297609	0.2142736841	1.516470701	0.4860633805	0.5405387736
2.187969925	0.1381523395	0.2104392856	1.52324084	0.4752436622	0.5308659057
2.233082707	0.13500707	0.2066048872	1.530326428	0.4644239439	0.5211930378
2.278195489	0.1318618005	0.2027704887	1.537750038	0.4536042256	0.5115201698
2.323308271	0.128716531	0.1989360902	1.545536449	0.4427845073	0.5018473019
2.368421053	0.1255712615	0.1951016918	1.553712923	0.431964789	0.492174434
2.413533835	0.122425992	0.1912672933	1.562309524	0.4211450707	0.4825015661
2.458646617	0.1192807225	0.1874328948	1.571359486	0.4103253524	0.4728286981
2.503759398	0.116135453	0.1835984963	1.580899645	0.3995056341	0.4631558302
2.54887218	0.1129901835	0.1797640979	1.590970935	0.3886859158	0.4534829623
2.593984962	0.109844914	0.1759296994	1.601618983	0.3778661975	0.4438100944
2.639097744	0.1066996445	0.1720953009	1.612894793	0.3670464792	0.4341372264
2.684210526	0.103554375	0.1682609025	1.624855565	0.3562267609	0.4244643585
2.729323308	0.1004091055	0.164426504	1.637565669	0.3454070425	0.4147914906
2.77443609	0.09726383597	0.1605921055	1.651097799	0.3345873242	0.4051186227
2.819548872	0.09411856647	0.1567577071	1.665534367	0.3237676059	0.3954457547
2.864661654	0.09097329697	0.1529233086	1.680969182	0.3129478876	0.3857728868
2.909774436	0.08782802747	0.1490889101	1.69750949	0.3021281693	0.3761000189
2.954887218	0.08468275797	0.1452545117	1.715278472	0.291308451	0.366427151
3	0.08153748846	0.1414201132	1.734418313	0.2804887327	0.356754283
