# VHH-NNLO SMEFT scan points
# process: ZHH
# energy_tev: 13.6
# scan_axis: phiBox
# fixed_wcs: phi=0,phiB=0,phiBox=0,phiD=0,phiQ3rd=0,phiW=0,phiWB=0,phid=0,phiq1st=0,phiq3st=0,phiu=0,tphi=0
#
phiBox	sigma_lo	sigma_nnlo	k	sigma_smeft_over_sm_lo	sigma_smeft_over_sm_nnlo
-1.05	0.06099299439	0.1038372508	1.702445533	0.2098157305	0.2619456535
-1.04235589	0.0626652703	0.1059671938	1.691003538	0.2155683549	0.2673187667
-1.034711779	0.06433754622	0.1080971367	1.680156349	0.2213209794	0.2726918798
-1.027067669	0.06600982213	0.1102270797	1.669858759	0.2270736039	0.278064993
-1.019423559	0.06768209804	0.1123570226	1.660070032	0.2328262283	0.2834381062
-1.011779449	0.06935437395	0.1144869656	1.650753356	0.2385788528	0.2888112193
-1.004135338	0.07102664987	0.1166169085	1.641875391	0.2443314773	0.2941843325
-0.9964912281	0.07269892578	0.1187468515	1.633405861	0.2500841018	0.2995574456
-0.9888471178	0.07437120169	0.1208767944	1.625317215	0.2558367262	0.3049305588
-0.9812030075	0.0760434776	0.1230067374	1.617584325	0.2615893507	0.3103036719
-0.9735588972	0.07771575352	0.1251366803	1.610184225	0.2673419752	0.3156767851
-0.965914787	0.07938802943	0.1272666233	1.603095885	0.2730945996	0.3210498983
-0.9582706767	0.08106030534	0.1293965662	1.59630001	0.2788472241	0.3264230114
-0.9506265664	0.08273258125	0.1315265092	1.589778866	0.2845998486	0.3317961246
-0.9429824561	0.08440485717	0.1336564522	1.583516123	0.290352473	0.3371692377
-0.9353383459	0.08607713308	0.1357863951	1.57749672	0.2961050975	0.3425423509
-0.9276942356	0.08774940899	0.1379163381	1.571706746	0.301857722	0.347915464
-0.9200501253	0.0894216849	0.140046281	1.566133328	0.3076103465	0.3532885772
-0.912406015	0.09109396082	0.142176224	1.560764541	0.3133629709	0.3586616903
-0.9047619048	0.09276623673	0.1443061669	1.555589318	0.3191155954	0.3640348035
-0.8971177945	0.09443851264	0.1464361099	1.550597376	0.3248682199	0.3694079167
-0.8894736842	0.09611078855	0.1485660528	1.545779148	0.3306208443	0.3747810298
-0.8818295739	0.09778306447	0.1506959958	1.541125721	0.3363734688	0.380154143
-0.8741854637	0.09945534038	0.1528259387	1.536628784	0.3421260933	0.3855272561
-0.8665413534	0.1011276163	0.1549558817	1.532280571	0.3478787178	0.3909003693
-0.8588972431	0.1027998922	0.1570858246	1.528073826	0.3536313422	0.3962734824
-0.8512531328	0.1044721681	0.1592157676	1.524001755	0.3593839667	0.4016465956
-0.8436090226	0.106144444	0.1613457105	1.520057993	0.3651365912	0.4070197087
-0.8359649123	0.1078167199	0.1634756535	1.516236569	0.3708892156	0.4123928219
-0.828320802	0.1094889959	0.1656055964	1.512531877	0.3766418401	0.4177659351
-0.8206766917	0.1111612718	0.1677355394	1.50893865	0.3823944646	0.4231390482
-0.8130325815	0.1128335477	0.1698654823	1.505451932	0.3881470891	0.4285121614
-0.8053884712	0.1145058236	0.1719954253	1.502067056	0.3938997135	0.4338852745
-0.7977443609	0.1161780995	0.1741253682	1.498779624	0.399652338	0.4392583877
-0.7901002506	0.1178503754	0.1762553112	1.495585488	0.4054049625	0.4446315008
-0.7824561404	0.1195226513	0.1783852541	1.492480732	0.4111575869	0.450004614
-0.7748120301	0.1211949272	0.1805151971	1.489461657	0.4169102114	0.4553777272
-0.7671679198	0.1228672032	0.18264514	1.486524763	0.4226628359	0.4607508403
-0.7595238095	0.1245394791	0.184775083	1.483666741	0.4284154604	0.4661239535
-0.7518796992	0.126211755	0.1869050259	1.480884455	0.4341680848	0.4714970666
-0.744235589	0.1278840309	0.1890349689	1.478174934	0.4399207093	0.4768701798
-0.7365914787	0.1295563068	0.1911649118	1.47553536	0.4456733338	0.4822432929
-0.7289473684	0.1312285827	0.1932948548	1.47296306	0.4514259582	0.4876164061
-0.7213032581	0.1329008586	0.1954247978	1.470455494	0.4571785827	0.4929895192
-0.7136591479	0.1345731345	0.1975547407	1.468010249	0.4629312072	0.4983626324
-0.7060150376	0.1362454105	0.1996846837	1.465625029	0.4686838316	0.5037357456
-0.6983709273	0.1379176864	0.2018146266	1.463297652	0.4744364561	0.5091088587
-0.690726817	0.1395899623	0.2039445696	1.461026038	0.4801890806	0.5144819719
-0.6830827068	0.1412622382	0.2060745125	1.458808208	0.4859417051	0.519855085
-0.6754385965	0.1429345141	0.2082044555	1.456642273	0.4916943295	0.5252281982
-0.6677944862	0.14460679	0.2103343984	1.454526433	0.497446954	0.5306013113
-0.6601503759	0.1462790659	0.2124643414	1.45245897	0.5031995785	0.5359744245
-0.6525062657	0.1479513418	0.2145942843	1.450438243	0.5089522029	0.5413475376
-0.6448621554	0.1496236178	0.2167242273	1.448462686	0.5147048274	0.5467206508
-0.6372180451	0.1512958937	0.2188541702	1.446530801	0.5204574519	0.552093764
-0.6295739348	0.1529681696	0.2209841132	1.444641155	0.5262100764	0.5574668771
-0.6219298246	0.1546404455	0.2231140561	1.442792378	0.5319627008	0.5628399903
-0.6142857143	0.1563127214	0.2252439991	1.440983159	0.5377153253	0.5682131034
-0.606641604	0.1579849973	0.227373942	1.439212241	0.5434679498	0.5735862166
-0.5989974937	0.1596572732	0.229503885	1.437478421	0.5492205742	0.5789593297
-0.5913533835	0.1613295491	0.2316338279	1.435780545	0.5549731987	0.5843324429
-0.5837092732	0.1630018251	0.2337637709	1.434117506	0.5607258232	0.5897055561
-0.5760651629	0.164674101	0.2358937138	1.432488245	0.5664784477	0.5950786692
-0.5684210526	0.1663463769	0.2380236568	1.430891741	0.5722310721	0.6004517824
-0.5607769424	0.1680186528	0.2401535997	1.429327017	0.5779836966	0.6058248955
-0.5531328321	0.1696909287	0.2422835427	1.427793133	0.5837363211	0.6111980087
-0.5454887218	0.1713632046	0.2444134856	1.426289186	0.5894889455	0.6165711218
-0.5378446115	0.1730354805	0.2465434286	1.424814309	0.59524157	0.621944235
-0.5302005013	0.1747077564	0.2486733715	1.423367666	0.6009941945	0.6273173481
-0.522556391	0.1763800324	0.2508033145	1.421948455	0.606746819	0.6326904613
-0.5149122807	0.1780523083	0.2529332575	1.420555902	0.6124994434	0.6380635745
-0.5072681704	0.1797245842	0.2550632004	1.419189264	0.6182520679	0.6434366876
-0.4996240602	0.1813968601	0.2571931434	1.417847824	0.6240046924	0.6488098008
-0.4919799499	0.183069136	0.2593230863	1.416530891	0.6297573168	0.6541829139
-0.4843358396	0.1847414119	0.2614530293	1.415237799	0.6355099413	0.6595560271
-0.4766917293	0.1864136878	0.2635829722	1.413967908	0.6412625658	0.6649291402
-0.469047619	0.1880859637	0.2657129152	1.412720598	0.6470151902	0.6703022534
-0.4614035088	0.1897582397	0.2678428581	1.411495272	0.6527678147	0.6756753665
-0.4537593985	0.1914305156	0.2699728011	1.410291354	0.6585204392	0.6810484797
-0.4461152882	0.1931027915	0.272102744	1.409108289	0.6642730637	0.6864215929
-0.4384711779	0.1947750674	0.274232687	1.407945538	0.6700256881	0.691794706
-0.4308270677	0.1964473433	0.2763626299	1.406802583	0.6757783126	0.6971678192
-0.4231829574	0.1981196192	0.2784925729	1.405678923	0.6815309371	0.7025409323
-0.4155388471	0.1997918951	0.2806225158	1.404574073	0.6872835615	0.7079140455
-0.4078947368	0.201464171	0.2827524588	1.403487565	0.693036186	0.7132871586
-0.4002506266	0.203136447	0.2848824017	1.402418946	0.6987888105	0.7186602718
-0.3926065163	0.2048087229	0.2870123447	1.401367777	0.704541435	0.724033385
-0.384962406	0.2064809988	0.2891422876	1.400333635	0.7102940594	0.7294064981
-0.3773182957	0.2081532747	0.2912722306	1.39931611	0.7160466839	0.7347796113
-0.3696741855	0.2098255506	0.2934021735	1.398314803	0.7217993084	0.7401527244
-0.3620300752	0.2114978265	0.2955321165	1.397329331	0.7275519328	0.7455258376
-0.3543859649	0.2131701024	0.2976620594	1.396359321	0.7333045573	0.7508989507
-0.3467418546	0.2148423783	0.2997920024	1.395404411	0.7390571818	0.7562720639
-0.3390977444	0.2165146543	0.3019219453	1.394464252	0.7448098063	0.761645177
-0.3314536341	0.2181869302	0.3040518883	1.393538504	0.7505624307	0.7670182902
-0.3238095238	0.2198592061	0.3061818312	1.392626839	0.7563150552	0.7723914034
-0.3161654135	0.221531482	0.3083117742	1.391728938	0.7620676797	0.7777645165
-0.3085213033	0.2232037579	0.3104417171	1.390844491	0.7678203041	0.7831376297
-0.300877193	0.2248760338	0.3125716601	1.389973199	0.7735729286	0.7885107428
-0.2932330827	0.2265483097	0.3147016031	1.38911477	0.7793255531	0.793883856
-0.2855889724	0.2282205856	0.316831546	1.38826892	0.7850781776	0.7992569691
-0.2779448622	0.2298928616	0.318961489	1.387435377	0.790830802	0.8046300823
-0.2703007519	0.2315651375	0.3210914319	1.386613872	0.7965834265	0.8100031955
-0.2626566416	0.2332374134	0.3232213749	1.385804148	0.802336051	0.8153763086
-0.2550125313	0.2349096893	0.3253513178	1.385005952	0.8080886754	0.8207494218
-0.2473684211	0.2365819652	0.3274812608	1.38421904	0.8138412999	0.8261225349
-0.2397243108	0.2382542411	0.3296112037	1.383443175	0.8195939244	0.8314956481
-0.2320802005	0.239926517	0.3317411467	1.382678125	0.8253465488	0.8368687612
-0.2244360902	0.2415987929	0.3338710896	1.381923666	0.8310991733	0.8422418744
-0.2167919799	0.2432710688	0.3360010326	1.381179579	0.8368517978	0.8476149875
-0.2091478697	0.2449433448	0.3381309755	1.380445653	0.8426044223	0.8529881007
-0.2015037594	0.2466156207	0.3402609185	1.37972168	0.8483570467	0.8583612139
-0.1938596491	0.2482878966	0.3423908614	1.379007459	0.8541096712	0.863734327
-0.1862155388	0.2499601725	0.3445208044	1.378302795	0.8598622957	0.8691074402
-0.1785714286	0.2516324484	0.3466507473	1.377607497	0.8656149201	0.8744805533
-0.1709273183	0.2533047243	0.3487806903	1.376921379	0.8713675446	0.8798536665
-0.163283208	0.2549770002	0.3509106332	1.376244261	0.8771201691	0.8852267796
-0.1556390977	0.2566492761	0.3530405762	1.375575967	0.8828727936	0.8905998928
-0.1479949875	0.2583215521	0.3551705191	1.374916325	0.888625418	0.8959730059
-0.1403508772	0.259993828	0.3573004621	1.37426517	0.8943780425	0.9013461191
-0.1327067669	0.2616661039	0.359430405	1.373622337	0.900130667	0.9067192323
-0.1250626566	0.2633383798	0.361560348	1.372987668	0.9058832914	0.9120923454
-0.1174185464	0.2650106557	0.3636902909	1.372361009	0.9116359159	0.9174654586
-0.1097744361	0.2666829316	0.3658202339	1.37174221	0.9173885404	0.9228385717
-0.1021303258	0.2683552075	0.3679501768	1.371131122	0.9231411649	0.9282116849
-0.09448621554	0.2700274834	0.3700801198	1.370527604	0.9288937893	0.933584798
-0.08684210526	0.2716997594	0.3722100628	1.369931514	0.9346464138	0.9389579112
-0.07919799499	0.2733720353	0.3743400057	1.369342718	0.9403990383	0.9443310244
-0.07155388471	0.2750443112	0.3764699487	1.368761081	0.9461516627	0.9497041375
-0.06390977444	0.2767165871	0.3785998916	1.368186474	0.9519042872	0.9550772507
-0.05626566416	0.278388863	0.3807298346	1.367618771	0.9576569117	0.9604503638
-0.04862155388	0.2800611389	0.3828597775	1.367057847	0.9634095362	0.965823477
-0.04097744361	0.2817334148	0.3849897205	1.366503582	0.9691621606	0.9711965901
-0.03333333333	0.2834056907	0.3871196634	1.365955858	0.9749147851	0.9765697033
-0.02568922306	0.2850779667	0.3892496064	1.36541456	0.9806674096	0.9819428164
-0.01804511278	0.2867502426	0.3913795493	1.364879575	0.986420034	0.9873159296
-0.01040100251	0.2884225185	0.3935094923	1.364350795	0.9921726585	0.9926890428
-0.002756892231	0.2900947944	0.3956394352	1.36382811	0.997925283	0.9980621559
0.004887218045	0.2917670703	0.3977693782	1.363311417	1.003677907	1.003435269
0.01253132832	0.2934393462	0.3998993211	1.362800614	1.009430532	1.008808382
0.0201754386	0.2951116221	0.4020292641	1.362295599	1.015183156	1.014181495
0.02781954887	0.296783898	0.404159207	1.361796276	1.020935781	1.019554609
0.03546365915	0.298456174	0.40628915	1.361302548	1.026688405	1.024927722
0.04310776942	0.3001284499	0.4084190929	1.360814322	1.03244103	1.030300835
0.0507518797	0.3018007258	0.4105490359	1.360331506	1.038193654	1.035673948
0.05839598997	0.3034730017	0.4126789788	1.359854012	1.043946279	1.041047061
0.06604010025	0.3051452776	0.4148089218	1.359381751	1.049698903	1.046420174
0.07368421053	0.3068175535	0.4169388647	1.358914638	1.055451528	1.051793287
0.0813283208	0.3084898294	0.4190688077	1.35845259	1.061204152	1.057166401
0.08897243108	0.3101621053	0.4211987506	1.357995524	1.066956777	1.062539514
0.09661654135	0.3118343813	0.4233286936	1.35754336	1.072709401	1.067912627
0.1042606516	0.3135066572	0.4254586365	1.35709602	1.078462026	1.07328574
0.1119047619	0.3151789331	0.4275885795	1.356653426	1.08421465	1.078658853
0.1195488722	0.316851209	0.4297185225	1.356215505	1.089967275	1.084031966
0.1271929825	0.3185234849	0.4318484654	1.355782182	1.095719899	1.08940508
0.1348370927	0.3201957608	0.4339784084	1.355353385	1.101472523	1.094778193
0.142481203	0.3218680367	0.4361083513	1.354929044	1.107225148	1.100151306
0.1501253133	0.3235403126	0.4382382943	1.354509089	1.112977772	1.105524419
0.1577694236	0.3252125886	0.4403682372	1.354093454	1.118730397	1.110897532
0.1654135338	0.3268848645	0.4424981802	1.353682071	1.124483021	1.116270645
0.1730576441	0.3285571404	0.4446281231	1.353274875	1.130235646	1.121643758
0.1807017544	0.3302294163	0.4467580661	1.352871804	1.13598827	1.127016872
0.1883458647	0.3319016922	0.448888009	1.352472794	1.141740895	1.132389985
0.1959899749	0.3335739681	0.451017952	1.352077785	1.147493519	1.137763098
0.2036340852	0.335246244	0.4531478949	1.351686717	1.153246144	1.143136211
0.2112781955	0.3369185199	0.4552778379	1.351299531	1.158998768	1.148509324
0.2189223058	0.3385907959	0.4574077808	1.350916169	1.164751393	1.153882437
0.226566416	0.3402630718	0.4595377238	1.350536576	1.170504017	1.159255551
0.2342105263	0.3419353477	0.4616676667	1.350160695	1.176256642	1.164628664
0.2418546366	0.3436076236	0.4637976097	1.349788473	1.182009266	1.170001777
0.2494987469	0.3452798995	0.4659275526	1.349419857	1.187761891	1.17537489
0.2571428571	0.3469521754	0.4680574956	1.349054794	1.193514515	1.180748003
0.2647869674	0.3486244513	0.4701874385	1.348693233	1.199267139	1.186121116
0.2724310777	0.3502967272	0.4723173815	1.348335125	1.205019764	1.19149423
0.280075188	0.3519690032	0.4744473244	1.347980419	1.210772388	1.196867343
0.2877192982	0.3536412791	0.4765772674	1.347629068	1.216525013	1.202240456
0.2953634085	0.355313555	0.4787072103	1.347281024	1.222277637	1.207613569
0.3030075188	0.3569858309	0.4808371533	1.346936241	1.228030262	1.212986682
0.3106516291	0.3586581068	0.4829670962	1.346594674	1.233782886	1.218359795
0.3182957393	0.3603303827	0.4850970392	1.346256276	1.239535511	1.223732908
0.3259398496	0.3620026586	0.4872269821	1.345921005	1.245288135	1.229106022
0.3335839599	0.3636749345	0.4893569251	1.345588817	1.25104076	1.234479135
0.3412280702	0.3653472105	0.4914868681	1.345259671	1.256793384	1.239852248
0.3488721805	0.3670194864	0.493616811	1.344933524	1.262546009	1.245225361
0.3565162907	0.3686917623	0.495746754	1.344610335	1.268298633	1.250598474
0.364160401	0.3703640382	0.4978766969	1.344290065	1.274051258	1.255971587
0.3718045113	0.3720363141	0.5000066399	1.343972674	1.279803882	1.261344701
0.3794486216	0.37370859	0.5021365828	1.343658124	1.285556507	1.266717814
0.3870927318	0.3753808659	0.5042665258	1.343346376	1.291309131	1.272090927
0.3947368421	0.3770531418	0.5063964687	1.343037393	1.297061755	1.27746404
0.4023809524	0.3787254178	0.5085264117	1.342731139	1.30281438	1.282837153
0.4100250627	0.3803976937	0.5106563546	1.342427578	1.308567004	1.288210266
0.4176691729	0.3820699696	0.5127862976	1.342126674	1.314319629	1.293583379
0.4253132832	0.3837422455	0.5149162405	1.341828393	1.320072253	1.298956493
0.4329573935	0.3854145214	0.5170461835	1.3415327	1.325824878	1.304329606
0.4406015038	0.3870867973	0.5191761264	1.341239562	1.331577502	1.309702719
0.448245614	0.3887590732	0.5213060694	1.340948946	1.337330127	1.315075832
0.4558897243	0.3904313491	0.5234360123	1.340660819	1.343082751	1.320448945
0.4635338346	0.3921036251	0.5255659553	1.34037515	1.348835376	1.325822058
0.4711779449	0.393775901	0.5276958982	1.340091907	1.354588	1.331195172
0.4788220551	0.3954481769	0.5298258412	1.33981106	1.360340625	1.336568285
0.4864661654	0.3971204528	0.5319557841	1.339532579	1.366093249	1.341941398
0.4941102757	0.3987927287	0.5340857271	1.339256432	1.371845874	1.347314511
0.501754386	0.4004650046	0.53621567	1.338982592	1.377598498	1.352687624
0.5093984962	0.4021372805	0.538345613	1.33871103	1.383351123	1.358060737
0.5170426065	0.4038095564	0.5404755559	1.338441717	1.389103747	1.363433851
0.5246867168	0.4054818324	0.5426054989	1.338174625	1.394856371	1.368806964
0.5323308271	0.4071541083	0.5447354418	1.337909727	1.400608996	1.374180077
0.5399749373	0.4088263842	0.5468653848	1.337646996	1.40636162	1.37955319
0.5476190476	0.4104986601	0.5489953278	1.337386406	1.412114245	1.384926303
0.5552631579	0.412170936	0.5511252707	1.337127931	1.417866869	1.390299416
0.5629072682	0.4138432119	0.5532552137	1.336871544	1.423619494	1.395672529
0.5705513784	0.4155154878	0.5553851566	1.336617221	1.429372118	1.401045643
0.5781954887	0.4171877637	0.5575150996	1.336364937	1.435124743	1.406418756
0.585839599	0.4188600397	0.5596450425	1.336114667	1.440877367	1.411791869
0.5934837093	0.4205323156	0.5617749855	1.335866388	1.446629992	1.417164982
0.6011278195	0.4222045915	0.5639049284	1.335620076	1.452382616	1.422538095
0.6087719298	0.4238768674	0.5660348714	1.335375707	1.458135241	1.427911208
0.6164160401	0.4255491433	0.5681648143	1.335133258	1.463887865	1.433284322
0.6240601504	0.4272214192	0.5702947573	1.334892708	1.46964049	1.438657435
0.6317042607	0.4288936951	0.5724247002	1.334654034	1.475393114	1.444030548
0.6393483709	0.430565971	0.5745546432	1.334417213	1.481145739	1.449403661
0.6469924812	0.432238247	0.5766845861	1.334182225	1.486898363	1.454776774
0.6546365915	0.4339105229	0.5788145291	1.333949048	1.492650987	1.460149887
0.6622807018	0.4355827988	0.580944472	1.333717662	1.498403612	1.465523
0.669924812	0.4372550747	0.583074415	1.333488046	1.504156236	1.470896114
0.6775689223	0.4389273506	0.5852043579	1.333260179	1.509908861	1.476269227
0.6852130326	0.4405996265	0.5873343009	1.333034042	1.515661485	1.48164234
0.6928571429	0.4422719024	0.5894642438	1.332809615	1.52141411	1.487015453
0.7005012531	0.4439441783	0.5915941868	1.332586878	1.527166734	1.492388566
0.7081453634	0.4456164543	0.5937241297	1.332365814	1.532919359	1.497761679
0.7157894737	0.4472887302	0.5958540727	1.332146402	1.538671983	1.503134793
0.723433584	0.4489610061	0.5979840156	1.331928625	1.544424608	1.508507906
0.7310776942	0.450633282	0.6001139586	1.331712465	1.550177232	1.513881019
0.7387218045	0.4523055579	0.6022439015	1.331497902	1.555929857	1.519254132
0.7463659148	0.4539778338	0.6043738445	1.331284921	1.561682481	1.524627245
0.7540100251	0.4556501097	0.6065037874	1.331073502	1.567435106	1.530000358
0.7616541353	0.4573223856	0.6086337304	1.33086363	1.57318773	1.535373472
0.7692982456	0.4589946616	0.6107636734	1.330655288	1.578940355	1.540746585
0.7769423559	0.4606669375	0.6128936163	1.330448457	1.584692979	1.546119698
0.7845864662	0.4623392134	0.6150235593	1.330243123	1.590445603	1.551492811
0.7922305764	0.4640114893	0.6171535022	1.330039269	1.596198228	1.556865924
0.7998746867	0.4656837652	0.6192834452	1.32983688	1.601950852	1.562239037
0.807518797	0.4673560411	0.6214133881	1.329635938	1.607703477	1.56761215
0.8151629073	0.469028317	0.6235433311	1.329436429	1.613456101	1.572985264
0.8228070175	0.4707005929	0.625673274	1.329238338	1.619208726	1.578358377
0.8304511278	0.4723728689	0.627803217	1.32904165	1.62496135	1.58373149
0.8380952381	0.4740451448	0.6299331599	1.328846349	1.630713975	1.589104603
0.8457393484	0.4757174207	0.6320631029	1.328652421	1.636466599	1.594477716
0.8533834586	0.4773896966	0.6341930458	1.328459852	1.642219224	1.599850829
0.8610275689	0.4790619725	0.6363229888	1.328268628	1.647971848	1.605223943
0.8686716792	0.4807342484	0.6384529317	1.328078733	1.653724473	1.610597056
0.8763157895	0.4824065243	0.6405828747	1.327890156	1.659477097	1.615970169
0.8839598997	0.4840788002	0.6427128176	1.327702881	1.665229722	1.621343282
0.89160401	0.4857510762	0.6448427606	1.327516895	1.670982346	1.626716395
0.8992481203	0.4874233521	0.6469727035	1.327332186	1.676734971	1.632089508
0.9068922306	0.489095628	0.6491026465	1.32714874	1.682487595	1.637462621
0.9145363409	0.4907679039	0.6512325894	1.326966544	1.688240219	1.642835735
0.9221804511	0.4924401798	0.6533625324	1.326785586	1.693992844	1.648208848
0.9298245614	0.4941124557	0.6554924753	1.326605852	1.699745468	1.653581961
0.9374686717	0.4957847316	0.6576224183	1.326427331	1.705498093	1.658955074
0.945112782	0.4974570075	0.6597523612	1.32625001	1.711250717	1.664328187
0.9527568922	0.4991292835	0.6618823042	1.326073877	1.717003342	1.6697013
0.9604010025	0.5008015594	0.6640122471	1.325898921	1.722755966	1.675074414
0.9680451128	0.5024738353	0.6661421901	1.325725129	1.728508591	1.680447527
0.9756892231	0.5041461112	0.6682721331	1.32555249	1.734261215	1.68582064
0.9833333333	0.5058183871	0.670402076	1.325380993	1.74001384	1.691193753
0.9909774436	0.507490663	0.672532019	1.325210625	1.745766464	1.696566866
0.9986215539	0.5091629389	0.6746619619	1.325041377	1.751519089	1.701939979
1.006265664	0.5108352148	0.6767919049	1.324873237	1.757271713	1.707313093
1.013909774	0.5125074908	0.6789218478	1.324706195	1.763024338	1.712686206
1.021553885	0.5141797667	0.6810517908	1.324540238	1.768776962	1.718059319
1.029197995	0.5158520426	0.6831817337	1.324375358	1.774529587	1.723432432
1.036842105	0.5175243185	0.6853116767	1.324211544	1.780282211	1.728805545
1.044486216	0.5191965944	0.6874416196	1.324048784	1.786034836	1.734178658
1.052130326	0.5208688703	0.6895715626	1.32388707	1.79178746	1.739551771
1.059774436	0.5225411462	0.6917015055	1.323726391	1.797540084	1.744924885
1.067418546	0.5242134221	0.6938314485	1.323566737	1.803292709	1.750297998
1.075062657	0.5258856981	0.6959613914	1.323408098	1.809045333	1.755671111
1.082706767	0.527557974	0.6980913344	1.323250465	1.814797958	1.761044224
1.090350877	0.5292302499	0.7002212773	1.323093828	1.820550582	1.766417337
1.097994987	0.5309025258	0.7023512203	1.322938178	1.826303207	1.77179045
1.105639098	0.5325748017	0.7044811632	1.322783506	1.832055831	1.777163564
1.113283208	0.5342470776	0.7066111062	1.322629801	1.837808456	1.782536677
1.120927318	0.5359193535	0.7087410491	1.322477056	1.84356108	1.78790979
1.128571429	0.5375916294	0.7108709921	1.322325262	1.849313705	1.793282903
1.136215539	0.5392639054	0.713000935	1.322174408	1.855066329	1.798656016
1.143859649	0.5409361813	0.715130878	1.322024488	1.860818954	1.804029129
1.151503759	0.5426084572	0.7172608209	1.321875491	1.866571578	1.809402242
1.15914787	0.5442807331	0.7193907639	1.32172741	1.872324203	1.814775356
1.16679198	0.545953009	0.7215207068	1.321580237	1.878076827	1.820148469
1.17443609	0.5476252849	0.7236506498	1.321433962	1.883829452	1.825521582
1.182080201	0.5492975608	0.7257805927	1.321288577	1.889582076	1.830894695
1.189724311	0.5509698367	0.7279105357	1.321144076	1.8953347	1.836267808
1.197368421	0.5526421127	0.7300404787	1.321000448	1.901087325	1.841640921
1.205012531	0.5543143886	0.7321704216	1.320857688	1.906839949	1.847014035
1.212656642	0.5559866645	0.7343003646	1.320715786	1.912592574	1.852387148
1.220300752	0.5576589404	0.7364303075	1.320574735	1.918345198	1.857760261
1.227944862	0.5593312163	0.7385602505	1.320434528	1.924097823	1.863133374
1.235588972	0.5610034922	0.7406901934	1.320295156	1.929850447	1.868506487
1.243233083	0.5626757681	0.7428201364	1.320156613	1.935603072	1.8738796
1.250877193	0.564348044	0.7449500793	1.320018891	1.941355696	1.879252713
1.258521303	0.56602032	0.7470800223	1.319881983	1.947108321	1.884625827
1.266165414	0.5676925959	0.7492099652	1.319745881	1.952860945	1.88999894
1.273809524	0.5693648718	0.7513399082	1.319610579	1.95861357	1.895372053
1.281453634	0.5710371477	0.7534698511	1.319476069	1.964366194	1.900745166
1.289097744	0.5727094236	0.7555997941	1.319342345	1.970118819	1.906118279
1.296741855	0.5743816995	0.757729737	1.3192094	1.975871443	1.911491392
1.304385965	0.5760539754	0.75985968	1.319077226	1.981624068	1.916864506
1.312030075	0.5777262513	0.7619896229	1.318945818	1.987376692	1.922237619
1.319674185	0.5793985273	0.7641195659	1.318815168	1.993129316	1.927610732
1.327318296	0.5810708032	0.7662495088	1.31868527	1.998881941	1.932983845
1.334962406	0.5827430791	0.7683794518	1.318556117	2.004634565	1.938356958
1.342606516	0.584415355	0.7705093947	1.318427704	2.01038719	1.943730071
1.350250627	0.5860876309	0.7726393377	1.318300024	2.016139814	1.949103185
1.357894737	0.5877599068	0.7747692806	1.31817307	2.021892439	1.954476298
1.365538847	0.5894321827	0.7768992236	1.318046836	2.027645063	1.959849411
1.373182957	0.5911044586	0.7790291665	1.317921317	2.033397688	1.965222524
1.380827068	0.5927767346	0.7811591095	1.317796506	2.039150312	1.970595637
1.388471178	0.5944490105	0.7832890524	1.317672397	2.044902937	1.97596875
1.396115288	0.5961212864	0.7854189954	1.317548984	2.050655561	1.981341863
1.403759398	0.5977935623	0.7875489384	1.317426262	2.056408186	1.986714977
1.411403509	0.5994658382	0.7896788813	1.317304225	2.06216081	1.99208809
1.419047619	0.6011381141	0.7918088243	1.317182866	2.067913435	1.997461203
1.426691729	0.60281039	0.7939387672	1.317062181	2.073666059	2.002834316
1.43433584	0.6044826659	0.7960687102	1.316942164	2.079418684	2.008207429
1.44197995	0.6061549419	0.7981986531	1.316822809	2.085171308	2.013580542
1.44962406	0.6078272178	0.8003285961	1.31670411	2.090923932	2.018953656
1.45726817	0.6094994937	0.802458539	1.316586063	2.096676557	2.024326769
1.464912281	0.6111717696	0.804588482	1.316468662	2.102429181	2.029699882
1.472556391	0.6128440455	0.8067184249	1.316351902	2.108181806	2.035072995
1.480200501	0.6145163214	0.8088483679	1.316235777	2.11393443	2.040446108
1.487844612	0.6161885973	0.8109783108	1.316120283	2.119687055	2.045819221
1.495488722	0.6178608732	0.8131082538	1.316005413	2.125439679	2.051192334
1.503132832	0.6195331492	0.8152381967	1.315891164	2.131192304	2.056565448
1.510776942	0.6212054251	0.8173681397	1.31577753	2.136944928	2.061938561
1.518421053	0.622877701	0.8194980826	1.315664506	2.142697553	2.067311674
1.526065163	0.6245499769	0.8216280256	1.315552087	2.148450177	2.072684787
1.533709273	0.6262222528	0.8237579685	1.315440269	2.154202802	2.0780579
1.541353383	0.6278945287	0.8258879115	1.315329046	2.159955426	2.083431013
1.548997494	0.6295668046	0.8280178544	1.315218414	2.165708051	2.088804127
1.556641604	0.6312390805	0.8301477974	1.315108369	2.171460675	2.09417724
1.564285714	0.6329113565	0.8322777403	1.314998904	2.1772133	2.099550353
1.571929825	0.6345836324	0.8344076833	1.314890017	2.182965924	2.104923466
1.579573935	0.6362559083	0.8365376262	1.314781702	2.188718548	2.110296579
1.587218045	0.6379281842	0.8386675692	1.314673955	2.194471173	2.115669692
1.594862155	0.6396004601	0.8407975121	1.314566772	2.200223797	2.121042806
1.602506266	0.641272736	0.8429274551	1.314460147	2.205976422	2.126415919
1.610150376	0.6429450119	0.845057398	1.314354078	2.211729046	2.131789032
1.617794486	0.6446172878	0.847187341	1.314248558	2.217481671	2.137162145
1.625438596	0.6462895638	0.849317284	1.314143585	2.223234295	2.142535258
1.633082707	0.6479618397	0.8514472269	1.314039153	2.22898692	2.147908371
1.640726817	0.6496341156	0.8535771699	1.313935259	2.234739544	2.153281484
1.648370927	0.6513063915	0.8557071128	1.313831898	2.240492169	2.158654598
1.656015038	0.6529786674	0.8578370558	1.313729067	2.246244793	2.164027711
1.663659148	0.6546509433	0.8599669987	1.313626762	2.251997418	2.169400824
1.671303258	0.6563232192	0.8620969417	1.313524977	2.257750042	2.174773937
1.678947368	0.6579954951	0.8642268846	1.31342371	2.263502667	2.18014705
1.686591479	0.6596677711	0.8663568276	1.313322957	2.269255291	2.185520163
1.694235589	0.661340047	0.8684867705	1.313222713	2.275007916	2.190893277
1.701879699	0.6630123229	0.8706167135	1.313122974	2.28076054	2.19626639
1.70952381	0.6646845988	0.8727466564	1.313023738	2.286513164	2.201639503
1.71716792	0.6663568747	0.8748765994	1.312924999	2.292265789	2.207012616
1.72481203	0.6680291506	0.8770065423	1.312826755	2.298018413	2.212385729
1.73245614	0.6697014265	0.8791364853	1.312729002	2.303771038	2.217758842
1.740100251	0.6713737024	0.8812664282	1.312631736	2.309523662	2.223131955
1.747744361	0.6730459784	0.8833963712	1.312534952	2.315276287	2.228505069
1.755388471	0.6747182543	0.8855263141	1.312438649	2.321028911	2.233878182
1.763032581	0.6763905302	0.8876562571	1.312342822	2.326781536	2.239251295
1.770676692	0.6780628061	0.8897862	1.312247467	2.33253416	2.244624408
1.778320802	0.679735082	0.891916143	1.312152582	2.338286785	2.249997521
1.785964912	0.6814073579	0.8940460859	1.312058162	2.344039409	2.255370634
1.793609023	0.6830796338	0.8961760289	1.311964205	2.349792034	2.260743748
1.801253133	0.6847519097	0.8983059718	1.311870707	2.355544658	2.266116861
1.808897243	0.6864241857	0.9004359148	1.311777664	2.361297283	2.271489974
1.816541353	0.6880964616	0.9025658577	1.311685073	2.367049907	2.276863087
1.824185464	0.6897687375	0.9046958007	1.311592932	2.372802532	2.2822362
1.831829574	0.6914410134	0.9068257437	1.311501236	2.378555156	2.287609313
1.839473684	0.6931132893	0.9089556866	1.311409983	2.38430778	2.292982427
1.847117794	0.6947855652	0.9110856296	1.311319168	2.390060405	2.29835554
1.854761905	0.6964578411	0.9132155725	1.31122879	2.395813029	2.303728653
1.862406015	0.698130117	0.9153455155	1.311138845	2.401565654	2.309101766
1.870050125	0.699802393	0.9174754584	1.31104933	2.407318278	2.314474879
1.877694236	0.7014746689	0.9196054014	1.310960242	2.413070903	2.319847992
1.885338346	0.7031469448	0.9217353443	1.310871577	2.418823527	2.325221105
1.892982456	0.7048192207	0.9238652873	1.310783333	2.424576152	2.330594219
1.900626566	0.7064914966	0.9259952302	1.310695507	2.430328776	2.335967332
1.908270677	0.7081637725	0.9281251732	1.310608095	2.436081401	2.341340445
1.915914787	0.7098360484	0.9302551161	1.310521096	2.441834025	2.346713558
1.923558897	0.7115083243	0.9323850591	1.310434505	2.44758665	2.352086671
1.931203008	0.7131806003	0.934515002	1.310348321	2.453339274	2.357459784
1.938847118	0.7148528762	0.936644945	1.31026254	2.459091899	2.362832898
1.946491228	0.7165251521	0.9387748879	1.310177159	2.464844523	2.368206011
1.954135338	0.718197428	0.9409048309	1.310092176	2.470597148	2.373579124
1.961779449	0.7198697039	0.9430347738	1.310007587	2.476349772	2.378952237
1.969423559	0.7215419798	0.9451647168	1.309923391	2.482102396	2.38432535
1.977067669	0.7232142557	0.9472946597	1.309839584	2.487855021	2.389698463
1.984711779	0.7248865316	0.9494246027	1.309756164	2.493607645	2.395071576
1.99235589	0.7265588076	0.9515545456	1.309673127	2.49936027	2.40044469
2	0.7282310835	0.9536844886	1.309590472	2.505112894	2.405817803
