# VHH-NNLO scan points
# process: ZHH
# energy_tev: 14
# scan_axis: kappa_lambda
# scan_x_key: kappa_lambda
# vmin: -0.7
# vmax: 6.1
# n_points: 400
# fixed_kappa: 1,1,1,1
#
kappa_lambda	sigma_lo	sigma_nnlo	k	sigma_heft_over_sm_lo	sigma_heft_over_sm_nnlo
-0.7	0.1260722306	0.2025438745	1.606570086	0.4126730554	0.4853291339
-0.6829573935	0.127027706	0.2036329548	1.603059373	0.4158006192	0.4879387532
-0.665914787	0.1280002612	0.2047435884	1.59955602	0.4189840903	0.4906000178
-0.6488721805	0.1289898961	0.2058757753	1.596061254	0.4222234688	0.4933129278
-0.6318295739	0.1299966108	0.2070295155	1.592576254	0.4255187547	0.4960774831
-0.6147869674	0.1310204053	0.208204809	1.589102159	0.4288699479	0.4988936837
-0.5977443609	0.1320612796	0.2094016559	1.585640064	0.4322770485	0.5017615297
-0.5807017544	0.1331192337	0.210620056	1.582191019	0.4357400564	0.504681021
-0.5636591479	0.1341942675	0.2118600094	1.578756033	0.4392589717	0.5076521576
-0.5466165414	0.1352863811	0.2131215162	1.575336071	0.4428337943	0.5106749395
-0.5295739348	0.1363955745	0.2144045762	1.571932058	0.4464645243	0.5137493668
-0.5125313283	0.1375218477	0.2157091895	1.568544876	0.4501511616	0.5168754395
-0.4954887218	0.1386652007	0.2170353562	1.565175366	0.4538937063	0.5200531574
-0.4784461153	0.1398256334	0.2183830761	1.561824329	0.4576921584	0.5232825207
-0.4614035088	0.1410031459	0.2197523494	1.558492528	0.4615465178	0.5265635294
-0.4443609023	0.1421977382	0.2211431759	1.555180685	0.4654567845	0.5298961833
-0.4273182957	0.1434094103	0.2225555558	1.551889484	0.4694229586	0.5332804826
-0.4102756892	0.1446381621	0.2239894889	1.548619573	0.4734450401	0.5367164273
-0.3932330827	0.1458839938	0.2254449754	1.545371562	0.4775230289	0.5402040172
-0.3761904762	0.1471469052	0.2269220152	1.542146027	0.4816569251	0.5437432525
-0.3591478697	0.1484268964	0.2284206082	1.538943506	0.4858467286	0.5473341332
-0.3421052632	0.1497239674	0.2299407546	1.535764505	0.4900924395	0.5509766592
-0.3250626566	0.1510381181	0.2314824543	1.532609497	0.4943940578	0.5546708305
-0.3080200501	0.1523693486	0.2330457073	1.529478923	0.4987515833	0.5584166471
-0.2909774436	0.153717659	0.2346305136	1.526373191	0.5031650163	0.5622141091
-0.2739348371	0.1550830491	0.2362368732	1.523292678	0.5076343566	0.5660632164
-0.2568922306	0.1564655189	0.2378647861	1.520237735	0.5121596043	0.5699639691
-0.2398496241	0.1578650686	0.2395142523	1.51720868	0.5167407593	0.573916367
-0.2228070175	0.159281698	0.2411852718	1.514205805	0.5213778216	0.5779204104
-0.205764411	0.1607154072	0.2428778446	1.511229376	0.5260707913	0.581976099
-0.1887218045	0.1621661962	0.2445919707	1.508279632	0.5308196684	0.586083433
-0.171679198	0.163634065	0.2463276501	1.505356786	0.5356244529	0.5902424123
-0.1546365915	0.1651190135	0.2480848828	1.502461028	0.5404851446	0.594453037
-0.137593985	0.1666210419	0.2498636688	1.499592525	0.5454017438	0.598715307
-0.1205513784	0.16814015	0.2516640081	1.496751419	0.5503742503	0.6030292223
-0.1035087719	0.1696763379	0.2534859008	1.493937835	0.5554026641	0.6073947829
-0.08646616541	0.1712296055	0.2553293467	1.491151871	0.5604869853	0.6118119889
-0.0694235589	0.172799953	0.2571943459	1.488393611	0.5656272139	0.6162808403
-0.05238095238	0.1743873802	0.2590808985	1.485663115	0.5708233498	0.6208013369
-0.03533834586	0.1759918872	0.2609890043	1.482960427	0.576075393	0.6253734789
-0.01829573935	0.177613474	0.2629186634	1.480285575	0.5813833437	0.6299972663
-0.001253132832	0.1792521406	0.2648698759	1.477638566	0.5867472016	0.6346726989
0.01578947368	0.1809078869	0.2668426416	1.475019393	0.592166967	0.6393997769
0.0328320802	0.1825807131	0.2688369607	1.472428036	0.5976426396	0.6441785003
0.04987468672	0.184270619	0.2708528331	1.469864456	0.6031742197	0.6490088689
0.06691729323	0.1859776046	0.2728902587	1.467328602	0.6087617071	0.653890883
0.08395989975	0.1877016701	0.2749492377	1.464820412	0.6144051018	0.6588245423
0.1010025063	0.1894428154	0.27702977	1.462339806	0.6201044039	0.663809847
0.1180451128	0.1912010404	0.2791318555	1.459886698	0.6258596134	0.668846797
0.1350877193	0.1929763452	0.2812554944	1.457460986	0.6316707302	0.6739353923
0.1521303258	0.1947687298	0.2834006866	1.45506256	0.6375377543	0.679075633
0.1691729323	0.1965781941	0.2855674321	1.452691298	0.6434606858	0.684267519
0.1862155388	0.1984047383	0.2877557309	1.45034707	0.6494395247	0.6895110504
0.2032581454	0.2002483622	0.2899655829	1.448029735	0.6554742709	0.694806227
0.2203007519	0.2021090659	0.2921969883	1.445739146	0.6615649245	0.7001530491
0.2373433584	0.2039868494	0.294449947	1.443475145	0.6677114854	0.7055515164
0.2543859649	0.2058817127	0.296724459	1.441237569	0.6739139537	0.7110016291
0.2714285714	0.2077936557	0.2990205243	1.439026246	0.6801723294	0.7165033871
0.2884711779	0.2097226785	0.301338143	1.436840999	0.6864866124	0.7220567905
0.3055137845	0.2116687811	0.3036773149	1.434681644	0.6928568027	0.7276618392
0.322556391	0.2136319635	0.3060380401	1.432547991	0.6992829004	0.7333185332
0.3395989975	0.2156122257	0.3084203186	1.430439845	0.7057649055	0.7390268726
0.356641604	0.2176095676	0.3108241504	1.428357006	0.7123028179	0.7447868573
0.3736842105	0.2196239893	0.3132495356	1.426299269	0.7188966377	0.7505984873
0.390726817	0.2216554908	0.315696474	1.424266427	0.7255463648	0.7564617626
0.4077694236	0.2237040721	0.3181649657	1.422258266	0.7322519993	0.7623766833
0.4248120301	0.2257697332	0.3206550108	1.42027457	0.7390135411	0.7683432494
0.4418546366	0.227852474	0.3231666091	1.41831512	0.7458309903	0.7743614607
0.4588972431	0.2299522946	0.3256997607	1.416379694	0.7527043468	0.7804313174
0.4759398496	0.232069195	0.3282544657	1.414468067	0.7596336107	0.7865528195
0.4929824561	0.2342031752	0.3308307239	1.412580011	0.766618782	0.7927259669
0.5100250627	0.2363542352	0.3334285355	1.410715299	0.7736598606	0.7989507596
0.5270676692	0.2385223749	0.3360479004	1.408873698	0.7807568465	0.8052271976
0.5441102757	0.2407075944	0.3386888185	1.407054976	0.7879097399	0.811555281
0.5611528822	0.2429098937	0.34135129	1.4052589	0.7951185405	0.8179350097
0.5781954887	0.2451292728	0.3440353148	1.403485234	0.8023832486	0.8243663837
0.5952380952	0.2473657317	0.3467408928	1.401733742	0.8097038639	0.8308494031
0.6122807018	0.2496192703	0.3494680242	1.400004189	0.8170803867	0.8373840678
0.6293233083	0.2518898887	0.3522167089	1.398296338	0.8245128167	0.8439703779
0.6463659148	0.2541775869	0.3549869469	1.39660995	0.8320011542	0.8506083333
0.6634085213	0.2564823649	0.3577787382	1.394944788	0.839545399	0.857297934
0.6804511278	0.2588042227	0.3605920828	1.393300616	0.8471455511	0.86403918
0.6974937343	0.2611431602	0.3634269807	1.391677195	0.8548016106	0.8708320714
0.7145363409	0.2634991775	0.3662834319	1.390074289	0.8625135775	0.8776766081
0.7315789474	0.2658722746	0.3691614364	1.388491662	0.8702814517	0.8845727902
0.7486215539	0.2682624515	0.3720609942	1.386929077	0.8781052333	0.8915206176
0.7656641604	0.2706697081	0.3749821053	1.385386299	0.8859849222	0.8985200903
0.7827067669	0.2730940446	0.3779247697	1.383863095	0.8939205185	0.9055712084
0.7997493734	0.2755354608	0.3808889874	1.38235923	0.9019120221	0.9126739718
0.8167919799	0.2779939568	0.3838747584	1.380874472	0.9099594331	0.9198283805
0.8338345865	0.2804695326	0.3868820828	1.379408591	0.9180627514	0.9270344346
0.850877193	0.2829621881	0.3899109604	1.377961356	0.9262219771	0.934292134
0.8679197995	0.2854719235	0.3929613913	1.376532538	0.9344371102	0.9416014787
0.884962406	0.2879987386	0.3960333755	1.37512191	0.9427081506	0.9489624688
0.9020050125	0.2905426335	0.3991269131	1.373729247	0.9510350983	0.9563751042
0.919047619	0.2931036081	0.4022420039	1.372354324	0.9594179534	0.9638393849
0.9360902256	0.2956816626	0.4053786481	1.370996918	0.9678567159	0.971355311
0.9531328321	0.2982767968	0.4085368455	1.369656808	0.9763513857	0.9789228824
0.9701754386	0.3008890108	0.4117165963	1.368333776	0.9849019629	0.9865420991
0.9872180451	0.3035183046	0.4149179003	1.367027603	0.9935084474	0.9942129612
1.004260652	0.3061646782	0.4181407577	1.365738073	1.002170839	1.001935469
1.021303258	0.3088281315	0.4213851684	1.364464974	1.010889139	1.009709621
1.038345865	0.3115086647	0.4246511323	1.363208092	1.019663345	1.017535419
1.055388471	0.3142062776	0.4279386496	1.361967217	1.028493459	1.025412863
1.072431078	0.3169209703	0.4312477202	1.360742143	1.03737948	1.033341952
1.089473684	0.3196527427	0.434578344	1.359532661	1.046321409	1.041322686
1.106516291	0.322401595	0.4379305212	1.358338569	1.055319245	1.049355065
1.123558897	0.325167527	0.4413042517	1.357159664	1.064372988	1.05743909
1.140601504	0.3279505388	0.4446995355	1.355995746	1.073482639	1.06557476
1.15764411	0.3307506304	0.4481163726	1.354846617	1.082648197	1.073762075
1.174686717	0.3335678018	0.451554763	1.353712081	1.091869663	1.082001036
1.191729323	0.3364020529	0.4550147067	1.352591944	1.101147035	1.090291642
1.20877193	0.3392533839	0.4584962037	1.351486015	1.110480316	1.098633894
1.225814536	0.3421217946	0.461999254	1.350394103	1.119869503	1.10702779
1.242857143	0.3450072851	0.4655238576	1.349316023	1.129314598	1.115473332
1.259899749	0.3479098553	0.4690700145	1.348251587	1.1388156	1.12397052
1.276942356	0.3508295054	0.4726377248	1.347200613	1.14837251	1.132519353
1.293984962	0.3537662352	0.4762269883	1.34616292	1.157985327	1.141119831
1.311027569	0.3567200448	0.4798378051	1.345138329	1.167654051	1.149771954
1.328070175	0.3596909342	0.4834701752	1.344126663	1.177378682	1.158475723
1.345112782	0.3626789034	0.4871240987	1.343127748	1.187159221	1.167231137
1.362155388	0.3656839523	0.4907995754	1.34214141	1.196995668	1.176038197
1.379197995	0.368706081	0.4944966054	1.34116748	1.206888021	1.184896901
1.396240602	0.3717452895	0.4982151888	1.340205788	1.216836282	1.193807251
1.413283208	0.3748015778	0.5019553254	1.339256169	1.226840451	1.202769247
1.430325815	0.3778749459	0.5057170154	1.338318459	1.236900527	1.211782888
1.447368421	0.3809653937	0.5095002586	1.337392496	1.24701651	1.220848174
1.464411028	0.3840729213	0.5133050552	1.336478118	1.2571884	1.229965105
1.481453634	0.3871975288	0.5171314051	1.335575169	1.267416198	1.239133682
1.498496241	0.3903392159	0.5209793082	1.334683493	1.277699903	1.248353904
1.515538847	0.3934979829	0.5248487647	1.333802935	1.288039516	1.257625772
1.532581454	0.3966738296	0.5287397745	1.332933345	1.298435035	1.266949284
1.54962406	0.3998667562	0.5326523375	1.332074571	1.308886463	1.276324442
1.566666667	0.4030767625	0.5365864539	1.331226466	1.319393797	1.285751246
1.583709273	0.4063038485	0.5405421236	1.330388884	1.329957039	1.295229695
1.60075188	0.4095480144	0.5445193466	1.329561681	1.340576188	1.304759789
1.617794486	0.41280926	0.5485181229	1.328744716	1.351251245	1.314341528
1.634837093	0.4160875855	0.5525384525	1.327937847	1.361982209	1.323974913
1.651879699	0.4193829907	0.5565803354	1.327140937	1.37276908	1.333659943
1.668922306	0.4226954757	0.5606437716	1.32635385	1.383611859	1.343396619
1.685964912	0.4260250404	0.5647287611	1.325576451	1.394510545	1.353184939
1.703007519	0.4293716849	0.5688353039	1.324808607	1.405465139	1.363024906
1.720050125	0.4327354093	0.5729634	1.324050188	1.416475639	1.372916517
1.737092732	0.4361162134	0.5771130494	1.323301065	1.427542047	1.382859774
1.754135338	0.4395140972	0.5812842521	1.32256111	1.438664363	1.392854676
1.771177945	0.4429290609	0.5854770081	1.321830198	1.449842586	1.402901223
1.788220551	0.4463611043	0.5896913175	1.321108205	1.461076716	1.412999416
1.805263158	0.4498102276	0.5939271801	1.32039501	1.472366754	1.423149254
1.822305764	0.4532764306	0.598184596	1.319690493	1.483712698	1.433350738
1.839348371	0.4567597133	0.6024635653	1.318994534	1.495114551	1.443603867
1.856390977	0.4602600759	0.6067640878	1.318307017	1.50657231	1.453908641
1.873433584	0.4637775182	0.6110861637	1.317627827	1.518085977	1.46426506
1.89047619	0.4673120403	0.6154297928	1.31695685	1.529655552	1.474673125
1.907518797	0.4708636422	0.6197949753	1.316293975	1.541281033	1.485132835
1.924561404	0.4744323239	0.624181711	1.31563909	1.552962422	1.495644191
1.94160401	0.4780180854	0.6285900001	1.314992088	1.564699719	1.506207191
1.958646617	0.4816209266	0.6330198424	1.31435286	1.576492922	1.516821838
1.975689223	0.4852408476	0.6374712381	1.313721302	1.588342033	1.527488129
1.99273183	0.4888778484	0.6419441871	1.313097309	1.600247052	1.538206066
2.009774436	0.492531929	0.6464386893	1.312480778	1.612207978	1.548975648
2.026817043	0.4962030893	0.6509547449	1.311871608	1.624224811	1.559796876
2.043859649	0.4998913295	0.6554923538	1.3112697	1.636297551	1.570669748
2.060902256	0.5035966494	0.660051516	1.310674955	1.648426199	1.581594267
2.077944862	0.5073190491	0.6646322315	1.310087277	1.660610754	1.59257043
2.094987469	0.5110585286	0.6692345003	1.309506569	1.672851217	1.603598239
2.112030075	0.5148150878	0.6738583224	1.308932738	1.685147587	1.614677693
2.129072682	0.5185887268	0.6785036978	1.308365691	1.697499864	1.625808793
2.146115288	0.5223794457	0.6831706265	1.307805336	1.709908049	1.636991537
2.163157895	0.5261872443	0.6878591085	1.307251584	1.722372141	1.648225927
2.180200501	0.5300121226	0.6925691438	1.306704345	1.73489214	1.659511963
2.197243108	0.5338540808	0.6973007324	1.306163533	1.747468047	1.670849644
2.214285714	0.5377131187	0.7020538743	1.305629061	1.760099861	1.68223897
2.231328321	0.5415892364	0.7068285695	1.305100844	1.772787582	1.693679941
2.248370927	0.5454824339	0.711624818	1.304578798	1.785531211	1.705172558
2.265413534	0.5493927112	0.7164426199	1.304062841	1.798330747	1.716716821
2.28245614	0.5533200682	0.721281975	1.303552892	1.811186191	1.728312728
2.299498747	0.5572645051	0.7261428834	1.30304887	1.824097541	1.739960281
2.316541353	0.5612260217	0.7310253452	1.302550696	1.8370648	1.751659479
2.33358396	0.5652046181	0.7359293602	1.302058293	1.850087965	1.763410323
2.350626566	0.5692002942	0.7408549286	1.301571584	1.863167038	1.775212811
2.367669173	0.5732130502	0.7458020502	1.301090493	1.876302018	1.787066946
2.384711779	0.5772428859	0.7507707252	1.300614947	1.889492906	1.798972725
2.401754386	0.5812898014	0.7557609534	1.30014487	1.902739701	1.81093015
2.418796992	0.5853537967	0.760772735	1.299680192	1.916042403	1.82293922
2.435839599	0.5894348718	0.7658060698	1.299220841	1.929401013	1.834999936
2.452882206	0.5935330266	0.770860958	1.298766747	1.94281553	1.847112296
2.469924812	0.5976482612	0.7759373995	1.29831784	1.956285954	1.859276303
2.486967419	0.6017805756	0.7810353943	1.297874052	1.969812286	1.871491954
2.504010025	0.6059299698	0.7861549423	1.297435317	1.983394525	1.883759251
2.521052632	0.6100964438	0.7912960437	1.297001567	1.997032671	1.896078193
2.538095238	0.6142799975	0.7964586984	1.296572738	2.010726725	1.908448781
2.555137845	0.6184806311	0.8016429064	1.296148765	2.024476686	1.920871014
2.572180451	0.6226983444	0.8068486677	1.295729586	2.038282555	1.933344892
2.589223058	0.6269331375	0.8120759823	1.295315136	2.05214433	1.945870415
2.606265664	0.6311850103	0.8173248502	1.294905356	2.066062014	1.958447584
2.623308271	0.635453963	0.8225952714	1.294500183	2.080035604	1.971076398
2.640350877	0.6397399954	0.8278872459	1.294099559	2.094065102	1.983756858
2.657393484	0.6440431076	0.8332007737	1.293703424	2.108150507	1.996488963
2.67443609	0.6483632996	0.8385358548	1.293311721	2.12229182	2.009272713
2.691478697	0.6527005713	0.8438924892	1.292924392	2.13648904	2.022108109
2.708521303	0.6570549229	0.8492706769	1.29254138	2.150742167	2.034995149
2.72556391	0.6614263542	0.854670418	1.292162631	2.165051202	2.047933836
2.742606516	0.6658148653	0.8600917123	1.291788089	2.179416144	2.060924167
2.759649123	0.6702204562	0.8655345599	1.2914177	2.193836993	2.073966144
2.776691729	0.6746431268	0.8709989609	1.291051411	2.20831375	2.087059766
2.793734336	0.6790828773	0.8764849151	1.29068917	2.222846414	2.100205034
2.810776942	0.6835397075	0.8819924227	1.290330924	2.237434986	2.113401947
2.827819549	0.6880136175	0.8875214835	1.289976624	2.252079464	2.126650505
2.844862155	0.6925046073	0.8930720976	1.289626218	2.266779851	2.139950708
2.861904762	0.6970126769	0.8986442651	1.289279657	2.281536144	2.153302557
2.878947368	0.7015378262	0.9042379859	1.288936893	2.296348345	2.166706052
2.895989975	0.7060800553	0.9098532599	1.288597877	2.311216453	2.180161191
2.913032581	0.7106393642	0.9154900873	1.288262561	2.326140469	2.193667976
2.930075188	0.7152157529	0.921148468	1.287930899	2.341120392	2.207226406
2.947117794	0.7198092213	0.9268284019	1.287602846	2.356156222	2.220836482
2.964160401	0.7244197696	0.9325298892	1.287278355	2.37124796	2.234498203
2.981203008	0.7290473976	0.9382529298	1.286957381	2.386395605	2.248211569
2.998245614	0.7336921054	0.9439975237	1.286639882	2.401599157	2.26197658
3.015288221	0.738353893	0.9497636708	1.286325812	2.416858617	2.275793237
3.032330827	0.7430327603	0.9555513713	1.286015129	2.432173984	2.28966154
3.049373434	0.7477287075	0.9613606251	1.285707791	2.447545258	2.303581487
3.06641604	0.7524417344	0.9671914322	1.285403757	2.46297244	2.31755308
3.083458647	0.7571718411	0.9730437926	1.285102984	2.478455529	2.331576318
3.100501253	0.7619190276	0.9789177063	1.284805433	2.493994526	2.345651202
3.11754386	0.7666832938	0.9848131733	1.284511064	2.509589429	2.359777731
3.134586466	0.7714646399	0.9907301936	1.284219836	2.525240241	2.373955905
3.151629073	0.7762630657	0.9966687673	1.283931713	2.540946959	2.388185725
3.168671679	0.7810785713	1.002628894	1.283646654	2.556709585	2.402467189
3.185714286	0.7859111566	1.008610574	1.283364622	2.572528118	2.4168003
3.202756892	0.7907608218	1.014613808	1.28308558	2.588402559	2.431185055
3.219799499	0.7956275667	1.020638595	1.282809492	2.604332907	2.445621456
3.236842105	0.8005113914	1.026684935	1.282536321	2.620319162	2.460109502
3.253884712	0.8054122959	1.032752828	1.282266031	2.636361325	2.474649194
3.270927318	0.8103302802	1.038842275	1.281998588	2.652459395	2.489240531
3.287969925	0.8152653443	1.044953275	1.281733956	2.668613372	2.503883513
3.305012531	0.8202174881	1.051085828	1.281472102	2.684823257	2.518578141
3.322055138	0.8251867117	1.057239935	1.281212991	2.701089049	2.533324414
3.339097744	0.8301730151	1.063415595	1.280956591	2.717410748	2.548122332
3.356140351	0.8351763983	1.069612808	1.280702868	2.733788355	2.562971895
3.373182957	0.8401968612	1.075831575	1.28045179	2.750221869	2.577873104
3.390225564	0.845234404	1.082071895	1.280203325	2.766711291	2.592825959
3.40726817	0.8502890265	1.088333768	1.279957443	2.78325662	2.607830458
3.424310777	0.8553607288	1.094617194	1.279714111	2.799857856	2.622886603
3.441353383	0.8604495108	1.100922174	1.279473299	2.816514999	2.637994393
3.45839599	0.8655553727	1.107248707	1.279234977	2.83322805	2.653153829
3.475438596	0.8706783143	1.113596794	1.278999115	2.849997009	2.66836491
3.492481203	0.8758183357	1.119966433	1.278765684	2.866821874	2.683627636
3.50952381	0.8809754369	1.126357626	1.278534655	2.883702647	2.698942008
3.526566416	0.8861496179	1.132770373	1.278305999	2.900639328	2.714308025
3.543609023	0.8913408786	1.139204672	1.278079688	2.917631915	2.729725687
3.560651629	0.8965492192	1.145660525	1.277855695	2.93468041	2.745194995
3.577694236	0.9017746395	1.152137931	1.277633991	2.951784813	2.760715948
3.594736842	0.9070171395	1.158636891	1.27741455	2.968945122	2.776288546
3.611779449	0.9122767194	1.165157404	1.277197345	2.98616134	2.791912789
3.628822055	0.9175533791	1.17169947	1.276982349	3.003433464	2.807588678
3.645864662	0.9228471185	1.178263089	1.276769538	3.020761496	2.823316213
3.662907268	0.9281579377	1.184848262	1.276558885	3.038145435	2.839095392
3.679949875	0.9334858367	1.191454988	1.276350365	3.055585282	2.854926217
3.696992481	0.9388308154	1.198083267	1.276143952	3.073081035	2.870808687
3.714035088	0.944192874	1.2047331	1.275939623	3.090632697	2.886742803
3.731077694	0.9495720123	1.211404486	1.275737353	3.108240265	2.902728564
3.748120301	0.9549682304	1.218097425	1.275537119	3.125903741	2.91876597
3.765162907	0.9603815283	1.224811918	1.275338896	3.143623124	2.934855022
3.782205514	0.965811906	1.231547963	1.275142661	3.161398415	2.950995719
3.79924812	0.9712593634	1.238305563	1.274948391	3.179229613	2.967188061
3.816290727	0.9767239006	1.245084715	1.274756064	3.197116718	2.983432049
3.833333333	0.9822055176	1.251885421	1.274565657	3.215059731	2.999727682
3.85037594	0.9877042144	1.25870768	1.274377148	3.233058651	3.01607496
3.867418546	0.993219991	1.265551492	1.274190515	3.251113479	3.032473884
3.884461153	0.9987528473	1.272416858	1.274005738	3.269224213	3.048924453
3.901503759	1.004302783	1.279303777	1.273822793	3.287390856	3.065426667
3.918546366	1.009869799	1.286212249	1.273641661	3.305613405	3.081980527
3.935588972	1.015453895	1.293142275	1.273462322	3.323891862	3.098586032
3.952631579	1.021055071	1.300093854	1.273284753	3.342226226	3.115243182
3.969674185	1.026673326	1.307066986	1.273108936	3.360616498	3.131951977
3.986716792	1.032308661	1.314061671	1.272934851	3.379062677	3.148712418
4.003759398	1.037961076	1.32107791	1.272762478	3.397564763	3.165524505
4.020802005	1.04363057	1.328115702	1.272591797	3.416122756	3.182388236
4.037844612	1.049317145	1.335175048	1.272422789	3.434736657	3.199303613
4.054887218	1.055020799	1.342255946	1.272255436	3.453406466	3.216270636
4.071929825	1.060741533	1.349358398	1.272089719	3.472132181	3.233289303
4.088972431	1.066479346	1.356482404	1.27192562	3.490913804	3.250359616
4.106015038	1.07223424	1.363627962	1.27176312	3.509751335	3.267481575
4.123057644	1.078006213	1.370795074	1.271602202	3.528644773	3.284655178
4.140100251	1.083795266	1.377983739	1.271442848	3.547594118	3.301880427
4.157142857	1.089601399	1.385193958	1.27128504	3.56659937	3.319157322
4.174185464	1.095424611	1.39242573	1.271128762	3.58566053	3.336485861
4.19122807	1.101264904	1.399679055	1.270973995	3.604777597	3.353866046
4.208270677	1.107122276	1.406953933	1.270820725	3.623950572	3.371297876
4.225313283	1.112996728	1.414250365	1.270668933	3.643179453	3.388781352
4.24235589	1.11888826	1.42156835	1.270518604	3.662464243	3.406316473
4.259398496	1.124796871	1.428907888	1.270369722	3.681804939	3.423903239
4.276441103	1.130722562	1.43626898	1.27022227	3.701201543	3.441541651
4.293483709	1.136665333	1.443651625	1.270076233	3.720654054	3.459231708
4.310526316	1.142625184	1.451055823	1.269931595	3.740162473	3.47697341
4.327568922	1.148602115	1.458481575	1.269788342	3.759726799	3.494766758
4.344611529	1.154596125	1.46592888	1.269646457	3.779347032	3.512611751
4.361654135	1.160607216	1.473397738	1.269505926	3.799023173	3.530508389
4.378696742	1.166635385	1.480888149	1.269366734	3.818755221	3.548456673
4.395739348	1.172680635	1.488400114	1.269228867	3.838543177	3.566456602
4.412781955	1.178742965	1.495933632	1.26909231	3.858387039	3.584508176
4.429824561	1.184822374	1.503488704	1.268957049	3.878286809	3.602611396
4.446867168	1.190918863	1.511065328	1.26882307	3.898242487	3.620766261
4.463909774	1.197032432	1.518663506	1.268690359	3.918254072	3.638972771
4.480952381	1.203163081	1.526283238	1.268558903	3.938321564	3.657230927
4.497994987	1.209310809	1.533924522	1.268428688	3.958444963	3.675540728
4.515037594	1.215475617	1.54158736	1.2682997	3.97862427	3.693902174
4.532080201	1.221657505	1.549271751	1.268171926	3.998859485	3.712315266
4.549122807	1.227856473	1.556977696	1.268045354	4.019150606	3.730780003
4.566165414	1.23407252	1.564705194	1.26791997	4.039497635	3.749296385
4.58320802	1.240305648	1.572454245	1.267795763	4.059900571	3.767864413
4.600250627	1.246555855	1.580224849	1.267672718	4.080359415	3.786484086
4.617293233	1.252823142	1.588017007	1.267550825	4.100874166	3.805155404
4.63433584	1.259107508	1.595830718	1.26743007	4.121444825	3.823878368
4.651378446	1.265408955	1.603665982	1.267310442	4.14207139	3.842652977
4.668421053	1.271727481	1.6115228	1.267191929	4.162753863	3.861479232
4.685463659	1.278063087	1.619401171	1.267074519	4.183492244	3.880357131
4.702506266	1.284415773	1.627301095	1.2669582	4.204286532	3.899286676
4.719548872	1.290785538	1.635222573	1.26684296	4.225136727	3.918267867
4.736591479	1.297172384	1.643165603	1.26672879	4.246042829	3.937300702
4.753634085	1.303576309	1.651130188	1.266615676	4.267004839	3.956385183
4.770676692	1.309997314	1.659116325	1.266503609	4.288022756	3.97552131
4.787719298	1.316435398	1.667124016	1.266392577	4.309096581	3.994709081
4.804761905	1.322890563	1.67515326	1.266282569	4.330226313	4.013948498
4.821804511	1.329362807	1.683204057	1.266173575	4.351411952	4.033239561
4.838847118	1.335852131	1.691276408	1.266065584	4.372653499	4.052582268
4.855889724	1.342358535	1.699370312	1.265958586	4.393950953	4.071976622
4.872932331	1.348882018	1.707485769	1.26585257	4.415304314	4.09142262
4.889974937	1.355422582	1.71562278	1.265747526	4.436713583	4.110920264
4.907017544	1.361980225	1.723781344	1.265643445	4.458178759	4.130469553
4.92406015	1.368554948	1.731961461	1.265540316	4.479699842	4.150070487
4.941102757	1.37514675	1.740163131	1.265438129	4.501276833	4.169723067
4.958145363	1.381755633	1.748386355	1.265336875	4.522909731	4.189427292
4.97518797	1.388381595	1.756631132	1.265236545	4.544598536	4.209183162
4.992230576	1.395024637	1.764897463	1.265137128	4.566343249	4.228990678
5.009273183	1.401684759	1.773185346	1.265038615	4.588143869	4.248849839
5.026315789	1.408361961	1.781494783	1.264940998	4.610000397	4.268760645
5.043358396	1.415056242	1.789825774	1.264844266	4.631912832	4.288723097
5.060401003	1.421767603	1.798178317	1.264748411	4.653881174	4.308737194
5.077443609	1.428496044	1.806552414	1.264653425	4.675905424	4.328802936
5.094486216	1.435241565	1.814948064	1.264559297	4.697985581	4.348920324
5.111528822	1.442004165	1.823365268	1.26446602	4.720121645	4.369089357
5.128571429	1.448783845	1.831804025	1.264373585	4.742313616	4.389310036
5.145614035	1.455580605	1.840264335	1.264281983	4.764561495	4.409582359
5.162656642	1.462394445	1.848746198	1.264191207	4.786865282	4.429906328
5.179699248	1.469225365	1.857249615	1.264101247	4.809224976	4.450281943
5.196741855	1.476073364	1.865774585	1.264012095	4.831640577	4.470709202
5.213784461	1.482938443	1.874321109	1.263923743	4.854112085	4.491188107
5.230827068	1.489820602	1.882889185	1.263836184	4.876639501	4.511718658
5.247869674	1.496719841	1.891478815	1.263749409	4.899222824	4.532300854
5.264912281	1.50363616	1.900089998	1.263663411	4.921862054	4.552934695
5.281954887	1.510569558	1.908722735	1.263578182	4.944557192	4.573620181
5.298997494	1.517520036	1.917377025	1.263493713	4.967308237	4.594357313
5.3160401	1.524487594	1.926052868	1.263409998	4.99011519	4.61514609
5.333082707	1.531472231	1.934750265	1.263327029	5.01297805	4.635986512
5.350125313	1.538473949	1.943469214	1.263244799	5.035896817	4.65687858
5.36716792	1.545492746	1.952209717	1.2631633	5.058871492	4.677822293
5.384210526	1.552528623	1.960971774	1.263082525	5.081902074	4.698817651
5.401253133	1.55958158	1.969755383	1.263002468	5.104988563	4.719864655
5.418295739	1.566651616	1.978560546	1.26292312	5.12813096	4.740963304
5.435338346	1.573738732	1.987387263	1.262844475	5.151329264	4.762113599
5.452380952	1.580842929	1.996235532	1.262766526	5.174583475	4.783315538
5.469423559	1.587964204	2.005105355	1.262689266	5.197893594	4.804569124
5.486466165	1.59510256	2.013996731	1.262612688	5.22125962	4.825874354
5.503508772	1.602257995	2.022909661	1.262536787	5.244681553	4.84723123
5.520551378	1.609430511	2.031844144	1.262461554	5.268159394	4.868639751
5.537593985	1.616620106	2.04080018	1.262386984	5.291693142	4.890099917
5.554636591	1.62382678	2.049777769	1.262313071	5.315282798	4.911611729
5.571679198	1.631050535	2.058776912	1.262239807	5.338928361	4.933175186
5.588721805	1.638291369	2.067797608	1.262167186	5.362629831	4.954790288
5.605764411	1.645549283	2.076839857	1.262095203	5.386387209	4.976457036
5.622807018	1.652824277	2.08590366	1.262023851	5.410200493	4.998175429
5.639849624	1.660116351	2.094989016	1.261953125	5.434069686	5.019945468
5.656892231	1.667425504	2.104095925	1.261883017	5.457994785	5.041767152
5.673934837	1.674751737	2.113224388	1.261813522	5.481975792	5.063640481
5.690977444	1.68209505	2.122374404	1.261744634	5.506012707	5.085565455
5.70802005	1.689455443	2.131545973	1.261676347	5.530105528	5.107542075
5.725062657	1.696832916	2.140739095	1.261608657	5.554254257	5.12957034
5.742105263	1.704227468	2.149953771	1.261541555	5.578458894	5.15165025
5.75914787	1.7116391	2.15919	1.261475039	5.602719438	5.173781806
5.776190476	1.719067812	2.168447782	1.2614091	5.627035889	5.195965007
5.793233083	1.726513604	2.177727118	1.261343735	5.651408247	5.218199854
5.810275689	1.733976475	2.187028007	1.261278938	5.675836513	5.240486345
5.827318296	1.741456426	2.196350449	1.261214703	5.700320686	5.262824483
5.844360902	1.748953457	2.205694445	1.261151025	5.724860767	5.285214265
5.861403509	1.756467568	2.215059994	1.261087898	5.749456755	5.307655693
5.878446115	1.763998759	2.224447096	1.261025318	5.77410865	5.330148766
5.895488722	1.771547029	2.233855752	1.260963279	5.798816452	5.352693484
5.912531328	1.779112379	2.24328596	1.260901777	5.823580162	5.375289848
5.929573935	1.786694809	2.252737722	1.260840806	5.84839978	5.397937857
5.946616541	1.794294319	2.262211038	1.26078036	5.873275304	5.420637512
5.963659148	1.801910908	2.271705907	1.260720436	5.898206736	5.443388811
5.980701754	1.809544578	2.281222329	1.260661029	5.923194076	5.466191757
5.997744361	1.817195327	2.290760304	1.260602132	5.948237323	5.489046347
6.014786967	1.824863155	2.300319833	1.260543743	5.973336477	5.511952583
6.031829574	1.832548064	2.309900914	1.260485856	5.998491538	5.534910464
6.04887218	1.840250052	2.31950355	1.260428465	6.023702507	5.55791999
6.065914787	1.847969121	2.329127738	1.260371568	6.048969383	5.580981162
6.082957393	1.855705268	2.33877348	1.260315159	6.074292166	5.604093979
6.1	1.863458496	2.348440775	1.260259233	6.099670857	5.627258442
