# VHH-NNLO scan points
# process: ZHH
# energy_tev: 14
# scan_axis: kappa_t
# scan_x_key: kappa_t
# vmin: 0.85
# vmax: 1.15
# n_points: 400
# fixed_kappa: 1,1,1,1
#
kappa_t	sigma_lo	sigma_nnlo	k	sigma_heft_over_sm_lo	sigma_heft_over_sm_nnlo	sigma_lo_pdfas	sigma_lo_sup	sigma_lo_inf	sigma_nnlo_pdfas	sigma_nnlo_sup	sigma_nnlo_inf
0.85	0.3055014836	0.4123495594	1.349746504	1	0.988058785	0.00623080263	0.003034846071	0.003737643318	0.007861036227	0.01305846591	0.01029586067
0.8507518797	0.3055014836	0.4123748341	1.349829236	1	0.9881193475	0.00623080263	0.003034846071	0.003737643318	0.007861131646	0.01306460828	0.01030052272
0.8515037594	0.3055014836	0.4124000877	1.349911899	1	0.9881798594	0.00623080263	0.003034846071	0.003737643318	0.007861226997	0.01307074552	0.01030518074
0.8522556391	0.3055014836	0.4124253204	1.349994493	1	0.9882403212	0.00623080263	0.003034846071	0.003737643318	0.00786132228	0.0130768777	0.0103098348
0.8530075188	0.3055014836	0.4124505324	1.35007702	1	0.9883007333	0.00623080263	0.003034846071	0.003737643318	0.007861417497	0.01308300488	0.01031448493
0.8537593985	0.3055014836	0.4124757239	1.350159479	1	0.9883610963	0.00623080263	0.003034846071	0.003737643318	0.007861512649	0.01308912713	0.01031913117
0.8545112782	0.3055014836	0.4125008951	1.350241872	1	0.9884214107	0.00623080263	0.003034846071	0.003737643318	0.007861607736	0.01309524451	0.01032377358
0.8552631579	0.3055014836	0.4125260462	1.350324199	1	0.988481677	0.00623080263	0.003034846071	0.003737643318	0.007861702759	0.01310135708	0.0103284122
0.8560150376	0.3055014836	0.4125511774	1.350406462	1	0.9885418957	0.00623080263	0.003034846071	0.003737643318	0.00786179772	0.01310746491	0.01033304708
0.8567669173	0.3055014836	0.412576289	1.350488659	1	0.9886020672	0.00623080263	0.003034846071	0.003737643318	0.00786189262	0.01311356806	0.01033767826
0.857518797	0.3055014836	0.4126013811	1.350570794	1	0.9886621921	0.00623080263	0.003034846071	0.003737643318	0.007861987458	0.0131196666	0.0103423058
0.8582706767	0.3055014836	0.412626454	1.350652865	1	0.988722271	0.00623080263	0.003034846071	0.003737643318	0.007862082237	0.0131257606	0.01034692973
0.8590225564	0.3055014836	0.4126515079	1.350734874	1	0.9887823043	0.00623080263	0.003034846071	0.003737643318	0.007862176957	0.01313185011	0.01035155011
0.8597744361	0.3055014836	0.4126765429	1.350816821	1	0.9888422925	0.00623080263	0.003034846071	0.003737643318	0.00786227162	0.01313793521	0.01035616699
0.8605263158	0.3055014836	0.4127015594	1.350898708	1	0.9889022363	0.00623080263	0.003034846071	0.003737643318	0.007862366225	0.01314401597	0.0103607804
0.8612781955	0.3055014836	0.4127265576	1.350980535	1	0.988962136	0.00623080263	0.003034846071	0.003737643318	0.007862460776	0.01315009245	0.01036539041
0.8620300752	0.3055014836	0.4127515376	1.351062302	1	0.9890219923	0.00623080263	0.003034846071	0.003737643318	0.007862555271	0.01315616472	0.01036999706
0.8627819549	0.3055014836	0.4127764997	1.35114401	1	0.9890818057	0.00623080263	0.003034846071	0.003737643318	0.007862649713	0.01316223285	0.01037460041
0.8635338346	0.3055014836	0.4128014441	1.351225661	1	0.9891415767	0.00623080263	0.003034846071	0.003737643318	0.007862744102	0.0131682969	0.01037920049
0.8642857143	0.3055014836	0.412826371	1.351307255	1	0.9892013058	0.00623080263	0.003034846071	0.003737643318	0.007862838439	0.01317435695	0.01038379736
0.865037594	0.3055014836	0.4128512808	1.351388792	1	0.9892609937	0.00623080263	0.003034846071	0.003737643318	0.007862932726	0.01318041307	0.01038839107
0.8657894737	0.3055014836	0.4128761735	1.351470273	1	0.9893206408	0.00623080263	0.003034846071	0.003737643318	0.007863026964	0.01318646532	0.01039298167
0.8665413534	0.3055014836	0.4129010494	1.3515517	1	0.9893802478	0.00623080263	0.003034846071	0.003737643318	0.007863121153	0.01319251378	0.01039756922
0.8672932331	0.3055014836	0.4129259089	1.351633072	1	0.9894398151	0.00623080263	0.003034846071	0.003737643318	0.007863215295	0.01319855852	0.01040215375
0.8680451128	0.3055014836	0.412950752	1.351714392	1	0.9894993434	0.00623080263	0.003034846071	0.003737643318	0.00786330939	0.0132045996	0.01040673533
0.8687969925	0.3055014836	0.412975579	1.351795658	1	0.9895588332	0.00623080263	0.003034846071	0.003737643318	0.007863403441	0.0132106371	0.01041131401
0.8695488722	0.3055014836	0.4130003902	1.351876873	1	0.989618285	0.00623080263	0.003034846071	0.003737643318	0.007863497447	0.0132166711	0.01041588984
0.8703007519	0.3055014836	0.4130251859	1.351958036	1	0.9896776995	0.00623080263	0.003034846071	0.003737643318	0.00786359141	0.01322270166	0.01042046286
0.8710526316	0.3055014836	0.4130499662	1.35203915	1	0.9897370772	0.00623080263	0.003034846071	0.003737643318	0.007863685332	0.01322872885	0.01042503314
0.8718045113	0.3055014836	0.4130747313	1.352120214	1	0.9897964188	0.00623080263	0.003034846071	0.003737643318	0.007863779213	0.01323475276	0.01042960073
0.872556391	0.3055014836	0.4130994816	1.352201229	1	0.9898557246	0.00623080263	0.003034846071	0.003737643318	0.007863873054	0.01324077345	0.01043416567
0.8733082707	0.3055014836	0.4131242173	1.352282197	1	0.9899149955	0.00623080263	0.003034846071	0.003737643318	0.007863966857	0.013246791	0.01043872803
0.8740601504	0.3055014836	0.4131489386	1.352363117	1	0.9899742319	0.00623080263	0.003034846071	0.003737643318	0.007864060623	0.01325280548	0.01044328785
0.8748120301	0.3055014836	0.4131736458	1.352443991	1	0.9900334345	0.00623080263	0.003034846071	0.003737643318	0.007864154352	0.01325881697	0.0104478452
0.8755639098	0.3055014836	0.4131983391	1.35252482	1	0.9900926038	0.00623080263	0.003034846071	0.003737643318	0.007864248047	0.01326482554	0.01045240012
0.8763157895	0.3055014836	0.4132230188	1.352605604	1	0.9901517405	0.00623080263	0.003034846071	0.003737643318	0.007864341707	0.01327083127	0.01045695267
0.8770676692	0.3055014836	0.4132476851	1.352686345	1	0.9902108451	0.00623080263	0.003034846071	0.003737643318	0.007864435335	0.01327683424	0.01046150291
0.8778195489	0.3055014836	0.4132723383	1.352767042	1	0.9902699183	0.00623080263	0.003034846071	0.003737643318	0.007864528932	0.01328283452	0.01046605089
0.8785714286	0.3055014836	0.4132969786	1.352847697	1	0.9903289606	0.00623080263	0.003034846071	0.003737643318	0.007864622498	0.01328883218	0.01047059667
0.8793233083	0.3055014836	0.4133216063	1.352928312	1	0.9903879727	0.00623080263	0.003034846071	0.003737643318	0.007864716036	0.01329482731	0.01047514029
0.880075188	0.3055014836	0.4133462217	1.353008885	1	0.9904469552	0.00623080263	0.003034846071	0.003737643318	0.007864809545	0.01330081999	0.01047968183
0.8808270677	0.3055014836	0.4133708249	1.353089419	1	0.9905059088	0.00623080263	0.003034846071	0.003737643318	0.007864903028	0.01330681028	0.01048422133
0.8815789474	0.3055014836	0.4133954164	1.353169914	1	0.990564834	0.00623080263	0.003034846071	0.003737643318	0.007864996486	0.01331279828	0.01048875886
0.8823308271	0.3055014836	0.4134199962	1.353250372	1	0.9906237314	0.00623080263	0.003034846071	0.003737643318	0.007865089919	0.01331878406	0.01049329446
0.8830827068	0.3055014836	0.4134445648	1.353330792	1	0.9906826018	0.00623080263	0.003034846071	0.003737643318	0.00786518333	0.01332476769	0.01049782821
0.8838345865	0.3055014836	0.4134691223	1.353411176	1	0.9907414457	0.00623080263	0.003034846071	0.003737643318	0.007865276719	0.01333074926	0.01050236014
0.8845864662	0.3055014836	0.413493669	1.353491525	1	0.9908002638	0.00623080263	0.003034846071	0.003737643318	0.007865370088	0.01333672886	0.01050689033
0.8853383459	0.3055014836	0.4135182052	1.35357184	1	0.9908590567	0.00623080263	0.003034846071	0.003737643318	0.007865463437	0.01334270655	0.01051141884
0.8860902256	0.3055014836	0.4135427312	1.353652121	1	0.9909178251	0.00623080263	0.003034846071	0.003737643318	0.007865556769	0.01334868242	0.01051594571
0.8868421053	0.3055014836	0.4135672473	1.35373237	1	0.9909765696	0.00623080263	0.003034846071	0.003737643318	0.007865650085	0.01335465656	0.01052047101
0.887593985	0.3055014836	0.4135917536	1.353812586	1	0.9910352909	0.00623080263	0.003034846071	0.003737643318	0.007865743385	0.01336062904	0.0105249948
0.8883458647	0.3055014836	0.4136162505	1.353892772	1	0.9910939896	0.00623080263	0.003034846071	0.003737643318	0.007865836671	0.01336659994	0.01052951714
0.8890977444	0.3055014836	0.4136407382	1.353972928	1	0.9911526664	0.00623080263	0.003034846071	0.003737643318	0.007865929944	0.01337256936	0.01053403809
0.8898496241	0.3055014836	0.4136652171	1.354053055	1	0.9912113219	0.00623080263	0.003034846071	0.003737643318	0.007866023207	0.01337853736	0.01053855771
0.8906015038	0.3055014836	0.4136896874	1.354133154	1	0.9912699569	0.00623080263	0.003034846071	0.003737643318	0.007866116459	0.01338450405	0.01054307606
0.8913533835	0.3055014836	0.4137141494	1.354213225	1	0.9913285719	0.00623080263	0.003034846071	0.003737643318	0.007866209703	0.01339046949	0.01054759319
0.8921052632	0.3055014836	0.4137386034	1.354293271	1	0.9913871677	0.00623080263	0.003034846071	0.003737643318	0.007866302939	0.01339643378	0.01055210918
0.8928571429	0.3055014836	0.4137630496	1.354373291	1	0.991445745	0.00623080263	0.003034846071	0.003737643318	0.00786639617	0.01340239699	0.01055662408
0.8936090226	0.3055014836	0.4137874884	1.354453286	1	0.9915043043	0.00623080263	0.003034846071	0.003737643318	0.007866489396	0.01340835922	0.01056113796
0.8943609023	0.3055014836	0.41381192	1.354533258	1	0.9915628465	0.00623080263	0.003034846071	0.003737643318	0.007866582619	0.01341432055	0.01056565087
0.895112782	0.3055014836	0.4138363447	1.354613208	1	0.9916213722	0.00623080263	0.003034846071	0.003737643318	0.00786667584	0.01342028107	0.01057016288
0.8958646617	0.3055014836	0.4138607628	1.354693136	1	0.991679882	0.00623080263	0.003034846071	0.003737643318	0.007866769061	0.01342624086	0.01057467406
0.8966165414	0.3055014836	0.4138851745	1.354773043	1	0.9917383768	0.00623080263	0.003034846071	0.003737643318	0.007866862282	0.01343220001	0.01057918445
0.8973684211	0.3055014836	0.4139095803	1.354852931	1	0.9917968571	0.00623080263	0.003034846071	0.003737643318	0.007866955507	0.0134381586	0.01058369414
0.8981203008	0.3055014836	0.4139339804	1.354932799	1	0.9918553237	0.00623080263	0.003034846071	0.003737643318	0.007867048734	0.01344411673	0.01058820318
0.8988721805	0.3055014836	0.413958375	1.35501265	1	0.9919137773	0.00623080263	0.003034846071	0.003737643318	0.007867141968	0.01345007448	0.01059271163
0.8996240602	0.3055014836	0.4139827644	1.355092485	1	0.9919722186	0.00623080263	0.003034846071	0.003737643318	0.007867235208	0.01345603194	0.01059721956
0.9003759398	0.3055014836	0.4140071491	1.355172303	1	0.9920306483	0.00623080263	0.003034846071	0.003737643318	0.007867328456	0.0134619892	0.01060172704
0.9011278195	0.3055014836	0.4140315292	1.355252107	1	0.9920890671	0.00623080263	0.003034846071	0.003737643318	0.007867421713	0.01346794635	0.01060623413
0.9018796992	0.3055014836	0.4140559051	1.355331896	1	0.9921474758	0.00623080263	0.003034846071	0.003737643318	0.007867514982	0.01347390347	0.01061074089
0.9026315789	0.3055014836	0.414080277	1.355411673	1	0.992205875	0.00623080263	0.003034846071	0.003737643318	0.007867608263	0.01347986067	0.01061524739
0.9033834586	0.3055014836	0.4141046453	1.355491438	1	0.9922642655	0.00623080263	0.003034846071	0.003737643318	0.007867701558	0.01348581802	0.0106197537
0.9041353383	0.3055014836	0.4141290102	1.355571192	1	0.9923226481	0.00623080263	0.003034846071	0.003737643318	0.007867794869	0.01349177563	0.01062425987
0.904887218	0.3055014836	0.4141533722	1.355650936	1	0.9923810234	0.00623080263	0.003034846071	0.003737643318	0.007867888196	0.01349773358	0.01062876599
0.9056390977	0.3055014836	0.4141777314	1.355730671	1	0.9924393922	0.00623080263	0.003034846071	0.003737643318	0.007867981542	0.01350369196	0.01063327211
0.9063909774	0.3055014836	0.4142020883	1.355810399	1	0.9924977553	0.00623080263	0.003034846071	0.003737643318	0.007868074908	0.01350965086	0.0106377783
0.9071428571	0.3055014836	0.414226443	1.355890119	1	0.9925561133	0.00623080263	0.003034846071	0.003737643318	0.007868168296	0.01351561039	0.01064228463
0.9078947368	0.3055014836	0.4142507959	1.355969834	1	0.9926144671	0.00623080263	0.003034846071	0.003737643318	0.007868261706	0.01352157062	0.01064679116
0.9086466165	0.3055014836	0.4142751474	1.356049544	1	0.9926728173	0.00623080263	0.003034846071	0.003737643318	0.007868355141	0.01352753166	0.01065129797
0.9093984962	0.3055014836	0.4142994978	1.35612925	1	0.9927311648	0.00623080263	0.003034846071	0.003737643318	0.007868448602	0.0135334936	0.01065580512
0.9101503759	0.3055014836	0.4143238473	1.356208953	1	0.9927895103	0.00623080263	0.003034846071	0.003737643318	0.007868542091	0.01353945653	0.01066031269
0.9109022556	0.3055014836	0.4143481962	1.356288655	1	0.9928478545	0.00623080263	0.003034846071	0.003737643318	0.007868635609	0.01354542055	0.01066482073
0.9116541353	0.3055014836	0.414372545	1.356368356	1	0.9929061983	0.00623080263	0.003034846071	0.003737643318	0.007868729157	0.01355138575	0.01066932932
0.912406015	0.3055014836	0.4143968939	1.356448057	1	0.9929645424	0.00623080263	0.003034846071	0.003737643318	0.007868822739	0.01355735223	0.01067383853
0.9131578947	0.3055014836	0.4144212433	1.35652776	1	0.9930228875	0.00623080263	0.003034846071	0.003737643318	0.007868916354	0.01356332008	0.01067834842
0.9139097744	0.3055014836	0.4144455934	1.356607466	1	0.9930812345	0.00623080263	0.003034846071	0.003737643318	0.007869010004	0.0135692894	0.01068285907
0.9146616541	0.3055014836	0.4144699446	1.356687175	1	0.9931395841	0.00623080263	0.003034846071	0.003737643318	0.007869103692	0.01357526029	0.01068737055
0.9154135338	0.3055014836	0.4144942972	1.356766888	1	0.9931979371	0.00623080263	0.003034846071	0.003737643318	0.007869197419	0.01358123285	0.01069188293
0.9161654135	0.3055014836	0.4145186516	1.356846608	1	0.9932562942	0.00623080263	0.003034846071	0.003737643318	0.007869291186	0.01358720716	0.01069639628
0.9169172932	0.3055014836	0.4145430081	1.356926334	1	0.9933146564	0.00623080263	0.003034846071	0.003737643318	0.007869384995	0.01359318333	0.01070091067
0.9176691729	0.3055014836	0.414567367	1.357006068	1	0.9933730244	0.00623080263	0.003034846071	0.003737643318	0.007869478847	0.01359916147	0.01070542616
0.9184210526	0.3055014836	0.4145917286	1.357085811	1	0.9934313989	0.00623080263	0.003034846071	0.003737643318	0.007869572745	0.01360514165	0.01070994285
0.9191729323	0.3055014836	0.4146160933	1.357165564	1	0.9934897808	0.00623080263	0.003034846071	0.003737643318	0.00786966669	0.013611124	0.01071446079
0.919924812	0.3055014836	0.4146404614	1.357245328	1	0.9935481708	0.00623080263	0.003034846071	0.003737643318	0.007869760684	0.0136171086	0.01071898005
0.9206766917	0.3055014836	0.4146648332	1.357325105	1	0.9936065699	0.00623080263	0.003034846071	0.003737643318	0.007869854728	0.01362309555	0.01072350072
0.9214285714	0.3055014836	0.4146892092	1.357404895	1	0.9936649788	0.00623080263	0.003034846071	0.003737643318	0.007869948824	0.01362908496	0.01072802286
0.9221804511	0.3055014836	0.4147135895	1.357484699	1	0.9937233982	0.00623080263	0.003034846071	0.003737643318	0.007870042974	0.01363507693	0.01073254655
0.9229323308	0.3055014836	0.4147379747	1.357564519	1	0.9937818291	0.00623080263	0.003034846071	0.003737643318	0.007870137179	0.01364107155	0.01073707186
0.9236842105	0.3055014836	0.4147623649	1.357644356	1	0.9938402723	0.00623080263	0.003034846071	0.003737643318	0.007870231441	0.01364706894	0.01074159886
0.9244360902	0.3055014836	0.4147867606	1.357724211	1	0.9938987285	0.00623080263	0.003034846071	0.003737643318	0.007870325763	0.01365306918	0.01074612763
0.9251879699	0.3055014836	0.4148111622	1.357804084	1	0.9939571986	0.00623080263	0.003034846071	0.003737643318	0.007870420145	0.01365907239	0.01075065825
0.9259398496	0.3055014836	0.4148355698	1.357883978	1	0.9940156835	0.00623080263	0.003034846071	0.003737643318	0.007870514589	0.01366507867	0.01075519078
0.9266917293	0.3055014836	0.414859984	1.357963893	1	0.9940741839	0.00623080263	0.003034846071	0.003737643318	0.007870609097	0.01367108812	0.01075972531
0.927443609	0.3055014836	0.414884405	1.358043831	1	0.9941327008	0.00623080263	0.003034846071	0.003737643318	0.007870703672	0.01367710084	0.01076426191
0.9281954887	0.3055014836	0.4149088332	1.358123792	1	0.9941912349	0.00623080263	0.003034846071	0.003737643318	0.007870798313	0.01368311694	0.01076880065
0.9289473684	0.3055014836	0.414933269	1.358203778	1	0.9942497871	0.00623080263	0.003034846071	0.003737643318	0.007870893025	0.01368913652	0.01077334161
0.9296992481	0.3055014836	0.4149577127	1.358283789	1	0.9943083583	0.00623080263	0.003034846071	0.003737643318	0.007870987807	0.01369515969	0.01077788486
0.9304511278	0.3055014836	0.4149821647	1.358363828	1	0.9943669493	0.00623080263	0.003034846071	0.003737643318	0.007871082663	0.01370118655	0.01078243049
0.9312030075	0.3055014836	0.4150066252	1.358443895	1	0.994425561	0.00623080263	0.003034846071	0.003737643318	0.007871177593	0.01370721721	0.01078697858
0.9319548872	0.3055014836	0.4150310948	1.358523991	1	0.9944841941	0.00623080263	0.003034846071	0.003737643318	0.0078712726	0.01371325177	0.01079152918
0.9327067669	0.3055014836	0.4150555737	1.358604118	1	0.9945428497	0.00623080263	0.003034846071	0.003737643318	0.007871367686	0.01371929035	0.0107960824
0.9334586466	0.3055014836	0.4150800623	1.358684277	1	0.9946015285	0.00623080263	0.003034846071	0.003737643318	0.007871462852	0.01372533305	0.0108006383
0.9342105263	0.3055014836	0.415104561	1.358764469	1	0.9946602315	0.00623080263	0.003034846071	0.003737643318	0.0078715581	0.01373137997	0.01080519696
0.934962406	0.3055014836	0.4151290701	1.358844695	1	0.9947189595	0.00623080263	0.003034846071	0.003737643318	0.007871653432	0.01373743122	0.01080975845
0.9357142857	0.3055014836	0.41515359	1.358924956	1	0.9947777133	0.00623080263	0.003034846071	0.003737643318	0.00787174885	0.01374348692	0.01081432287
0.9364661654	0.3055014836	0.4151781211	1.359005253	1	0.9948364939	0.00623080263	0.003034846071	0.003737643318	0.007871844355	0.01374954716	0.01081889028
0.9372180451	0.3055014836	0.4152026638	1.359085589	1	0.9948953022	0.00623080263	0.003034846071	0.003737643318	0.007871939951	0.01375561207	0.01082346078
0.9379699248	0.3055014836	0.4152272183	1.359165964	1	0.9949541389	0.00623080263	0.003034846071	0.003737643318	0.007872035638	0.01376168174	0.01082803442
0.9387218045	0.3055014836	0.4152517851	1.359246378	1	0.9950130052	0.00623080263	0.003034846071	0.003737643318	0.007872131418	0.0137677563	0.01083261131
0.9394736842	0.3055014836	0.4152763646	1.359326834	1	0.9950719017	0.00623080263	0.003034846071	0.003737643318	0.007872227294	0.01377383584	0.01083719151
0.9402255639	0.3055014836	0.4153009571	1.359407333	1	0.9951308295	0.00623080263	0.003034846071	0.003737643318	0.007872323266	0.01377992048	0.01084177511
0.9409774436	0.3055014836	0.415325563	1.359487876	1	0.9951897894	0.00623080263	0.003034846071	0.003737643318	0.007872419339	0.01378601034	0.01084636219
0.9417293233	0.3055014836	0.4153501827	1.359568464	1	0.9952487823	0.00623080263	0.003034846071	0.003737643318	0.007872515512	0.01379210551	0.01085095282
0.942481203	0.3055014836	0.4153748166	1.359649098	1	0.9953078092	0.00623080263	0.003034846071	0.003737643318	0.007872611788	0.01379820613	0.0108555471
0.9432330827	0.3055014836	0.415399465	1.35972978	1	0.995366871	0.00623080263	0.003034846071	0.003737643318	0.00787270817	0.01380431228	0.0108601451
0.9439849624	0.3055014836	0.4154241283	1.35981051	1	0.9954259685	0.00623080263	0.003034846071	0.003737643318	0.007872804658	0.0138104241	0.01086474691
0.9447368421	0.3055014836	0.415448807	1.359891291	1	0.9954851027	0.00623080263	0.003034846071	0.003737643318	0.007872901256	0.01381654169	0.0108693526
0.9454887218	0.3055014836	0.4154735013	1.359972124	1	0.9955442745	0.00623080263	0.003034846071	0.003737643318	0.007872997965	0.01382266517	0.01087396226
0.9462406015	0.3055014836	0.4154982118	1.360053008	1	0.9956034849	0.00623080263	0.003034846071	0.003737643318	0.007873094786	0.01382879464	0.01087857598
0.9469924812	0.3055014836	0.4155229387	1.360133947	1	0.9956627347	0.00623080263	0.003034846071	0.003737643318	0.007873191723	0.01383493024	0.01088319383
0.9477443609	0.3055014836	0.4155476825	1.360214941	1	0.995722025	0.00623080263	0.003034846071	0.003737643318	0.007873288776	0.01384107206	0.0108878159
0.9484962406	0.3055014836	0.4155724435	1.360295992	1	0.9957813566	0.00623080263	0.003034846071	0.003737643318	0.007873385949	0.01384722022	0.01089244228
0.9492481203	0.3055014836	0.4155972222	1.3603771	1	0.9958407305	0.00623080263	0.003034846071	0.003737643318	0.007873483243	0.01385337485	0.01089707304
0.95	0.3055014836	0.415622019	1.360458267	1	0.9959001477	0.00623080263	0.003034846071	0.003737643318	0.00787358066	0.01385953605	0.01090170828
0.9507518797	0.3055014836	0.4156468342	1.360539495	1	0.995959609	0.00623080263	0.003034846071	0.003737643318	0.007873678203	0.01386570395	0.01090634808
0.9515037594	0.3055014836	0.4156716682	1.360620784	1	0.9960191155	0.00623080263	0.003034846071	0.003737643318	0.007873775872	0.01387187865	0.01091099251
0.9522556391	0.3055014836	0.4156965214	1.360702137	1	0.9960786681	0.00623080263	0.003034846071	0.003737643318	0.007873873672	0.01387806028	0.01091564168
0.9530075188	0.3055014836	0.4157213943	1.360783553	1	0.9961382677	0.00623080263	0.003034846071	0.003737643318	0.007873971602	0.01388424896	0.01092029566
0.9537593985	0.3055014836	0.4157462872	1.360865035	1	0.9961979153	0.00623080263	0.003034846071	0.003737643318	0.007874069666	0.0138904448	0.01092495454
0.9545112782	0.3055014836	0.4157712006	1.360946584	1	0.996257612	0.00623080263	0.003034846071	0.003737643318	0.007874167866	0.01389664792	0.01092961841
0.9552631579	0.3055014836	0.4157961348	1.361028202	1	0.9963173585	0.00623080263	0.003034846071	0.003737643318	0.007874266204	0.01390285844	0.01093428734
0.9560150376	0.3055014836	0.4158210903	1.361109889	1	0.996377156	0.00623080263	0.003034846071	0.003737643318	0.007874364682	0.01390907648	0.01093896144
0.9567669173	0.3055014836	0.4158460674	1.361191647	1	0.9964370054	0.00623080263	0.003034846071	0.003737643318	0.007874463302	0.01391530216	0.01094364079
0.957518797	0.3055014836	0.4158710666	1.361273477	1	0.9964969077	0.00623080263	0.003034846071	0.003737643318	0.007874562066	0.0139215356	0.01094832547
0.9582706767	0.3055014836	0.4158960883	1.36135538	1	0.9965568639	0.00623080263	0.003034846071	0.003737643318	0.007874660976	0.01392777692	0.01095301557
0.9590225564	0.3055014836	0.4159211329	1.361437359	1	0.9966168749	0.00623080263	0.003034846071	0.003737643318	0.007874760036	0.01393402624	0.01095771119
0.9597744361	0.3055014836	0.4159462008	1.361519414	1	0.9966769417	0.00623080263	0.003034846071	0.003737643318	0.007874859246	0.01394028369	0.0109624124
0.9605263158	0.3055014836	0.4159712924	1.361601546	1	0.9967370654	0.00623080263	0.003034846071	0.003737643318	0.007874958609	0.01394654937	0.0109671193
0.9612781955	0.3055014836	0.4159964081	1.361683758	1	0.996797247	0.00623080263	0.003034846071	0.003737643318	0.007875058127	0.01395282343	0.01097183198
0.9620300752	0.3055014836	0.4160215484	1.36176605	1	0.9968574873	0.00623080263	0.003034846071	0.003737643318	0.007875157802	0.01395910597	0.01097655052
0.9627819549	0.3055014836	0.4160467137	1.361848423	1	0.9969177875	0.00623080263	0.003034846071	0.003737643318	0.007875257638	0.01396539713	0.01098127502
0.9635338346	0.3055014836	0.4160719044	1.36193088	1	0.9969781486	0.00623080263	0.003034846071	0.003737643318	0.007875357635	0.01397169702	0.01098600557
0.9642857143	0.3055014836	0.4160971208	1.362013421	1	0.9970385715	0.00623080263	0.003034846071	0.003737643318	0.007875457796	0.01397800577	0.01099074225
0.965037594	0.3055014836	0.4161223636	1.362096048	1	0.9970990573	0.00623080263	0.003034846071	0.003737643318	0.007875558124	0.0139843235	0.01099548517
0.9657894737	0.3055014836	0.4161476329	1.362178763	1	0.997159607	0.00623080263	0.003034846071	0.003737643318	0.00787565862	0.01399065034	0.01100023439
0.9665413534	0.3055014836	0.4161729294	1.362261566	1	0.9972202217	0.00623080263	0.003034846071	0.003737643318	0.007875759288	0.01399698642	0.01100499003
0.9672932331	0.3055014836	0.4161982534	1.362344459	1	0.9972809022	0.00623080263	0.003034846071	0.003737643318	0.007875860128	0.01400333185	0.01100975217
0.9680451128	0.3055014836	0.4162236054	1.362427444	1	0.9973416498	0.00623080263	0.003034846071	0.003737643318	0.007875961145	0.01400968677	0.0110145209
0.9687969925	0.3055014836	0.4162489857	1.362510522	1	0.9974024654	0.00623080263	0.003034846071	0.003737643318	0.007876062339	0.0140160513	0.01101929632
0.9695488722	0.3055014836	0.4162743949	1.362593694	1	0.99746335	0.00623080263	0.003034846071	0.003737643318	0.007876163713	0.01402242557	0.01102407851
0.9703007519	0.3055014836	0.4162998333	1.362676961	1	0.9975243047	0.00623080263	0.003034846071	0.003737643318	0.00787626527	0.01402880971	0.01102886757
0.9710526316	0.3055014836	0.4163253014	1.362760326	1	0.9975853305	0.00623080263	0.003034846071	0.003737643318	0.007876367012	0.01403520384	0.0110336636
0.9718045113	0.3055014836	0.4163507996	1.36284379	1	0.9976464285	0.00623080263	0.003034846071	0.003737643318	0.007876468941	0.01404160808	0.01103846668
0.972556391	0.3055014836	0.4163763284	1.362927353	1	0.9977075997	0.00623080263	0.003034846071	0.003737643318	0.007876571059	0.01404802258	0.01104327691
0.9733082707	0.3055014836	0.4164018882	1.363011018	1	0.9977688453	0.00623080263	0.003034846071	0.003737643318	0.00787667337	0.01405444746	0.01104809438
0.9740601504	0.3055014836	0.4164274794	1.363094786	1	0.9978301661	0.00623080263	0.003034846071	0.003737643318	0.007876775875	0.01406088284	0.0110529192
0.9748120301	0.3055014836	0.4164531025	1.363178658	1	0.9978915634	0.00623080263	0.003034846071	0.003737643318	0.007876878577	0.01406732886	0.01105775144
0.9755639098	0.3055014836	0.4164787579	1.363262636	1	0.9979530381	0.00623080263	0.003034846071	0.003737643318	0.007876981478	0.01407378564	0.01106259121
0.9763157895	0.3055014836	0.4165044462	1.363346722	1	0.9980145914	0.00623080263	0.003034846071	0.003737643318	0.007877084581	0.01408025332	0.01106743861
0.9770676692	0.3055014836	0.4165301676	1.363430916	1	0.9980762243	0.00623080263	0.003034846071	0.003737643318	0.007877187887	0.01408673203	0.01107229372
0.9778195489	0.3055014836	0.4165559227	1.36351522	1	0.9981379378	0.00623080263	0.003034846071	0.003737643318	0.007877291401	0.0140932219	0.01107715665
0.9785714286	0.3055014836	0.4165817119	1.363599636	1	0.9981997331	0.00623080263	0.003034846071	0.003737643318	0.007877395123	0.01409972307	0.01108202748
0.9793233083	0.3055014836	0.4166075357	1.363684166	1	0.9982616113	0.00623080263	0.003034846071	0.003737643318	0.007877499057	0.01410623565	0.01108690632
0.980075188	0.3055014836	0.4166333945	1.363768809	1	0.9983235734	0.00623080263	0.003034846071	0.003737643318	0.007877603205	0.01411275979	0.01109179327
0.9808270677	0.3055014836	0.4166592889	1.36385357	1	0.9983856205	0.00623080263	0.003034846071	0.003737643318	0.007877707569	0.01411929562	0.01109668841
0.9815789474	0.3055014836	0.4166852191	1.363938447	1	0.9984477537	0.00623080263	0.003034846071	0.003737643318	0.007877812152	0.01412584327	0.01110159185
0.9823308271	0.3055014836	0.4167111857	1.364023444	1	0.9985099742	0.00623080263	0.003034846071	0.003737643318	0.007877916957	0.01413240287	0.01110650369
0.9830827068	0.3055014836	0.4167371892	1.364108561	1	0.9985722829	0.00623080263	0.003034846071	0.003737643318	0.007878021986	0.01413897457	0.01111142402
0.9838345865	0.3055014836	0.4167632301	1.364193801	1	0.9986346811	0.00623080263	0.003034846071	0.003737643318	0.007878127241	0.01414555849	0.01111635294
0.9845864662	0.3055014836	0.4167893086	1.364279164	1	0.9986971697	0.00623080263	0.003034846071	0.003737643318	0.007878232725	0.01415215477	0.01112129055
0.9853383459	0.3055014836	0.4168154255	1.364364653	1	0.9987597501	0.00623080263	0.003034846071	0.003737643318	0.007878338441	0.01415876354	0.01112623694
0.9860902256	0.3055014836	0.416841581	1.364450268	1	0.9988224231	0.00623080263	0.003034846071	0.003737643318	0.007878444392	0.01416538494	0.01113119223
0.9868421053	0.3055014836	0.4168677757	1.364536011	1	0.99888519	0.00623080263	0.003034846071	0.003737643318	0.007878550579	0.01417201911	0.0111361565
0.987593985	0.3055014836	0.4168940101	1.364621884	1	0.9989480519	0.00623080263	0.003034846071	0.003737643318	0.007878657006	0.01417866619	0.01114112985
0.9883458647	0.3055014836	0.4169202845	1.364707888	1	0.9990110099	0.00623080263	0.003034846071	0.003737643318	0.007878763675	0.0141853263	0.01114611239
0.9890977444	0.3055014836	0.4169465996	1.364794025	1	0.9990740652	0.00623080263	0.003034846071	0.003737643318	0.007878870588	0.01419199959	0.01115110422
0.9898496241	0.3055014836	0.4169729556	1.364880297	1	0.9991372188	0.00623080263	0.003034846071	0.003737643318	0.007878977749	0.0141986862	0.01115610544
0.9906015038	0.3055014836	0.4169993533	1.364966705	1	0.9992004719	0.00623080263	0.003034846071	0.003737643318	0.00787908516	0.01420538626	0.01116111614
0.9913533835	0.3055014836	0.4170257929	1.365053249	1	0.9992638257	0.00623080263	0.003034846071	0.003737643318	0.007879192824	0.01421209991	0.01116613643
0.9921052632	0.3055014836	0.417052275	1.365139933	1	0.9993272812	0.00623080263	0.003034846071	0.003737643318	0.007879300743	0.0142188273	0.01117116642
0.9928571429	0.3055014836	0.4170788	1.365226758	1	0.9993908397	0.00623080263	0.003034846071	0.003737643318	0.00787940892	0.01422556855	0.01117620619
0.9936090226	0.3055014836	0.4171053685	1.365313725	1	0.9994545022	0.00623080263	0.003034846071	0.003737643318	0.007879517357	0.01423232382	0.01118125586
0.9943609023	0.3055014836	0.4171319809	1.365400835	1	0.99951827	0.00623080263	0.003034846071	0.003737643318	0.007879626059	0.01423909324	0.01118631553
0.995112782	0.3055014836	0.4171586377	1.365488091	1	0.9995821442	0.00623080263	0.003034846071	0.003737643318	0.007879735026	0.01424587695	0.0111913853
0.9958646617	0.3055014836	0.4171853394	1.365575494	1	0.9996461259	0.00623080263	0.003034846071	0.003737643318	0.007879844262	0.01425267509	0.01119646527
0.9966165414	0.3055014836	0.4172120864	1.365663045	1	0.9997102164	0.00623080263	0.003034846071	0.003737643318	0.00787995377	0.01425948781	0.01120155554
0.9973684211	0.3055014836	0.4172388794	1.365750747	1	0.9997744167	0.00623080263	0.003034846071	0.003737643318	0.007880063553	0.01426631524	0.01120665623
0.9981203008	0.3055014836	0.4172657186	1.3658386	1	0.999838728	0.00623080263	0.003034846071	0.003737643318	0.007880173613	0.01427315753	0.01121176743
0.9988721805	0.3055014836	0.4172926047	1.365926606	1	0.9999031516	0.00623080263	0.003034846071	0.003737643318	0.007880283952	0.01428001483	0.01121688924
0.9996240602	0.3055014836	0.4173195381	1.366014768	1	0.9999676886	0.00623080263	0.003034846071	0.003737643318	0.007880394575	0.01428688727	0.01122202179
1.00037594	0.3055014836	0.4173465194	1.366103086	1	1.00003234	0.00623080263	0.003034846071	0.003737643318	0.007880505483	0.01429377499	0.01122716515
1.00112782	0.3055014836	0.4173735489	1.366191562	1	1.000097108	0.00623080263	0.003034846071	0.003737643318	0.00788061668	0.01430067815	0.01123231945
1.001879699	0.3055014836	0.4174006273	1.366280197	1	1.000161992	0.00623080263	0.003034846071	0.003737643318	0.007880728168	0.01430759689	0.01123748479
1.002631579	0.3055014836	0.4174277549	1.366368995	1	1.000226994	0.00623080263	0.003034846071	0.003737643318	0.007880839951	0.01431453135	0.01124266127
1.003383459	0.3055014836	0.4174549324	1.366457955	1	1.000292116	0.00623080263	0.003034846071	0.003737643318	0.00788095203	0.01432148168	0.011247849
1.004135338	0.3055014836	0.4174821602	1.36654708	1	1.000357358	0.00623080263	0.003034846071	0.003737643318	0.007881064409	0.01432844802	0.01125304809
1.004887218	0.3055014836	0.4175094388	1.366636371	1	1.000422722	0.00623080263	0.003034846071	0.003737643318	0.007881177091	0.01433543052	0.01125825864
1.005639098	0.3055014836	0.4175367686	1.36672583	1	1.000488209	0.00623080263	0.003034846071	0.003737643318	0.007881290079	0.01434242932	0.01126348076
1.006390977	0.3055014836	0.4175641504	1.366815459	1	1.000553821	0.00623080263	0.003034846071	0.003737643318	0.007881403376	0.01434944457	0.01126871456
1.007142857	0.3055014836	0.4175915844	1.366905259	1	1.000619557	0.00623080263	0.003034846071	0.003737643318	0.007881516984	0.01435647643	0.01127396015
1.007894737	0.3055014836	0.4176190712	1.366995231	1	1.00068542	0.00623080263	0.003034846071	0.003737643318	0.007881630907	0.01436352503	0.01127921762
1.008646617	0.3055014836	0.4176466114	1.367085379	1	1.000751411	0.00623080263	0.003034846071	0.003737643318	0.007881745148	0.01437059053	0.0112844871
1.009398496	0.3055014836	0.4176742055	1.367175703	1	1.000817531	0.00623080263	0.003034846071	0.003737643318	0.007881859708	0.01437767307	0.01128976868
1.010150376	0.3055014836	0.4177018539	1.367266204	1	1.000883781	0.00623080263	0.003034846071	0.003737643318	0.007881974593	0.0143847728	0.01129506249
1.010902256	0.3055014836	0.4177295572	1.367356886	1	1.000950163	0.00623080263	0.003034846071	0.003737643318	0.007882089804	0.01439188988	0.01130036862
1.011654135	0.3055014836	0.4177573158	1.367447748	1	1.001016677	0.00623080263	0.003034846071	0.003737643318	0.007882205344	0.01439902445	0.01130568719
1.012406015	0.3055014836	0.4177851304	1.367538794	1	1.001083326	0.00623080263	0.003034846071	0.003737643318	0.007882321217	0.01440617666	0.0113110183
1.013157895	0.3055014836	0.4178130014	1.367630024	1	1.001150109	0.00623080263	0.003034846071	0.003737643318	0.007882437426	0.01441334666	0.01131636207
1.013909774	0.3055014836	0.4178409293	1.367721441	1	1.001217029	0.00623080263	0.003034846071	0.003737643318	0.007882553974	0.01442053461	0.01132171861
1.014661654	0.3055014836	0.4178689147	1.367813046	1	1.001284087	0.00623080263	0.003034846071	0.003737643318	0.007882670863	0.01442774065	0.01132708802
1.015413534	0.3055014836	0.4178969581	1.36790484	1	1.001351284	0.00623080263	0.003034846071	0.003737643318	0.007882788097	0.01443496494	0.01133247043
1.016165414	0.3055014836	0.41792506	1.367996826	1	1.001418621	0.00623080263	0.003034846071	0.003737643318	0.007882905679	0.01444220763	0.01133786593
1.016917293	0.3055014836	0.4179532209	1.368089006	1	1.001486099	0.00623080263	0.003034846071	0.003737643318	0.007883023612	0.01444946887	0.01134327464
1.017669173	0.3055014836	0.4179814414	1.36818138	1	1.00155372	0.00623080263	0.003034846071	0.003737643318	0.0078831419	0.01445674882	0.01134869668
1.018421053	0.3055014836	0.418009722	1.368273951	1	1.001621485	0.00623080263	0.003034846071	0.003737643318	0.007883260545	0.01446404762	0.01135413215
1.019172932	0.3055014836	0.4180380631	1.36836672	1	1.001689395	0.00623080263	0.003034846071	0.003737643318	0.00788337955	0.01447136543	0.01135958117
1.019924812	0.3055014836	0.4180664655	1.36845969	1	1.001757452	0.00623080263	0.003034846071	0.003737643318	0.007883498919	0.01447870242	0.01136504385
1.020676692	0.3055014836	0.4180949295	1.368552861	1	1.001825657	0.00623080263	0.003034846071	0.003737643318	0.007883618655	0.01448605872	0.0113705203
1.021428571	0.3055014836	0.4181234557	1.368646237	1	1.00189401	0.00623080263	0.003034846071	0.003737643318	0.007883738761	0.0144934345	0.01137601064
1.022180451	0.3055014836	0.4181520447	1.368739817	1	1.001962514	0.00623080263	0.003034846071	0.003737643318	0.007883859241	0.01450082991	0.01138151498
1.022932331	0.3055014836	0.418180697	1.368833605	1	1.00203117	0.00623080263	0.003034846071	0.003737643318	0.007883980097	0.01450824512	0.01138703343
1.023684211	0.3055014836	0.4182094131	1.368927601	1	1.002099979	0.00623080263	0.003034846071	0.003737643318	0.007884101333	0.01451568026	0.01139256612
1.02443609	0.3055014836	0.4182381936	1.369021809	1	1.002168941	0.00623080263	0.003034846071	0.003737643318	0.007884222953	0.01452313551	0.01139811314
1.02518797	0.3055014836	0.418267039	1.369116228	1	1.00223806	0.00623080263	0.003034846071	0.003737643318	0.007884344958	0.01453061101	0.01140367462
1.02593985	0.3055014836	0.4182959498	1.369210862	1	1.002307335	0.00623080263	0.003034846071	0.003737643318	0.007884467354	0.01453810693	0.01140925068
1.026691729	0.3055014836	0.4183249266	1.369305713	1	1.002376768	0.00623080263	0.003034846071	0.003737643318	0.007884590142	0.01454562342	0.01141484142
1.027443609	0.3055014836	0.41835397	1.36940078	1	1.002446361	0.00623080263	0.003034846071	0.003737643318	0.007884713327	0.01455316065	0.01142044697
1.028195489	0.3055014836	0.4183830805	1.369496068	1	1.002516115	0.00623080263	0.003034846071	0.003737643318	0.007884836911	0.01456071877	0.01142606744
1.028947368	0.3055014836	0.4184122586	1.369591577	1	1.00258603	0.00623080263	0.003034846071	0.003737643318	0.007884960899	0.01456829793	0.01143170295
1.029699248	0.3055014836	0.4184415048	1.369687309	1	1.002656109	0.00623080263	0.003034846071	0.003737643318	0.007885085293	0.01457589831	0.01143735361
1.030451128	0.3055014836	0.4184708199	1.369783266	1	1.002726353	0.00623080263	0.003034846071	0.003737643318	0.007885210097	0.01458352006	0.01144301954
1.031203008	0.3055014836	0.4185002042	1.36987945	1	1.002796763	0.00623080263	0.003034846071	0.003737643318	0.007885335314	0.01459116333	0.01144870085
1.031954887	0.3055014836	0.4185296583	1.369975862	1	1.00286734	0.00623080263	0.003034846071	0.003737643318	0.007885460948	0.0145988283	0.01145439768
1.032706767	0.3055014836	0.4185591829	1.370072505	1	1.002938086	0.00623080263	0.003034846071	0.003737643318	0.007885587003	0.01460651513	0.01146011012
1.033458647	0.3055014836	0.4185887784	1.37016938	1	1.003009001	0.00623080263	0.003034846071	0.003737643318	0.00788571348	0.01461422396	0.01146583831
1.034210526	0.3055014836	0.4186184454	1.37026649	1	1.003080089	0.00623080263	0.003034846071	0.003737643318	0.007885840385	0.01462195497	0.01147158236
1.034962406	0.3055014836	0.4186481846	1.370363835	1	1.003151349	0.00623080263	0.003034846071	0.003737643318	0.007885967721	0.01462970832	0.01147734238
1.035714286	0.3055014836	0.4186779963	1.370461418	1	1.003222783	0.00623080263	0.003034846071	0.003737643318	0.00788609549	0.01463748418	0.01148311851
1.036466165	0.3055014836	0.4187078813	1.37055924	1	1.003294392	0.00623080263	0.003034846071	0.003737643318	0.007886223697	0.0146452827	0.01148891085
1.037218045	0.3055014836	0.41873784	1.370657305	1	1.003366178	0.00623080263	0.003034846071	0.003737643318	0.007886352346	0.01465310404	0.01149471953
1.037969925	0.3055014836	0.4187678731	1.370755612	1	1.003438142	0.00623080263	0.003034846071	0.003737643318	0.007886481439	0.01466094838	0.01150054466
1.038721805	0.3055014836	0.4187979811	1.370854165	1	1.003510286	0.00623080263	0.003034846071	0.003737643318	0.00788661098	0.01466881588	0.01150638638
1.039473684	0.3055014836	0.4188281645	1.370952964	1	1.003582611	0.00623080263	0.003034846071	0.003737643318	0.007886740973	0.0146767067	0.01151224479
1.040225564	0.3055014836	0.418858424	1.371052013	1	1.003655118	0.00623080263	0.003034846071	0.003737643318	0.007886871422	0.01468462101	0.01151812002
1.040977444	0.3055014836	0.4188887601	1.371151312	1	1.003727808	0.00623080263	0.003034846071	0.003737643318	0.007887002329	0.01469255898	0.01152401219
1.041729323	0.3055014836	0.4189191734	1.371250864	1	1.003800683	0.00623080263	0.003034846071	0.003737643318	0.0078871337	0.01470052076	0.01152992142
1.042481203	0.3055014836	0.4189496645	1.371350671	1	1.003873745	0.00623080263	0.003034846071	0.003737643318	0.007887265537	0.01470850653	0.01153584784
1.043233083	0.3055014836	0.4189802339	1.371450734	1	1.003946994	0.00623080263	0.003034846071	0.003737643318	0.007887397844	0.01471651645	0.01154179156
1.043984962	0.3055014836	0.4190108822	1.371551055	1	1.004020433	0.00623080263	0.003034846071	0.003737643318	0.007887530625	0.0147245507	0.01154775271
1.044736842	0.3055014836	0.41904161	1.371651637	1	1.004094062	0.00623080263	0.003034846071	0.003737643318	0.007887663884	0.01473260943	0.01155373141
1.045488722	0.3055014836	0.4190724179	1.371752481	1	1.004167883	0.00623080263	0.003034846071	0.003737643318	0.007887797623	0.01474069283	0.01155972778
1.046240602	0.3055014836	0.4191033065	1.371853588	1	1.004241897	0.00623080263	0.003034846071	0.003737643318	0.007887931848	0.01474880104	0.01156574195
1.046992481	0.3055014836	0.4191342763	1.371954962	1	1.004316106	0.00623080263	0.003034846071	0.003737643318	0.007888066561	0.01475693426	0.01157177405
1.047744361	0.3055014836	0.4191653279	1.372056604	1	1.004390511	0.00623080263	0.003034846071	0.003737643318	0.007888201767	0.01476509264	0.01157782418
1.048496241	0.3055014836	0.419196462	1.372158515	1	1.004465113	0.00623080263	0.003034846071	0.003737643318	0.00788833747	0.01477327635	0.01158389249
1.04924812	0.3055014836	0.4192276791	1.372260698	1	1.004539915	0.00623080263	0.003034846071	0.003737643318	0.007888473672	0.01478148557	0.01158997909
1.05	0.3055014836	0.4192589798	1.372363155	1	1.004614916	0.00623080263	0.003034846071	0.003737643318	0.007888610379	0.01478972046	0.01159608411
1.05075188	0.3055014836	0.4192903646	1.372465887	1	1.00469012	0.00623080263	0.003034846071	0.003737643318	0.007888747593	0.0147979812	0.01160220767
1.051503759	0.3055014836	0.4193218343	1.372568897	1	1.004765526	0.00623080263	0.003034846071	0.003737643318	0.007888885319	0.01480626796	0.01160834991
1.052255639	0.3055014836	0.4193533893	1.372672186	1	1.004841137	0.00623080263	0.003034846071	0.003737643318	0.007889023561	0.01481458091	0.01161451094
1.053007519	0.3055014836	0.4193850303	1.372775757	1	1.004916955	0.00623080263	0.003034846071	0.003737643318	0.007889162323	0.01482292023	0.01162069088
1.053759398	0.3055014836	0.4194167578	1.372879611	1	1.004992979	0.00623080263	0.003034846071	0.003737643318	0.007889301607	0.01483128608	0.01162688988
1.054511278	0.3055014836	0.4194485725	1.37298375	1	1.005069213	0.00623080263	0.003034846071	0.003737643318	0.00788944142	0.01483967863	0.01163310805
1.055263158	0.3055014836	0.419480475	1.373088177	1	1.005145656	0.00623080263	0.003034846071	0.003737643318	0.007889581763	0.01484809807	0.01163934553
1.056015038	0.3055014836	0.4195124659	1.373192892	1	1.005222312	0.00623080263	0.003034846071	0.003737643318	0.007889722642	0.01485654457	0.01164560243
1.056766917	0.3055014836	0.4195445457	1.3732979	1	1.00529918	0.00623080263	0.003034846071	0.003737643318	0.007889864061	0.0148650183	0.01165187888
1.057518797	0.3055014836	0.4195767151	1.3734032	1	1.005376264	0.00623080263	0.003034846071	0.003737643318	0.007890006023	0.01487351943	0.01165817503
1.058270677	0.3055014836	0.4196089747	1.373508795	1	1.005453563	0.00623080263	0.003034846071	0.003737643318	0.007890148532	0.01488204815	0.01166449098
1.059022556	0.3055014836	0.4196413251	1.373614688	1	1.00553108	0.00623080263	0.003034846071	0.003737643318	0.007890291593	0.01489060462	0.01167082688
1.059774436	0.3055014836	0.4196737669	1.37372088	1	1.005608816	0.00623080263	0.003034846071	0.003737643318	0.00789043521	0.01489918903	0.01167718284
1.060526316	0.3055014836	0.4197063007	1.373827373	1	1.005686772	0.00623080263	0.003034846071	0.003737643318	0.007890579386	0.01490780154	0.01168355901
1.061278195	0.3055014836	0.4197389271	1.373934169	1	1.005764951	0.00623080263	0.003034846071	0.003737643318	0.007890724126	0.01491644234	0.0116899555
1.062030075	0.3055014836	0.4197716467	1.374041271	1	1.005843353	0.00623080263	0.003034846071	0.003737643318	0.007890869434	0.01492511161	0.01169637245
1.062781955	0.3055014836	0.4198044602	1.374148679	1	1.005921979	0.00623080263	0.003034846071	0.003737643318	0.007891015315	0.01493380951	0.01170280999
1.063533835	0.3055014836	0.4198373682	1.374256397	1	1.006000832	0.00623080263	0.003034846071	0.003737643318	0.007891161771	0.01494253624	0.01170926824
1.064285714	0.3055014836	0.4198703712	1.374364426	1	1.006079913	0.00623080263	0.003034846071	0.003737643318	0.007891308808	0.01495129196	0.01171574735
1.065037594	0.3055014836	0.41990347	1.374472769	1	1.006159223	0.00623080263	0.003034846071	0.003737643318	0.00789145643	0.01496007687	0.01172224743
1.065789474	0.3055014836	0.419936665	1.374581426	1	1.006238764	0.00623080263	0.003034846071	0.003737643318	0.007891604641	0.01496889112	0.01172876863
1.066541353	0.3055014836	0.419969957	1.374690401	1	1.006318537	0.00623080263	0.003034846071	0.003737643318	0.007891753446	0.01497773492	0.01173531107
1.067293233	0.3055014836	0.4200033466	1.374799696	1	1.006398544	0.00623080263	0.003034846071	0.003737643318	0.007891902848	0.01498660843	0.01174187489
1.068045113	0.3055014836	0.4200368344	1.374909311	1	1.006478787	0.00623080263	0.003034846071	0.003737643318	0.007892052851	0.01499551184	0.01174846021
1.068796992	0.3055014836	0.420070421	1.375019251	1	1.006559266	0.00623080263	0.003034846071	0.003737643318	0.007892203461	0.01500444533	0.01175506717
1.069548872	0.3055014836	0.4201041071	1.375129515	1	1.006639983	0.00623080263	0.003034846071	0.003737643318	0.007892354682	0.01501340907	0.0117616959
1.070300752	0.3055014836	0.4201378932	1.375240108	1	1.006720941	0.00623080263	0.003034846071	0.003737643318	0.007892506517	0.01502240326	0.01176834654
1.071052632	0.3055014836	0.42017178	1.37535103	1	1.006802139	0.00623080263	0.003034846071	0.003737643318	0.007892658972	0.01503142807	0.01177501922
1.071804511	0.3055014836	0.4202057682	1.375462283	1	1.006883581	0.00623080263	0.003034846071	0.003737643318	0.007892812051	0.01504048369	0.01178171406
1.072556391	0.3055014836	0.4202398584	1.375573871	1	1.006965266	0.00623080263	0.003034846071	0.003737643318	0.007892965758	0.0150495703	0.01178843122
1.073308271	0.3055014836	0.4202740511	1.375685794	1	1.007047198	0.00623080263	0.003034846071	0.003737643318	0.007893120097	0.01505868808	0.01179517081
1.07406015	0.3055014836	0.4203083471	1.375798056	1	1.007129377	0.00623080263	0.003034846071	0.003737643318	0.007893275074	0.01506783722	0.01180193298
1.07481203	0.3055014836	0.420342747	1.375910657	1	1.007211805	0.00623080263	0.003034846071	0.003737643318	0.007893430692	0.0150770179	0.01180871786
1.07556391	0.3055014836	0.4203772515	1.376023601	1	1.007294483	0.00623080263	0.003034846071	0.003737643318	0.007893586956	0.0150862303	0.01181552559
1.076315789	0.3055014836	0.4204118611	1.376136889	1	1.007377414	0.00623080263	0.003034846071	0.003737643318	0.007893743871	0.01509547462	0.0118223563
1.077067669	0.3055014836	0.4204465765	1.376250523	1	1.007460598	0.00623080263	0.003034846071	0.003737643318	0.007893901441	0.01510475103	0.01182921012
1.077819549	0.3055014836	0.4204813983	1.376364505	1	1.007544037	0.00623080263	0.003034846071	0.003737643318	0.007894059671	0.01511405973	0.01183608719
1.078571429	0.3055014836	0.4205163273	1.376478839	1	1.007627732	0.00623080263	0.003034846071	0.003737643318	0.007894218566	0.01512340089	0.01184298766
1.079323308	0.3055014836	0.420551364	1.376593524	1	1.007711686	0.00623080263	0.003034846071	0.003737643318	0.007894378129	0.01513277471	0.01184991165
1.080075188	0.3055014836	0.4205865091	1.376708565	1	1.0077959	0.00623080263	0.003034846071	0.003737643318	0.007894538366	0.01514218138	0.0118568593
1.080827068	0.3055014836	0.4206217633	1.376823963	1	1.007880375	0.00623080263	0.003034846071	0.003737643318	0.007894699282	0.01515162107	0.01186383075
1.081578947	0.3055014836	0.4206571271	1.37693972	1	1.007965112	0.00623080263	0.003034846071	0.003737643318	0.007894860881	0.01516109399	0.01187082614
1.082330827	0.3055014836	0.4206926013	1.377055837	1	1.008050114	0.00623080263	0.003034846071	0.003737643318	0.007895023168	0.01517060031	0.0118778456
1.083082707	0.3055014836	0.4207281865	1.377172319	1	1.008135383	0.00623080263	0.003034846071	0.003737643318	0.007895186147	0.01518014022	0.01188488928
1.083834586	0.3055014836	0.4207638834	1.377289166	1	1.008220918	0.00623080263	0.003034846071	0.003737643318	0.007895349824	0.01518971393	0.01189195731
1.084586466	0.3055014836	0.4207996926	1.37740638	1	1.008306723	0.00623080263	0.003034846071	0.003737643318	0.007895514203	0.0151993216	0.01189904983
1.085338346	0.3055014836	0.4208356147	1.377523964	1	1.008392799	0.00623080263	0.003034846071	0.003737643318	0.007895679289	0.01520896345	0.01190616699
1.086090226	0.3055014836	0.4208716505	1.37764192	1	1.008479146	0.00623080263	0.003034846071	0.003737643318	0.007895845086	0.01521863964	0.01191330891
1.086842105	0.3055014836	0.4209078006	1.377760251	1	1.008565768	0.00623080263	0.003034846071	0.003737643318	0.007896011601	0.01522835039	0.01192047574
1.087593985	0.3055014836	0.4209440657	1.377878957	1	1.008652665	0.00623080263	0.003034846071	0.003737643318	0.007896178837	0.01523809587	0.01192766762
1.088345865	0.3055014836	0.4209804464	1.377998043	1	1.008739839	0.00623080263	0.003034846071	0.003737643318	0.0078963468	0.01524787628	0.01193488469
1.089097744	0.3055014836	0.4210169433	1.378117508	1	1.008827292	0.00623080263	0.003034846071	0.003737643318	0.007896515494	0.01525769181	0.01194212709
1.089849624	0.3055014836	0.4210535573	1.378237357	1	1.008915026	0.00623080263	0.003034846071	0.003737643318	0.007896684924	0.01526754266	0.01194939497
1.090601504	0.3055014836	0.4210902889	1.378357591	1	1.009003041	0.00623080263	0.003034846071	0.003737643318	0.007896855096	0.01527742902	0.01195668845
1.091353383	0.3055014836	0.4211271387	1.378478212	1	1.009091339	0.00623080263	0.003034846071	0.003737643318	0.007897026014	0.01528735107	0.01196400769
1.092105263	0.3055014836	0.4211641076	1.378599222	1	1.009179923	0.00623080263	0.003034846071	0.003737643318	0.007897197684	0.01529730902	0.01197135283
1.092857143	0.3055014836	0.4212011961	1.378720624	1	1.009268793	0.00623080263	0.003034846071	0.003737643318	0.00789737011	0.01530730306	0.011978724
1.093609023	0.3055014836	0.4212384049	1.37884242	1	1.009357951	0.00623080263	0.003034846071	0.003737643318	0.007897543298	0.01531733338	0.01198612135
1.094360902	0.3055014836	0.4212757347	1.378964612	1	1.0094474	0.00623080263	0.003034846071	0.003737643318	0.007897717253	0.01532740018	0.01199354503
1.095112782	0.3055014836	0.4213131862	1.379087202	1	1.00953714	0.00623080263	0.003034846071	0.003737643318	0.00789789198	0.01533750365	0.01200099518
1.095864662	0.3055014836	0.4213507601	1.379210193	1	1.009627173	0.00623080263	0.003034846071	0.003737643318	0.007898067483	0.01534764399	0.01200847193
1.096616541	0.3055014836	0.421388457	1.379333586	1	1.009717501	0.00623080263	0.003034846071	0.003737643318	0.007898243769	0.0153578214	0.01201597544
1.097368421	0.3055014836	0.4214262776	1.379457385	1	1.009808126	0.00623080263	0.003034846071	0.003737643318	0.007898420843	0.01536803607	0.01202350585
1.098120301	0.3055014836	0.4214642226	1.37958159	1	1.009899049	0.00623080263	0.003034846071	0.003737643318	0.007898598709	0.0153782882	0.01203106329
1.09887218	0.3055014836	0.4215022927	1.379706206	1	1.009990271	0.00623080263	0.003034846071	0.003737643318	0.007898777373	0.01538857798	0.01203864793
1.09962406	0.3055014836	0.4215404886	1.379831232	1	1.010081795	0.00623080263	0.003034846071	0.003737643318	0.00789895684	0.01539890562	0.01204625989
1.10037594	0.3055014836	0.4215788109	1.379956673	1	1.010173621	0.00623080263	0.003034846071	0.003737643318	0.007899137116	0.01540927132	0.01205389934
1.10112782	0.3055014836	0.4216172604	1.38008253	1	1.010265753	0.00623080263	0.003034846071	0.003737643318	0.007899318206	0.01541967526	0.0120615664
1.101879699	0.3055014836	0.4216558377	1.380208806	1	1.010358191	0.00623080263	0.003034846071	0.003737643318	0.007899500116	0.01543011766	0.01206926124
1.102631579	0.3055014836	0.4216945436	1.380335502	1	1.010450936	0.00623080263	0.003034846071	0.003737643318	0.00789968285	0.0154405987	0.01207698398
1.103383459	0.3055014836	0.4217333787	1.380462621	1	1.010543992	0.00623080263	0.003034846071	0.003737643318	0.007899866414	0.0154511186	0.01208473479
1.104135338	0.3055014836	0.4217723438	1.380590166	1	1.010637359	0.00623080263	0.003034846071	0.003737643318	0.007900050814	0.01546167755	0.0120925138
1.104887218	0.3055014836	0.4218114394	1.380718138	1	1.010731038	0.00623080263	0.003034846071	0.003737643318	0.007900236055	0.01547227575	0.01210032117
1.105639098	0.3055014836	0.4218506664	1.38084654	1	1.010825033	0.00623080263	0.003034846071	0.003737643318	0.007900422142	0.0154829134	0.01210815704
1.106390977	0.3055014836	0.4218900254	1.380975374	1	1.010919344	0.00623080263	0.003034846071	0.003737643318	0.007900609082	0.01549359071	0.01211602156
1.107142857	0.3055014836	0.4219295172	1.381104642	1	1.011013972	0.00623080263	0.003034846071	0.003737643318	0.00790079688	0.01550430787	0.01212391488
1.107894737	0.3055014836	0.4219691423	1.381234348	1	1.011108921	0.00623080263	0.003034846071	0.003737643318	0.007900985541	0.01551506509	0.01213183714
1.108646617	0.3055014836	0.4220089016	1.381364492	1	1.011204191	0.00623080263	0.003034846071	0.003737643318	0.007901175071	0.01552586257	0.0121397885
1.109398496	0.3055014836	0.4220487957	1.381495078	1	1.011299784	0.00623080263	0.003034846071	0.003737643318	0.007901365476	0.01553670052	0.0121477691
1.110150376	0.3055014836	0.4220888254	1.381626107	1	1.011395702	0.00623080263	0.003034846071	0.003737643318	0.007901556761	0.01554757914	0.01215577909
1.110902256	0.3055014836	0.4221289913	1.381757582	1	1.011491946	0.00623080263	0.003034846071	0.003737643318	0.007901748932	0.01555849863	0.01216381862
1.111654135	0.3055014836	0.4221692942	1.381889506	1	1.011588519	0.00623080263	0.003034846071	0.003737643318	0.007901941995	0.01556945919	0.01217188785
1.112406015	0.3055014836	0.4222097348	1.38202188	1	1.011685421	0.00623080263	0.003034846071	0.003737643318	0.007902135955	0.01558046104	0.01217998691
1.113157895	0.3055014836	0.4222503138	1.382154708	1	1.011782655	0.00623080263	0.003034846071	0.003737643318	0.007902330819	0.01559150437	0.01218811597
1.113909774	0.3055014836	0.4222910318	1.382287991	1	1.011880222	0.00623080263	0.003034846071	0.003737643318	0.007902526592	0.0156025894	0.01219627517
1.114661654	0.3055014836	0.4223318897	1.382421731	1	1.011978125	0.00623080263	0.003034846071	0.003737643318	0.00790272328	0.01561371633	0.01220446466
1.115413534	0.3055014836	0.4223728882	1.382555931	1	1.012076364	0.00623080263	0.003034846071	0.003737643318	0.007902920889	0.01562488536	0.01221268459
1.116165414	0.3055014836	0.4224140278	1.382690594	1	1.012174941	0.00623080263	0.003034846071	0.003737643318	0.007903119425	0.0156360967	0.01222093513
1.116917293	0.3055014836	0.4224553095	1.382825722	1	1.012273859	0.00623080263	0.003034846071	0.003737643318	0.007903318893	0.01564735057	0.01222921641
1.117669173	0.3055014836	0.4224967339	1.382961316	1	1.012373119	0.00623080263	0.003034846071	0.003737643318	0.007903519301	0.01565864716	0.01223752859
1.118421053	0.3055014836	0.4225383016	1.38309738	1	1.012472722	0.00623080263	0.003034846071	0.003737643318	0.007903720653	0.01566998669	0.01224587182
1.119172932	0.3055014836	0.4225800136	1.383233916	1	1.012572671	0.00623080263	0.003034846071	0.003737643318	0.007903922957	0.01568136936	0.01225424626
1.119924812	0.3055014836	0.4226218704	1.383370927	1	1.012672967	0.00623080263	0.003034846071	0.003737643318	0.007904126217	0.01569279539	0.01226265205
1.120676692	0.3055014836	0.4226638728	1.383508413	1	1.012773612	0.00623080263	0.003034846071	0.003737643318	0.00790433044	0.01570426498	0.01227108936
1.121428571	0.3055014836	0.4227060215	1.383646379	1	1.012874607	0.00623080263	0.003034846071	0.003737643318	0.007904535632	0.01571577834	0.01227955834
1.122180451	0.3055014836	0.4227483173	1.383784826	1	1.012975955	0.00623080263	0.003034846071	0.003737643318	0.0079047418	0.01572733568	0.01228805913
1.122932331	0.3055014836	0.4227907609	1.383923757	1	1.013077657	0.00623080263	0.003034846071	0.003737643318	0.007904948949	0.01573893722	0.0122965919
1.123684211	0.3055014836	0.4228333531	1.384063174	1	1.013179715	0.00623080263	0.003034846071	0.003737643318	0.007905157087	0.01575058316	0.01230515679
1.12443609	0.3055014836	0.4228760945	1.38420308	1	1.013282131	0.00623080263	0.003034846071	0.003737643318	0.007905366218	0.01576227372	0.01231375397
1.12518797	0.3055014836	0.4229189859	1.384343477	1	1.013384906	0.00623080263	0.003034846071	0.003737643318	0.007905576349	0.01577400911	0.01232238359
1.12593985	0.3055014836	0.422962028	1.384484367	1	1.013488042	0.00623080263	0.003034846071	0.003737643318	0.007905787487	0.01578578953	0.0123310458
1.126691729	0.3055014836	0.4230052216	1.384625753	1	1.013591541	0.00623080263	0.003034846071	0.003737643318	0.007905999639	0.01579761521	0.01233974077
1.127443609	0.3055014836	0.4230485675	1.384767637	1	1.013695405	0.00623080263	0.003034846071	0.003737643318	0.007906212809	0.01580948636	0.01234846863
1.128195489	0.3055014836	0.4230920663	1.384910022	1	1.013799635	0.00623080263	0.003034846071	0.003737643318	0.007906427006	0.01582140318	0.01235722956
1.128947368	0.3055014836	0.4231357188	1.38505291	1	1.013904234	0.00623080263	0.003034846071	0.003737643318	0.007906642235	0.0158333659	0.01236602371
1.129699248	0.3055014836	0.4231795257	1.385196303	1	1.014009203	0.00623080263	0.003034846071	0.003737643318	0.007906858503	0.01584537473	0.01237485124
1.130451128	0.3055014836	0.4232234879	1.385340205	1	1.014114544	0.00623080263	0.003034846071	0.003737643318	0.007907075816	0.01585742988	0.0123837123
1.131203008	0.3055014836	0.423267606	1.385484617	1	1.014220258	0.00623080263	0.003034846071	0.003737643318	0.007907294181	0.01586953156	0.01239260705
1.131954887	0.3055014836	0.4233118808	1.385629542	1	1.014326348	0.00623080263	0.003034846071	0.003737643318	0.007907513604	0.01588168001	0.01240153565
1.132706767	0.3055014836	0.4233563131	1.385774983	1	1.014432815	0.00623080263	0.003034846071	0.003737643318	0.007907734093	0.01589387541	0.01241049826
1.133458647	0.3055014836	0.4234009035	1.385920941	1	1.014539661	0.00623080263	0.003034846071	0.003737643318	0.007907955653	0.01590611801	0.01241949503
1.134210526	0.3055014836	0.423445653	1.386067419	1	1.014646888	0.00623080263	0.003034846071	0.003737643318	0.007908178292	0.01591840801	0.01242852613
1.134962406	0.3055014836	0.4234905621	1.386214421	1	1.014754498	0.00623080263	0.003034846071	0.003737643318	0.007908402016	0.01593074563	0.01243759171
1.135714286	0.3055014836	0.4235356317	1.386361947	1	1.014862493	0.00623080263	0.003034846071	0.003737643318	0.007908626832	0.01594313108	0.01244669194
1.136466165	0.3055014836	0.4235808625	1.386510002	1	1.014970873	0.00623080263	0.003034846071	0.003737643318	0.007908852747	0.01595556459	0.01245582697
1.137218045	0.3055014836	0.4236262554	1.386658586	1	1.015079642	0.00623080263	0.003034846071	0.003737643318	0.007909079767	0.01596804638	0.01246499696
1.137969925	0.3055014836	0.4236718109	1.386807704	1	1.015188801	0.00623080263	0.003034846071	0.003737643318	0.0079093079	0.01598057665	0.01247420208
1.138721805	0.3055014836	0.42371753	1.386957356	1	1.015298352	0.00623080263	0.003034846071	0.003737643318	0.007909537153	0.01599315564	0.01248344248
1.139473684	0.3055014836	0.4237634134	1.387107547	1	1.015408296	0.00623080263	0.003034846071	0.003737643318	0.007909767532	0.01600578356	0.01249271832
1.140225564	0.3055014836	0.4238094618	1.387258277	1	1.015518636	0.00623080263	0.003034846071	0.003737643318	0.007909999044	0.01601846064	0.01250202977
1.140977444	0.3055014836	0.4238556761	1.387409551	1	1.015629373	0.00623080263	0.003034846071	0.003737643318	0.007910231696	0.01603118708	0.012511377
1.141729323	0.3055014836	0.4239020569	1.387561369	1	1.015740509	0.00623080263	0.003034846071	0.003737643318	0.007910465496	0.01604396312	0.01252076015
1.142481203	0.3055014836	0.423948605	1.387713736	1	1.015852046	0.00623080263	0.003034846071	0.003737643318	0.007910700451	0.01605678897	0.01253017939
1.143233083	0.3055014836	0.4239953213	1.387866652	1	1.015963986	0.00623080263	0.003034846071	0.003737643318	0.007910936567	0.01606966486	0.01253963489
1.143984962	0.3055014836	0.4240422065	1.388020122	1	1.016076331	0.00623080263	0.003034846071	0.003737643318	0.007911173852	0.01608259101	0.0125491268
1.144736842	0.3055014836	0.4240892614	1.388174147	1	1.016189082	0.00623080263	0.003034846071	0.003737643318	0.007911412313	0.01609556764	0.0125586553
1.145488722	0.3055014836	0.4241364867	1.38832873	1	1.016302242	0.00623080263	0.003034846071	0.003737643318	0.007911651957	0.01610859498	0.01256822054
1.146240602	0.3055014836	0.4241838832	1.388483873	1	1.016415812	0.00623080263	0.003034846071	0.003737643318	0.007911892792	0.01612167324	0.01257782268
1.146992481	0.3055014836	0.4242314518	1.38863958	1	1.016529794	0.00623080263	0.003034846071	0.003737643318	0.007912134824	0.01613480265	0.0125874619
1.147744361	0.3055014836	0.4242791931	1.388795852	1	1.016644191	0.00623080263	0.003034846071	0.003737643318	0.007912378062	0.01614798344	0.01259713836
1.148496241	0.3055014836	0.424327108	1.388952692	1	1.016759003	0.00623080263	0.003034846071	0.003737643318	0.007912622513	0.01616121583	0.01260685222
1.14924812	0.3055014836	0.4243751973	1.389110103	1	1.016874233	0.00623080263	0.003034846071	0.003737643318	0.007912868183	0.01617450004	0.01261660364
1.15	0.3055014836	0.4244234617	1.389268087	1	1.016989882	0.00623080263	0.003034846071	0.003737643318	0.007913115081	0.01618783631	0.01262639279
