# VHH-NNLO scan points
# process: WminusHH
# energy_tev: 13.6
# scan_axis: kappa_2w
# scan_x_key: kappa_2w
# vmin: 0.7
# vmax: 1.3
# n_points: 400
# fixed_kappa: 1,1,1
#
kappa_2w	sigma_lo	sigma_nnlo	k	sigma_heft_over_sm_lo	sigma_heft_over_sm_nnlo
0.7	0.1113087879	0.1301982952	1.169703648	0.6961457465	0.6957458483
0.7015037594	0.11151591	0.1304403294	1.16970152	0.6974411264	0.6970392159
0.7030075188	0.1117233989	0.1306828004	1.169699469	0.6987388006	0.6983349181
0.7045112782	0.1119312547	0.1309257084	1.169697496	0.700038769	0.699632955
0.7060150376	0.1121394773	0.1311690532	1.1696956	0.7013410316	0.7009333265
0.707518797	0.1123480667	0.1314128349	1.169693781	0.7026455883	0.7022360328
0.7090225564	0.1125570229	0.1316570536	1.169692038	0.7039524393	0.7035410737
0.7105263158	0.112766346	0.1319017091	1.169690371	0.7052615844	0.7048484492
0.7120300752	0.1129760359	0.1321468015	1.169688779	0.7065730238	0.7061581595
0.7135338346	0.1131860926	0.1323923308	1.169687263	0.7078867573	0.7074702044
0.715037594	0.1133965161	0.1326382971	1.169685821	0.7092027851	0.7087845839
0.7165413534	0.1136073065	0.1328847002	1.169684453	0.710521107	0.7101012982
0.7180451128	0.1138184637	0.1331315402	1.169683159	0.7118417232	0.7114203471
0.7195488722	0.1140299877	0.1333788171	1.169681939	0.7131646335	0.7127417307
0.7210526316	0.1142418786	0.1336265309	1.169680792	0.7144898381	0.7140654489
0.722556391	0.1144541362	0.1338746817	1.169679717	0.7158173368	0.7153915018
0.7240601504	0.1146667607	0.1341232693	1.169678714	0.7171471297	0.7167198894
0.7255639098	0.1148797521	0.1343722938	1.169677784	0.7184792168	0.7180506117
0.7270676692	0.1150931102	0.1346217552	1.169676925	0.7198135981	0.7193836686
0.7285714286	0.1153068352	0.1348716535	1.169676137	0.7211502737	0.7207190602
0.730075188	0.115520927	0.1351219887	1.169675419	0.7224892434	0.7220567865
0.7315789474	0.1157353856	0.1353727608	1.169674772	0.7238305073	0.7233968474
0.7330827068	0.115950211	0.1356239698	1.169674195	0.7251740654	0.724739243
0.7345864662	0.1161654033	0.1358756157	1.169673688	0.7265199177	0.7260839733
0.7360902256	0.1163809624	0.1361276985	1.16967325	0.7278680642	0.7274310382
0.737593985	0.1165968884	0.1363802182	1.16967288	0.7292185049	0.7287804378
0.7390977444	0.1168131811	0.1366331748	1.169672579	0.7305712398	0.7301321721
0.7406015038	0.1170298407	0.1368865683	1.169672346	0.7319262688	0.731486241
0.7421052632	0.1172468671	0.1371403987	1.16967218	0.7332835921	0.7328426447
0.7436090226	0.1174642603	0.137394666	1.169672082	0.7346432096	0.7342013829
0.745112782	0.1176820204	0.1376493701	1.169672051	0.7360051213	0.7355624559
0.7466165414	0.1179001473	0.1379045112	1.169672086	0.7373693271	0.7369258635
0.7481203008	0.118118641	0.1381600892	1.169672188	0.7387358272	0.7382916058
0.7496240602	0.1183375015	0.1384161041	1.169672355	0.7401046215	0.7396596828
0.7511278195	0.1185567289	0.1386725559	1.169672588	0.7414757099	0.7410300944
0.7526315789	0.1187763231	0.1389294445	1.169672886	0.7428490926	0.7424028407
0.7541353383	0.1189962841	0.1391867701	1.169673248	0.7442247694	0.7437779217
0.7556390977	0.1192166119	0.1394445326	1.169673675	0.7456027405	0.7451553373
0.7571428571	0.1194373066	0.1397027319	1.169674166	0.7469830057	0.7465350876
0.7586466165	0.1196583681	0.1399613682	1.16967472	0.7483655652	0.7479171726
0.7601503759	0.1198797964	0.1402204414	1.169675338	0.7497504188	0.7493015923
0.7616541353	0.1201015915	0.1404799514	1.169676019	0.7511375666	0.7506883466
0.7631578947	0.1203237535	0.1407398984	1.169676762	0.7525270087	0.7520774356
0.7646616541	0.1205462823	0.1410002822	1.169677568	0.7539187449	0.7534688592
0.7661654135	0.1207691779	0.141261103	1.169678435	0.7553127753	0.7548626176
0.7676691729	0.1209924403	0.1415223607	1.169679364	0.7567090999	0.7562587105
0.7691729323	0.1212160696	0.1417840552	1.169680354	0.7581077188	0.7576571382
0.7706766917	0.1214400657	0.1420461867	1.169681405	0.7595086318	0.7590579005
0.7721804511	0.1216644286	0.142308755	1.169682516	0.760911839	0.7604609975
0.7736842105	0.1218891584	0.1425717602	1.169683688	0.7623173404	0.7618664292
0.7751879699	0.1221142549	0.1428352024	1.169684919	0.763725136	0.7632741956
0.7766917293	0.1223397183	0.1430990814	1.16968621	0.7651352258	0.7646842966
0.7781954887	0.1225655486	0.1433633974	1.169687559	0.7665476098	0.7660967322
0.7796992481	0.1227917456	0.1436281502	1.169688968	0.767962288	0.7675115026
0.7812030075	0.1230183095	0.1438933399	1.169690435	0.7693792603	0.7689286076
0.7827067669	0.1232452402	0.1441589666	1.16969196	0.7707985269	0.7703480473
0.7842105263	0.1234725377	0.1444250301	1.169693543	0.7722200877	0.7717698217
0.7857142857	0.1237002021	0.1446915305	1.169695183	0.7736439427	0.7731939307
0.7872180451	0.1239282333	0.1449584679	1.169696881	0.7750700919	0.7746203744
0.7887218045	0.1241566313	0.1452258421	1.169698635	0.7764985352	0.7760491527
0.7902255639	0.1243853961	0.1454936532	1.169700445	0.7779292728	0.7774802658
0.7917293233	0.1246145278	0.1457619012	1.169702312	0.7793623045	0.7789137135
0.7932330827	0.1248440262	0.1460305862	1.169704235	0.7807976305	0.7803494958
0.7947368421	0.1250738915	0.146299708	1.169706213	0.7822352507	0.7817876129
0.7962406015	0.1253041237	0.1465692667	1.169708246	0.783675165	0.7832280646
0.7977443609	0.1255347226	0.1468392623	1.169710334	0.7851173735	0.784670851
0.7992481203	0.1257656884	0.1471096948	1.169712476	0.7865618763	0.786115972
0.8007518797	0.125997021	0.1473805642	1.169714673	0.7880086732	0.7875634277
0.8022556391	0.1262287205	0.1476518705	1.169716923	0.7894577644	0.7890132181
0.8037593985	0.1264607867	0.1479236137	1.169719227	0.7909091497	0.7904653432
0.8052631579	0.1266932198	0.1481957938	1.169721584	0.7923628292	0.7919198029
0.8067669173	0.1269260197	0.1484684108	1.169723995	0.7938188029	0.7933765973
0.8082706767	0.1271591865	0.1487414647	1.169726457	0.7952770709	0.7948357263
0.8097744361	0.12739272	0.1490149555	1.169728973	0.796737633	0.7962971901
0.8112781955	0.1276266204	0.1492888832	1.16973154	0.7982004893	0.7977609885
0.8127819549	0.1278608877	0.1495632478	1.169734158	0.7996656398	0.7992271215
0.8142857143	0.1280955217	0.1498380493	1.169736829	0.8011330845	0.8006955893
0.8157894737	0.1283305226	0.1501132877	1.16973955	0.8026028234	0.8021663917
0.8172932331	0.1285658903	0.150388963	1.169742322	0.8040748565	0.8036395288
0.8187969925	0.1288016248	0.1506650752	1.169745144	0.8055491838	0.8051150005
0.8203007519	0.1290377261	0.1509416243	1.169748017	0.8070258053	0.8065928069
0.8218045113	0.1292741943	0.1512186102	1.169750939	0.808504721	0.808072948
0.8233082707	0.1295110293	0.1514960331	1.169753912	0.8099859308	0.8095554238
0.8248120301	0.1297482311	0.1517738929	1.169756933	0.8114694349	0.8110402342
0.8263157895	0.1299857998	0.1520521896	1.169760003	0.8129552332	0.8125273793
0.8278195489	0.1302237352	0.1523309231	1.169763122	0.8144433257	0.8140168591
0.8293233083	0.1304620375	0.1526100936	1.16976629	0.8159337123	0.8155086735
0.8308270677	0.1307007067	0.152889701	1.169769505	0.8174263932	0.8170028226
0.8323308271	0.1309397426	0.1531697452	1.169772768	0.8189213683	0.8184993064
0.8338345865	0.1311791454	0.1534502264	1.169776079	0.8204186375	0.8199981248
0.8353383459	0.131418915	0.1537311445	1.169779437	0.821918201	0.8214992779
0.8368421053	0.1316590514	0.1540124994	1.169782842	0.8234200586	0.8230027657
0.8383458647	0.1318995547	0.1542942913	1.169786294	0.8249242105	0.8245085881
0.8398496241	0.1321404248	0.15457652	1.169789792	0.8264306565	0.8260167452
0.8413533835	0.1323816617	0.1548591857	1.169793336	0.8279393968	0.827527237
0.8428571429	0.1326232654	0.1551422882	1.169796926	0.8294504312	0.8290400635
0.8443609023	0.132865236	0.1554258277	1.169800562	0.8309637598	0.8305552246
0.8458646617	0.1331075734	0.155709804	1.169804243	0.8324793826	0.8320727204
0.8473684211	0.1333502776	0.1559942173	1.169807968	0.8339972997	0.8335925509
0.8488721805	0.1335933486	0.1562790674	1.169811739	0.8355175109	0.835114716
0.8503759398	0.1338367865	0.1565643545	1.169815554	0.8370400163	0.8366392158
0.8518796992	0.1340805912	0.1568500784	1.169819413	0.8385648159	0.8381660503
0.8533834586	0.1343247627	0.1571362393	1.169823316	0.8400919097	0.8396952194
0.854887218	0.134569301	0.157422837	1.169827262	0.8416212977	0.8412267232
0.8563909774	0.1348142062	0.1577098716	1.169831252	0.8431529799	0.8427605617
0.8578947368	0.1350594782	0.1579973432	1.169835285	0.8446869563	0.8442967348
0.8593984962	0.135305117	0.1582852516	1.169839361	0.8462232269	0.8458352426
0.8609022556	0.1355511226	0.1585735969	1.169843479	0.8477617917	0.8473760851
0.862406015	0.1357974951	0.1588623791	1.16984764	0.8493026507	0.8489192623
0.8639097744	0.1360442344	0.1591515983	1.169851842	0.8508458039	0.8504647741
0.8654135338	0.1362913405	0.1594412543	1.169856087	0.8523912513	0.8520126206
0.8669172932	0.1365388135	0.1597313472	1.169860373	0.8539389928	0.8535628017
0.8684210526	0.1367866532	0.160021877	1.1698647	0.8554890286	0.8551153176
0.869924812	0.1370348598	0.1603128437	1.169869068	0.8570413586	0.8566701681
0.8714285714	0.1372834333	0.1606042474	1.169873477	0.8585959827	0.8582273532
0.8729323308	0.1375323735	0.1608960879	1.169877926	0.8601529011	0.8597868731
0.8744360902	0.1377816806	0.1611883653	1.169882415	0.8617121137	0.8613487276
0.8759398496	0.1380313545	0.1614810796	1.169886945	0.8632736204	0.8629129168
0.877443609	0.1382813952	0.1617742308	1.169891514	0.8648374214	0.8644794406
0.8789473684	0.1385318028	0.1620678189	1.169896122	0.8664035165	0.8660482991
0.8804511278	0.1387825771	0.1623618439	1.16990077	0.8679719059	0.8676194923
0.8819548872	0.1390337183	0.1626563058	1.169905457	0.8695425894	0.8691930202
0.8834586466	0.1392852264	0.1629512046	1.169910182	0.8711155671	0.8707688827
0.884962406	0.1395371012	0.1632465403	1.169914946	0.8726908391	0.8723470799
0.8864661654	0.1397893429	0.1635423129	1.169919748	0.8742684052	0.8739276117
0.8879699248	0.1400419514	0.1638385224	1.169924588	0.8758482655	0.8755104783
0.8894736842	0.1402949267	0.1641351688	1.169929466	0.87743042	0.8770956795
0.8909774436	0.1405482689	0.164432252	1.169934381	0.8790148687	0.8786832153
0.892481203	0.1408019779	0.1647297722	1.169939334	0.8806016117	0.8802730859
0.8939849624	0.1410560537	0.1650277293	1.169944323	0.8821906488	0.8818652911
0.8954887218	0.1413104963	0.1653261233	1.16994935	0.8837819801	0.883459831
0.8969924812	0.1415653058	0.1656249542	1.169954412	0.8853756056	0.8850567055
0.8984962406	0.1418204821	0.1659242219	1.169959512	0.8869715253	0.8866559147
0.9	0.1420760252	0.1662239266	1.169964647	0.8885697392	0.8882574586
0.9015037594	0.1423319351	0.1665240682	1.169969818	0.8901702473	0.8898613371
0.9030075188	0.1425882119	0.1668246467	1.169975024	0.8917730495	0.8914675504
0.9045112782	0.1428448555	0.167125662	1.169980266	0.893378146	0.8930760983
0.9060150376	0.1431018659	0.1674271143	1.169985543	0.8949855367	0.8946869808
0.907518797	0.1433592432	0.1677290035	1.169990855	0.8965952216	0.896300198
0.9090225564	0.1436169872	0.1680313295	1.169996202	0.8982072007	0.8979157499
0.9105263158	0.1438750981	0.1683340925	1.170001583	0.8998214739	0.8995336365
0.9120300752	0.1441335758	0.1686372923	1.170006998	0.9014380414	0.9011538578
0.9135338346	0.1443924204	0.1689409291	1.170012447	0.903056903	0.9027764137
0.915037594	0.1446516318	0.1692450028	1.17001793	0.9046780589	0.9044013042
0.9165413534	0.1449112099	0.1695495133	1.170023447	0.906301509	0.9060285295
0.9180451128	0.145171155	0.1698544608	1.170028996	0.9079272532	0.9076580894
0.9195488722	0.1454314668	0.1701598451	1.170034579	0.9095552917	0.909289984
0.9210526316	0.1456921455	0.1704656664	1.170040195	0.9111856243	0.9109242132
0.922556391	0.145953191	0.1707719245	1.170045844	0.9128182511	0.9125607771
0.9240601504	0.1462146033	0.1710786195	1.170051525	0.9144531722	0.9141996757
0.9255639098	0.1464763825	0.1713857515	1.170057238	0.9160903874	0.915840909
0.9270676692	0.1467385284	0.1716933203	1.170062983	0.9177298968	0.9174844769
0.9285714286	0.1470010413	0.1720013261	1.17006876	0.9193717005	0.9191303795
0.930075188	0.1472639209	0.1723097687	1.170074569	0.9210157983	0.9207786168
0.9315789474	0.1475271673	0.1726186482	1.170080409	0.9226621903	0.9224291887
0.9330827068	0.1477907806	0.1729279647	1.17008628	0.9243108765	0.9240820953
0.9345864662	0.1480547607	0.173237718	1.170092182	0.9259618569	0.9257373366
0.9360902256	0.1483191077	0.1735479082	1.170098115	0.9276151315	0.9273949125
0.937593985	0.1485838214	0.1738585353	1.170104078	0.9292707003	0.9290548232
0.9390977444	0.148848902	0.1741695994	1.170110071	0.9309285633	0.9307170684
0.9406015038	0.1491143494	0.1744811003	1.170116095	0.9325887205	0.9323816484
0.9421052632	0.1493801636	0.1747930381	1.170122149	0.9342511719	0.934048563
0.9436090226	0.1496463447	0.1751054128	1.170128232	0.9359159175	0.9357178123
0.945112782	0.1499128926	0.1754182244	1.170134345	0.9375829573	0.9373893963
0.9466165414	0.1501798073	0.1757314729	1.170140488	0.9392522913	0.9390633149
0.9481203008	0.1504470888	0.1760451583	1.170146659	0.9409239194	0.9407395682
0.9496240602	0.1507147372	0.1763592807	1.170152859	0.9425978418	0.9424181562
0.9511278195	0.1509827524	0.1766738399	1.170159088	0.9442740584	0.9440990788
0.9526315789	0.1512511344	0.176988836	1.170165346	0.9459525691	0.9457823361
0.9541353383	0.1515198833	0.177304269	1.170171631	0.9476333741	0.9474679281
0.9556390977	0.1517889989	0.1776201389	1.170177945	0.9493164733	0.9491558547
0.9571428571	0.1520584814	0.1779364457	1.170184287	0.9510018666	0.950846116
0.9586466165	0.1523283307	0.1782531894	1.170190657	0.9526895542	0.952538712
0.9601503759	0.1525985469	0.17857037	1.170197054	0.9543795359	0.9542336427
0.9616541353	0.1528691298	0.1788879874	1.170203478	0.9560718119	0.955930908
0.9631578947	0.1531400796	0.1792060418	1.17020993	0.957766382	0.957630508
0.9646616541	0.1534113963	0.1795245331	1.170216408	0.9594632463	0.9593324426
0.9661654135	0.1536830797	0.1798434613	1.170222914	0.9611624049	0.961036712
0.9676691729	0.15395513	0.1801628264	1.170229445	0.9628638576	0.962743316
0.9691729323	0.1542275471	0.1804826284	1.170236004	0.9645676045	0.9644522546
0.9706766917	0.154500331	0.1808028673	1.170242588	0.9662736456	0.966163528
0.9721804511	0.1547734818	0.181123543	1.170249199	0.967981981	0.967877136
0.9736842105	0.1550469993	0.1814446557	1.170255835	0.9696926105	0.9695930786
0.9751879699	0.1553208837	0.1817662053	1.170262497	0.9714055342	0.971311356
0.9766917293	0.155595135	0.1820881918	1.170269185	0.9731207521	0.973031968
0.9781954887	0.155869753	0.1824106151	1.170275898	0.9748382642	0.9747549147
0.9796992481	0.1561447379	0.1827334754	1.170282635	0.9765580705	0.976480196
0.9812030075	0.1564200896	0.1830567726	1.170289398	0.978280171	0.978207812
0.9827067669	0.1566958081	0.1833805066	1.170296186	0.9800045657	0.9799377627
0.9842105263	0.1569718935	0.1837046776	1.170302998	0.9817312546	0.9816700481
0.9857142857	0.1572483457	0.1840292854	1.170309835	0.9834602377	0.9834046681
0.9872180451	0.1575251647	0.1843543302	1.170316695	0.9851915149	0.9851416228
0.9887218045	0.1578023505	0.1846798119	1.17032358	0.9869250864	0.9868809122
0.9902255639	0.1580799032	0.1850057304	1.170330489	0.9886609521	0.9886225362
0.9917293233	0.1583578227	0.1853320859	1.170337421	0.990399112	0.9903664949
0.9932330827	0.158636109	0.1856588782	1.170344377	0.992139566	0.9921127883
0.9947368421	0.1589147621	0.1859861075	1.170351357	0.9938823143	0.9938614163
0.9962406015	0.1591937821	0.1863137736	1.170358359	0.9956273567	0.995612379
0.9977443609	0.1594731689	0.1866418766	1.170365385	0.9973746934	0.9973656764
0.9992481203	0.1597529225	0.1869704166	1.170372433	0.9991243243	0.9991213085
1.00075188	0.1600330429	0.1872993934	1.170379504	1.000876249	1.000879275
1.002255639	0.1603135302	0.1876288072	1.170386598	1.002630469	1.002639577
1.003759398	0.1605943843	0.1879586578	1.170393713	1.004386982	1.004402213
1.005263158	0.1608756052	0.1882889453	1.170400852	1.00614579	1.006167183
1.006766917	0.161157193	0.1886196698	1.170408012	1.007906891	1.007934489
1.008270677	0.1614391475	0.1889508311	1.170415193	1.009670287	1.009704129
1.009774436	0.1617214689	0.1892824293	1.170422397	1.011435978	1.011476104
1.011278195	0.1620041571	0.1896144644	1.170429622	1.013203962	1.013250413
1.012781955	0.1622872122	0.1899469365	1.170436869	1.014974241	1.015027057
1.014285714	0.1625706341	0.1902798454	1.170444136	1.016746814	1.016806036
1.015789474	0.1628544228	0.1906131912	1.170451425	1.018521681	1.018587349
1.017293233	0.1631385783	0.1909469739	1.170458735	1.020298842	1.020370997
1.018796992	0.1634231006	0.1912811935	1.170466065	1.022078297	1.02215698
1.020300752	0.1637079898	0.19161585	1.170473416	1.023860047	1.023945297
1.021804511	0.1639932458	0.1919509435	1.170480787	1.025644091	1.02573595
1.023308271	0.1642788686	0.1922864738	1.170488179	1.027430429	1.027528936
1.02481203	0.1645648583	0.192622441	1.17049559	1.029219061	1.029324258
1.026315789	0.1648512148	0.1929588451	1.170503022	1.031009987	1.031121914
1.027819549	0.1651379381	0.1932956861	1.170510473	1.032803208	1.032921905
1.029323308	0.1654250282	0.193632964	1.170517944	1.034598723	1.03472423
1.030827068	0.1657124852	0.1939706788	1.170525435	1.036396531	1.03652889
1.032330827	0.166000309	0.1943088305	1.170532945	1.038196635	1.038335885
1.033834586	0.1662884996	0.1946474191	1.170540474	1.039999032	1.040145214
1.035338346	0.166577057	0.1949864446	1.170548022	1.041803724	1.041956878
1.036842105	0.1668659813	0.1953259069	1.170555589	1.043610709	1.043770877
1.038345865	0.1671552723	0.1956658062	1.170563175	1.045419989	1.045587211
1.039849624	0.1674449303	0.1960061424	1.170570779	1.047231563	1.047405879
1.041353383	0.167734955	0.1963469155	1.170578402	1.049045432	1.049226882
1.042857143	0.1680253466	0.1966881255	1.170586043	1.050861594	1.051050219
1.044360902	0.1683161049	0.1970297724	1.170593702	1.052680051	1.052875891
1.045864662	0.1686072302	0.1973718561	1.170601379	1.054500802	1.054703898
1.047368421	0.1688987222	0.1977143768	1.170609074	1.056323847	1.056534239
1.04887218	0.1691905811	0.1980573344	1.170616787	1.058149186	1.058366916
1.05037594	0.1694828068	0.1984007289	1.170624517	1.05997682	1.060201926
1.051879699	0.1697753993	0.1987445602	1.170632265	1.061806748	1.062039272
1.053383459	0.1700683586	0.1990888285	1.17064003	1.06363897	1.063878952
1.054887218	0.1703616848	0.1994335337	1.170647813	1.065473486	1.065720967
1.056390977	0.1706553778	0.1997786757	1.170655612	1.067310296	1.067565316
1.057894737	0.1709494376	0.2001242547	1.170663428	1.069149401	1.069412
1.059398496	0.1712438642	0.2004702706	1.170671261	1.070990799	1.071261019
1.060902256	0.1715386577	0.2008167233	1.170679111	1.072834492	1.073112373
1.062406015	0.171833818	0.201163613	1.170686977	1.074680479	1.074966061
1.063909774	0.1721293451	0.2015109395	1.17069486	1.076528761	1.076822084
1.065413534	0.1724252391	0.201858703	1.170702758	1.078379336	1.078680441
1.066917293	0.1727214999	0.2022069033	1.170710673	1.080232206	1.080541133
1.068421053	0.1730181275	0.2025555406	1.170718604	1.08208737	1.08240416
1.069924812	0.1733151219	0.2029046147	1.17072655	1.083944828	1.084269522
1.071428571	0.1736124831	0.2032541258	1.170734512	1.08580458	1.086137218
1.072932331	0.1739102112	0.2036040737	1.17074249	1.087666626	1.088007249
1.07443609	0.1742083061	0.2039544585	1.170750483	1.089530967	1.089879614
1.07593985	0.1745067679	0.2043052803	1.170758491	1.091397602	1.091754314
1.077443609	0.1748055964	0.2046565389	1.170766515	1.093266531	1.093631349
1.078947368	0.1751047918	0.2050082345	1.170774554	1.095137754	1.095510719
1.080451128	0.175404354	0.2053603669	1.170782607	1.097011272	1.097392423
1.081954887	0.175704283	0.2057129362	1.170790675	1.098887083	1.099276462
1.083458647	0.1760045789	0.2060659424	1.170798758	1.100765189	1.101162835
1.084962406	0.1763052416	0.2064193856	1.170806856	1.102645589	1.103051544
1.086466165	0.1766062711	0.2067732656	1.170814968	1.104528284	1.104942586
1.087969925	0.1769076674	0.2071275825	1.170823094	1.106413272	1.106835964
1.089473684	0.1772094306	0.2074823363	1.170831234	1.108300555	1.108731676
1.090977444	0.1775115606	0.207837527	1.170839389	1.110190131	1.110629723
1.092481203	0.1778140574	0.2081931547	1.170847557	1.112082002	1.112530105
1.093984962	0.178116921	0.2085492192	1.170855739	1.113976168	1.114432821
1.095488722	0.1784201515	0.2089057206	1.170863935	1.115872627	1.116337872
1.096992481	0.1787237488	0.2092626589	1.170872144	1.117771381	1.118245257
1.098496241	0.1790277129	0.2096200341	1.170880366	1.119672428	1.120154977
1.1	0.1793320439	0.2099778462	1.170888602	1.12157577	1.122067032
1.101503759	0.1796367416	0.2103360952	1.170896852	1.123481407	1.123981422
1.103007519	0.1799418062	0.2106947811	1.170905114	1.125389337	1.125898146
1.104511278	0.1802472376	0.2110539039	1.170913389	1.127299562	1.127817205
1.106015038	0.1805530359	0.2114134636	1.170921677	1.12921208	1.129738598
1.107518797	0.180859201	0.2117734602	1.170929978	1.131126893	1.131662327
1.109022556	0.1811657329	0.2121338937	1.170938291	1.133044001	1.13358839
1.110526316	0.1814726316	0.2124947641	1.170946617	1.134963402	1.135516787
1.112030075	0.1817798971	0.2128560714	1.170954956	1.136885098	1.137447519
1.113533835	0.1820875295	0.2132178156	1.170963306	1.138809087	1.139380586
1.115037594	0.1823955287	0.2135799966	1.170971669	1.140735371	1.141315988
1.116541353	0.1827038947	0.2139426146	1.170980044	1.142663949	1.143253724
1.118045113	0.1830126276	0.2143056695	1.17098843	1.144594822	1.145193795
1.119548872	0.1833217273	0.2146691613	1.170996829	1.146527988	1.147136201
1.121052632	0.1836311938	0.21503309	1.171005239	1.148463449	1.149080941
1.122556391	0.1839410271	0.2153974555	1.171013661	1.150401204	1.151028016
1.12406015	0.1842512272	0.215762258	1.171022094	1.152341253	1.152977425
1.12556391	0.1845617942	0.2161274974	1.171030539	1.154283597	1.15492917
1.127067669	0.184872728	0.2164931737	1.171038995	1.156228234	1.156883249
1.128571429	0.1851840287	0.2168592868	1.171047462	1.158175166	1.158839662
1.130075188	0.1854956961	0.2172258369	1.17105594	1.160124392	1.160798411
1.131578947	0.1858077304	0.2175928238	1.17106443	1.162075912	1.162759493
1.133082707	0.1861201315	0.2179602477	1.17107293	1.164029726	1.164722911
1.134586466	0.1864328995	0.2183281085	1.171081441	1.165985835	1.166688663
1.136090226	0.1867460342	0.2186964061	1.171089962	1.167944237	1.16865675
1.137593985	0.1870595358	0.2190651407	1.171098494	1.169904934	1.170627172
1.139097744	0.1873734042	0.2194343121	1.171107036	1.171867926	1.172599928
1.140601504	0.1876876395	0.2198039205	1.171115589	1.173833211	1.174575019
1.142105263	0.1880022415	0.2201739657	1.171124152	1.17580079	1.176552445
1.143609023	0.1883172104	0.2205444479	1.171132725	1.177770664	1.178532205
1.145112782	0.1886325461	0.2209153669	1.171141309	1.179742832	1.1805143
1.146616541	0.1889482487	0.2212867229	1.171149902	1.181717294	1.18249873
1.148120301	0.189264318	0.2216585157	1.171158505	1.18369405	1.184485494
1.14962406	0.1895807542	0.2220307454	1.171167117	1.185673101	1.186474593
1.15112782	0.1898975573	0.2224034121	1.17117574	1.187654445	1.188466027
1.152631579	0.1902147271	0.2227765156	1.171184371	1.189638084	1.190459795
1.154135338	0.1905322638	0.223150056	1.171193013	1.191624017	1.192455898
1.155639098	0.1908501673	0.2235240334	1.171201663	1.193612245	1.194454335
1.157142857	0.1911684376	0.2238984476	1.171210323	1.195602766	1.196455108
1.158646617	0.1914870747	0.2242732987	1.171218992	1.197595582	1.198458215
1.160150376	0.1918060787	0.2246485867	1.17122767	1.199590692	1.200463656
1.161654135	0.1921254495	0.2250243117	1.171236357	1.201588096	1.202471433
1.163157895	0.1924451871	0.2254004735	1.171245053	1.203587794	1.204481544
1.164661654	0.1927652916	0.2257770722	1.171253758	1.205589786	1.206493989
1.166165414	0.1930857629	0.2261541078	1.171262471	1.207594073	1.20850877
1.167669173	0.193406601	0.2265315803	1.171271193	1.209600654	1.210525885
1.169172932	0.1937278059	0.2269094897	1.171279924	1.211609529	1.212545334
1.170676692	0.1940493777	0.2272878361	1.171288663	1.213620698	1.214567119
1.172180451	0.1943713162	0.2276666193	1.17129741	1.215634162	1.216591238
1.173684211	0.1946936216	0.2280458394	1.171306165	1.217649919	1.218617691
1.17518797	0.1950162939	0.2284254964	1.171314929	1.219667971	1.22064648
1.176691729	0.1953393329	0.2288055903	1.1713237	1.221688317	1.222677603
1.178195489	0.1956627388	0.2291861211	1.17133248	1.223710957	1.22471106
1.179699248	0.1959865115	0.2295670888	1.171341267	1.225735892	1.226746853
1.181203008	0.1963106511	0.2299484934	1.171350062	1.22776312	1.22878498
1.182706767	0.1966351574	0.2303303349	1.171358865	1.229792643	1.230825442
1.184210526	0.1969600306	0.2307126133	1.171367676	1.23182446	1.232868238
1.185714286	0.1972852706	0.2310953285	1.171376494	1.233858571	1.234913369
1.187218045	0.1976108775	0.2314784807	1.171385319	1.235894977	1.236960835
1.188721805	0.1979368511	0.2318620698	1.171394152	1.237933676	1.239010635
1.190225564	0.1982631916	0.2322460958	1.171402992	1.23997467	1.24106277
1.191729323	0.1985898989	0.2326305587	1.171411839	1.242017958	1.24311724
1.193233083	0.1989169731	0.2330154585	1.171420693	1.24406354	1.245174044
1.194736842	0.199244414	0.2334007951	1.171429554	1.246111417	1.247233183
1.196240602	0.1995722218	0.2337865687	1.171438422	1.248161587	1.249294657
1.197744361	0.1999003965	0.2341727792	1.171447297	1.250214052	1.251358465
1.19924812	0.2002289379	0.2345594266	1.171456179	1.252268811	1.253424608
1.20075188	0.2005578462	0.2349465108	1.171465068	1.254325864	1.255493086
1.202255639	0.2008871213	0.235334032	1.171473963	1.256385211	1.257563898
1.203759398	0.2012167632	0.2357219901	1.171482864	1.258446853	1.259637045
1.205263158	0.2015467719	0.236110385	1.171491772	1.260510789	1.261712527
1.206766917	0.2018771475	0.2364992169	1.171500686	1.262577019	1.263790344
1.208270677	0.2022078899	0.2368884856	1.171509607	1.264645543	1.265870495
1.209774436	0.2025389991	0.2372781913	1.171518534	1.266716361	1.26795298
1.211278195	0.2028704752	0.2376683338	1.171527467	1.268789474	1.270037801
1.212781955	0.2032023181	0.2380589133	1.171536406	1.27086488	1.272124956
1.214285714	0.2035345278	0.2384499297	1.17154535	1.272942581	1.274214446
1.215789474	0.2038671043	0.2388413829	1.171554301	1.275022576	1.27630627
1.217293233	0.2042000476	0.239233273	1.171563258	1.277104866	1.278400429
1.218796992	0.2045333578	0.2396256001	1.17157222	1.279189449	1.280496923
1.220300752	0.2048670348	0.240018364	1.171581188	1.281276327	1.282595751
1.221804511	0.2052010787	0.2404115649	1.171590161	1.283365499	1.284696914
1.223308271	0.2055354893	0.2408052026	1.17159914	1.285456965	1.286800412
1.22481203	0.2058702668	0.2411992773	1.171608125	1.287550725	1.288906245
1.226315789	0.2062054111	0.2415937888	1.171617115	1.28964678	1.291014412
1.227819549	0.2065409223	0.2419887372	1.17162611	1.291745128	1.293124913
1.229323308	0.2068768002	0.2423841225	1.17163511	1.293845771	1.29523775
1.230827068	0.207213045	0.2427799448	1.171644115	1.295948708	1.297352921
1.232330827	0.2075496566	0.2431762039	1.171653126	1.29805394	1.299470427
1.233834586	0.207886635	0.2435728999	1.171662141	1.300161465	1.301590267
1.235338346	0.2082239803	0.2439700329	1.171671161	1.302271285	1.303712442
1.236842105	0.2085616924	0.2443676027	1.171680187	1.304383399	1.305836952
1.238345865	0.2088997713	0.2447656094	1.171689217	1.306497807	1.307963797
1.239849624	0.2092382171	0.245164053	1.171698251	1.308614509	1.310092976
1.241353383	0.2095770296	0.2455629335	1.17170729	1.310733505	1.312224489
1.242857143	0.209916209	0.2459622509	1.171716334	1.312854796	1.314358338
1.244360902	0.2102557552	0.2463620052	1.171725383	1.314978381	1.316494521
1.245864662	0.2105956683	0.2467621964	1.171734435	1.31710426	1.318633039
1.247368421	0.2109359481	0.2471628246	1.171743492	1.319232433	1.320773891
1.24887218	0.2112765948	0.2475638896	1.171752554	1.321362901	1.322917078
1.25037594	0.2116176084	0.2479653915	1.171761619	1.323495662	1.3250626
1.251879699	0.2119589887	0.2483673303	1.171770689	1.325630718	1.327210457
1.253383459	0.2123007359	0.248769706	1.171779763	1.327768068	1.329360648
1.254887218	0.2126428499	0.2491725186	1.171788841	1.329907712	1.331513174
1.256390977	0.2129853307	0.2495757681	1.171797922	1.332049651	1.333668034
1.257894737	0.2133281784	0.2499794544	1.171807008	1.334193883	1.335825229
1.259398496	0.2136713928	0.2503835777	1.171816098	1.33634041	1.337984759
1.260902256	0.2140149741	0.2507881379	1.171825191	1.338489231	1.340146624
1.262406015	0.2143589223	0.251193135	1.171834288	1.340640346	1.342310823
1.263909774	0.2147032372	0.251598569	1.171843388	1.342793756	1.344477357
1.265413534	0.215047919	0.2520044399	1.171852492	1.344949459	1.346646225
1.266917293	0.2153929676	0.2524107477	1.1718616	1.347107457	1.348817428
1.268421053	0.215738383	0.2528174923	1.171870711	1.349267749	1.350990966
1.269924812	0.2160841653	0.2532246739	1.171879825	1.351430335	1.353166839
1.271428571	0.2164303144	0.2536322924	1.171888943	1.353595216	1.355345046
1.272932331	0.2167768303	0.2540403477	1.171898064	1.35576239	1.357525588
1.27443609	0.217123713	0.25444884	1.171907188	1.357931859	1.359708464
1.27593985	0.2174709626	0.2548577692	1.171916315	1.360103622	1.361893675
1.277443609	0.217818579	0.2552671353	1.171925446	1.362277679	1.364081221
1.278947368	0.2181665622	0.2556769382	1.171934579	1.364454031	1.366271102
1.280451128	0.2185149122	0.2560871781	1.171943715	1.366632676	1.368463317
1.281954887	0.2188636291	0.2564978548	1.171952854	1.368813616	1.370657867
1.283458647	0.2192127128	0.2569089685	1.171961996	1.37099685	1.372854751
1.284962406	0.2195621633	0.257320519	1.171971141	1.373182378	1.375053971
1.286466165	0.2199119806	0.2577325065	1.171980289	1.3753702	1.377255524
1.287969925	0.2202621648	0.2581449309	1.171989439	1.377560317	1.379459413
1.289473684	0.2206127158	0.2585577921	1.171998591	1.379752728	1.381665636
1.290977444	0.2209636336	0.2589710903	1.172007746	1.381947433	1.383874194
1.292481203	0.2213149182	0.2593848253	1.172016904	1.384144432	1.386085087
1.293984962	0.2216665697	0.2597989972	1.172026064	1.386343725	1.388298314
1.295488722	0.222018588	0.2602136061	1.172035227	1.388545313	1.390513876
1.296992481	0.2223709731	0.2606286518	1.172044391	1.390749194	1.392731772
1.298496241	0.2227237251	0.2610441345	1.172053558	1.39295537	1.394952003
1.3	0.2230768438	0.261460054	1.172062727	1.39516384	1.397174569
