# VHH-NNLO scan points
# process: WminusHH
# energy_tev: 13.6
# scan_axis: kappa_w
# scan_x_key: kappa_w
# vmin: 0.85
# vmax: 1.2
# n_points: 400
# fixed_kappa: 1,1,1
#
kappa_w	sigma_lo	sigma_nnlo	k	sigma_heft_over_sm_lo	sigma_heft_over_sm_nnlo
0.85	0.1376498604	0.1613565548	1.172224616	0.8608876861	0.8622474886
0.850877193	0.1377556962	0.1614785167	1.172209362	0.8615496027	0.8628992216
0.851754386	0.1378617798	0.1616007724	1.172194155	0.8622130689	0.8635525241
0.8526315789	0.1379681117	0.1617233225	1.172178995	0.8628780886	0.8642074001
0.8535087719	0.1380746927	0.1618461679	1.172163882	0.8635446658	0.8648638537
0.8543859649	0.1381815234	0.1619693092	1.172148817	0.8642128045	0.8655218891
0.8552631579	0.1382886043	0.1620927473	1.1721338	0.8648825086	0.8661815103
0.8561403509	0.1383959363	0.162216483	1.172118831	0.8655537823	0.8668427214
0.8570175439	0.1385035198	0.1623405169	1.172103909	0.8662266293	0.8675055264
0.8578947368	0.1386113555	0.1624648499	1.172089035	0.8669010539	0.8681699296
0.8587719298	0.1387194441	0.1625894827	1.172074209	0.8675770598	0.868835935
0.8596491228	0.1388277861	0.1627144161	1.172059432	0.8682546513	0.8695035468
0.8605263158	0.1389363824	0.1628396509	1.172044703	0.8689338321	0.870172769
0.8614035088	0.1390452334	0.1629651879	1.172030022	0.8696146065	0.8708436057
0.8622807018	0.1391543398	0.1630910277	1.172015389	0.8702969783	0.8715160612
0.8631578947	0.1392637023	0.1632171713	1.172000805	0.8709809517	0.8721901394
0.8640350877	0.1393733215	0.1633436192	1.17198627	0.8716665305	0.8728658446
0.8649122807	0.1394831981	0.1634703725	1.171971784	0.872353719	0.873543181
0.8657894737	0.1395933327	0.1635974317	1.171957346	0.873042521	0.8742221525
0.8666666667	0.1397037259	0.1637247977	1.171942958	0.8737329407	0.8749027635
0.8675438596	0.1398143785	0.1638524713	1.171928618	0.8744249821	0.875585018
0.8684210526	0.1399252909	0.1639804533	1.171914328	0.8751186492	0.8762689202
0.8692982456	0.140036464	0.1641087443	1.171900087	0.8758139461	0.8769544742
0.8701754386	0.1401478983	0.1642373453	1.171885896	0.8765108769	0.8776416843
0.8710526316	0.1402595945	0.1643662569	1.171871754	0.8772094455	0.8783305546
0.8719298246	0.1403715532	0.16449548	1.171857661	0.8779096561	0.8790210893
0.8728070175	0.1404837751	0.1646250154	1.171843618	0.8786115128	0.8797132925
0.8736842105	0.1405962609	0.1647548638	1.171829626	0.8793150195	0.8804071685
0.8745614035	0.1407090112	0.164885026	1.171815683	0.8800201805	0.8811027214
0.8754385965	0.1408220266	0.1650155027	1.17180179	0.8807269997	0.8817999555
0.8763157895	0.1409353078	0.1651462949	1.171787947	0.8814354814	0.8824988749
0.8771929825	0.1410488554	0.1652774033	1.171774154	0.8821456294	0.8831994838
0.8780701754	0.1411626702	0.1654088286	1.171760412	0.8828574481	0.8839017864
0.8789473684	0.1412767527	0.1655405716	1.17174672	0.8835709413	0.884605787
0.8798245614	0.1413911037	0.1656726332	1.171733078	0.8842861134	0.8853114898
0.8807017544	0.1415057237	0.1658050141	1.171719488	0.8850029683	0.8860188989
0.8815789474	0.1416206135	0.1659377151	1.171705947	0.8857215102	0.8867280187
0.8824561404	0.1417357737	0.166070737	1.171692458	0.8864417432	0.8874388533
0.8833333333	0.1418512049	0.1662040807	1.171679019	0.8871636715	0.888151407
0.8842105263	0.1419669079	0.1663377468	1.171665632	0.8878872991	0.888865684
0.8850877193	0.1420828832	0.1664717362	1.171652295	0.8886126302	0.8895816886
0.8859649123	0.1421991315	0.1666060497	1.17163901	0.8893396689	0.890299425
0.8868421053	0.1423156536	0.1667406881	1.171625776	0.8900684194	0.8910188975
0.8877192982	0.14243245	0.1668756521	1.171612593	0.8907988858	0.8917401103
0.8885964912	0.1425495215	0.1670109426	1.171599462	0.8915310723	0.8924630676
0.8894736842	0.1426668686	0.1671465604	1.171586382	0.892264983	0.8931877739
0.8903508772	0.1427844921	0.1672825063	1.171573354	0.893000622	0.8939142332
0.8912280702	0.1429023926	0.167418781	1.171560378	0.8937379936	0.89464245
0.8921052632	0.1430205708	0.1675553854	1.171547453	0.894477102	0.8953724284
0.8929824561	0.1431390273	0.1676923203	1.17153458	0.8952179511	0.8961041729
0.8938596491	0.1432577629	0.1678295865	1.17152176	0.8959605454	0.8968376875
0.8947368421	0.1433767782	0.1679671847	1.171508991	0.8967048889	0.8975729768
0.8956140351	0.1434960738	0.1681051158	1.171496274	0.8974509858	0.8983100448
0.8964912281	0.1436156505	0.1682433807	1.17148361	0.8981988403	0.8990488961
0.8973684211	0.1437355088	0.16838198	1.171470998	0.8989484566	0.8997895347
0.898245614	0.1438556495	0.1685209146	1.171458439	0.8996998389	0.9005319652
0.899122807	0.1439760733	0.1686601853	1.171445931	0.9004529915	0.9012761918
0.9	0.1440967808	0.168799793	1.171433477	0.9012079184	0.9020222187
0.900877193	0.1442177727	0.1689397383	1.171421075	0.901964624	0.9027700504
0.901754386	0.1443390496	0.1690800222	1.171408726	0.9027231124	0.9035196912
0.9026315789	0.1444606123	0.1692206455	1.17139643	0.9034833879	0.9042711454
0.9035087719	0.1445824614	0.1693616089	1.171384187	0.9042454546	0.9050244173
0.9043859649	0.1447045976	0.1695029133	1.171371996	0.9050093169	0.9057795113
0.9052631579	0.1448270215	0.1696445595	1.171359859	0.9057749789	0.9065364318
0.9061403509	0.1449497339	0.1697865483	1.171347775	0.906542445	0.907295183
0.9070175439	0.1450727354	0.1699288806	1.171335744	0.9073117192	0.9080557694
0.9078947368	0.1451960268	0.170071557	1.171323767	0.9080828059	0.9088181953
0.9087719298	0.1453196086	0.1702145785	1.171311843	0.9088557094	0.9095824651
0.9096491228	0.1454434815	0.1703579459	1.171299972	0.9096304338	0.9103485831
0.9105263158	0.1455676463	0.17050166	1.171288156	0.9104069835	0.9111165538
0.9114035088	0.1456921037	0.1706457216	1.171276392	0.9111853627	0.9118863814
0.9122807018	0.1458168542	0.1707901315	1.171264683	0.9119655757	0.9126580705
0.9131578947	0.1459418987	0.1709348905	1.171253027	0.9127476268	0.9134316253
0.9140350877	0.1460672377	0.1710799996	1.171241425	0.9135315201	0.9142070503
0.9149122807	0.1461928719	0.1712254594	1.171229877	0.9143172601	0.9149843499
0.9157894737	0.1463188022	0.1713712709	1.171218383	0.915104851	0.9157635284
0.9166666667	0.146445029	0.1715174348	1.171206943	0.9158942971	0.9165445903
0.9175438596	0.1465715532	0.171663952	1.171195558	0.9166856026	0.9173275401
0.9184210526	0.1466983754	0.1718108232	1.171184226	0.917478772	0.918112382
0.9192982456	0.1468254962	0.1719580495	1.171172949	0.9182738094	0.9188991206
0.9201754386	0.1469529165	0.1721056314	1.171161727	0.9190707193	0.9196877602
0.9210526316	0.1470806368	0.17225357	1.171150559	0.9198695058	0.9204783053
0.9219298246	0.1472086579	0.1724018659	1.171139445	0.9206701734	0.9212707604
0.9228070175	0.1473369805	0.1725505201	1.171128386	0.9214727263	0.9220651298
0.9236842105	0.1474656051	0.1726995334	1.171117382	0.922277169	0.922861418
0.9245614035	0.1475945327	0.1728489066	1.171106432	0.9230835056	0.9236596295
0.9254385965	0.1477237637	0.1729986405	1.171095538	0.9238917406	0.9244597687
0.9263157895	0.147853299	0.173148736	1.171084698	0.9247018783	0.9252618401
0.9271929825	0.1479831392	0.1732991939	1.171073913	0.925513923	0.9260658481
0.9280701754	0.1481132851	0.1734500151	1.171063183	0.926327879	0.9268717972
0.9289473684	0.1482437372	0.1736012003	1.171052509	0.9271437508	0.9276796918
0.9298245614	0.1483744964	0.1737527505	1.171041889	0.9279615427	0.9284895366
0.9307017544	0.1485055632	0.1739046664	1.171031325	0.9287812591	0.9293013358
0.9315789474	0.1486369385	0.174056949	1.171020816	0.9296029043	0.930115094
0.9324561404	0.1487686228	0.1742095989	1.171010362	0.9304264826	0.9309308158
0.9333333333	0.148900617	0.1743626172	1.170999964	0.9312519986	0.9317485055
0.9342105263	0.1490329217	0.1745160046	1.170989622	0.9320794564	0.9325681678
0.9350877193	0.1491655375	0.1746697619	1.170979335	0.9329088606	0.933389807
0.9359649123	0.1492984653	0.17482389	1.170969103	0.9337402155	0.9342134278
0.9368421053	0.1494317057	0.1749783898	1.170958927	0.9345735256	0.9350390345
0.9377192982	0.1495652594	0.1751332621	1.170948807	0.9354087951	0.9358666318
0.9385964912	0.1496991271	0.1752885078	1.170938743	0.9362460285	0.9366962242
0.9394736842	0.1498333096	0.1754441276	1.170928735	0.9370852303	0.9375278161
0.9403508772	0.1499678074	0.1756001225	1.170918782	0.9379264048	0.9383614121
0.9412280702	0.1501026214	0.1757564932	1.170908886	0.9387695564	0.9391970168
0.9421052632	0.1502377522	0.1759132407	1.170899046	0.9396146895	0.9400346347
0.9429824561	0.1503732006	0.1760703658	1.170889262	0.9404618087	0.9408742703
0.9438596491	0.1505089672	0.1762278693	1.170879533	0.9413109183	0.9417159282
0.9447368421	0.1506450528	0.1763857521	1.170869862	0.9421620227	0.9425596129
0.9456140351	0.1507814581	0.1765440151	1.170860246	0.9430151264	0.943405329
0.9464912281	0.1509181837	0.176702659	1.170850687	0.9438702338	0.944253081
0.9473684211	0.1510552304	0.1768616849	1.170841184	0.9447273493	0.9451028736
0.948245614	0.1511925989	0.1770210934	1.170831738	0.9455864775	0.9459547113
0.949122807	0.15133029	0.1771808854	1.170822348	0.9464476228	0.9468085986
0.95	0.1514683043	0.1773410619	1.170813015	0.9473107896	0.9476645402
0.950877193	0.1516066425	0.1775016237	1.170803738	0.9481759824	0.9485225406
0.951754386	0.1517453054	0.1776625716	1.170794518	0.9490432056	0.9493826044
0.9526315789	0.1518842936	0.1778239065	1.170785355	0.9499124638	0.9502447362
0.9535087719	0.1520236079	0.1779856293	1.170776248	0.9507837614	0.9511089407
0.9543859649	0.1521632491	0.1781477408	1.170767198	0.9516571029	0.9519752224
0.9552631579	0.1523032177	0.1783102419	1.170758206	0.9525324928	0.9528435859
0.9561403509	0.1524435146	0.1784731334	1.17074927	0.9534099355	0.9537140358
0.9570175439	0.1525841405	0.1786364162	1.170740391	0.9542894356	0.9545865768
0.9578947368	0.152725096	0.1788000912	1.170731569	0.9551709976	0.9554612134
0.9587719298	0.1528663819	0.1789641593	1.170722804	0.9560546259	0.9563379504
0.9596491228	0.153007999	0.1791286212	1.170714096	0.9569403251	0.9572167923
0.9605263158	0.1531499479	0.1792934779	1.170705445	0.9578280997	0.9580977438
0.9614035088	0.1532922293	0.1794587303	1.170696852	0.9587179541	0.9589808094
0.9622807018	0.153434844	0.1796243792	1.170688316	0.959609893	0.9598659939
0.9631578947	0.1535777928	0.1797904254	1.170679837	0.9605039209	0.9607533019
0.9640350877	0.1537210762	0.1799568699	1.170671416	0.9614000422	0.9616427381
0.9649122807	0.1538646952	0.1801237135	1.170663051	0.9622982615	0.9625343071
0.9657894737	0.1540086503	0.1802909572	1.170654745	0.9631985834	0.9634280135
0.9666666667	0.1541529423	0.1804586017	1.170646495	0.9641010124	0.9643238621
0.9675438596	0.154297572	0.1806266479	1.170638304	0.965005553	0.9652218575
0.9684210526	0.15444254	0.1807950967	1.170630169	0.9659122098	0.9661220044
0.9692982456	0.1545878471	0.1809639491	1.170622093	0.9668209874	0.9670243074
0.9701754386	0.154733494	0.1811332058	1.170614074	0.9677318902	0.9679287713
0.9710526316	0.1548794815	0.1813028678	1.170606113	0.9686449229	0.9688354007
0.9719298246	0.1550258103	0.1814729359	1.170598209	0.9695600901	0.9697442004
0.9728070175	0.1551724811	0.181643411	1.170590363	0.9704773963	0.970655175
0.9736842105	0.1553194946	0.1818142939	1.170582575	0.9713968461	0.9715683292
0.9745614035	0.1554668516	0.1819855857	1.170574845	0.9723184441	0.9724836678
0.9754385965	0.1556145528	0.1821572871	1.170567173	0.9732421948	0.9734011954
0.9763157895	0.155762599	0.182329399	1.170559558	0.9741681029	0.9743209168
0.9771929825	0.1559109908	0.1825019223	1.170552002	0.9750961729	0.9752428367
0.9780701754	0.1560597291	0.182674858	1.170544503	0.9760264095	0.9761669598
0.9789473684	0.1562088145	0.1828482068	1.170537062	0.9769588172	0.9770932909
0.9798245614	0.1563582478	0.1830219697	1.17052968	0.9778934007	0.9780218347
0.9807017544	0.1565080297	0.1831961476	1.170522355	0.9788301646	0.9789525958
0.9815789474	0.156658161	0.1833707413	1.170515089	0.9797691135	0.9798855792
0.9824561404	0.1568086424	0.1835457517	1.170507881	0.980710252	0.9808207894
0.9833333333	0.1569594746	0.1837211797	1.170500731	0.9816535847	0.9817582314
0.9842105263	0.1571106585	0.1838970263	1.170493639	0.9825991164	0.9826979097
0.9850877193	0.1572621946	0.1840732923	1.170486605	0.9835468515	0.9836398293
0.9859649123	0.1574140839	0.1842499786	1.17047963	0.9844967948	0.9845839948
0.9868421053	0.1575663269	0.184427086	1.170472712	0.9854489509	0.985530411
0.9877192982	0.1577189245	0.1846046156	1.170465854	0.9864033245	0.9864790827
0.9885964912	0.1578718774	0.1847825681	1.170459053	0.9873599201	0.9874300147
0.9894736842	0.1580251863	0.1849609445	1.170452311	0.9883187425	0.9883832118
0.9903508772	0.158178852	0.1851397456	1.170445627	0.9892797963	0.9893386787
0.9912280702	0.1583328753	0.1853189725	1.170439002	0.9902430862	0.9902964203
0.9921052632	0.1584872568	0.1854986259	1.170432435	0.9912086169	0.9912564414
0.9929824561	0.1586419974	0.1856787067	1.170425926	0.992176393	0.9922187467
0.9938596491	0.1587970977	0.1858592159	1.170419476	0.9931464192	0.993183341
0.9947368421	0.1589525586	0.1860401544	1.170413085	0.9941187003	0.9941502292
0.9956140351	0.1591083807	0.1862215231	1.170406752	0.9950932408	0.9951194162
0.9964912281	0.1592645649	0.1864033228	1.170400477	0.9960700454	0.9960909066
0.9973684211	0.1594211118	0.1865855545	1.170394262	0.997049119	0.9970647054
0.998245614	0.1595780223	0.186768219	1.170388104	0.9980304661	0.9980408173
0.999122807	0.1597352971	0.1869513174	1.170382006	0.9990140916	0.9990192472
1	0.1598929369	0.1871348504	1.170375966	1	1
1.000877193	0.1600509424	0.187318819	1.170369984	1.000988196	1.00098308
1.001754386	0.1602093146	0.1875032241	1.170364062	1.001978685	1.001968493
1.002631579	0.160368054	0.1876880666	1.170358198	1.00297147	1.002956244
1.003508772	0.1605271615	0.1878733475	1.170352392	1.003966558	1.003946336
1.004385965	0.1606866378	0.1880590675	1.170346646	1.004963952	1.004938776
1.005263158	0.1608464836	0.1882452277	1.170340958	1.005963658	1.005933568
1.006140351	0.1610066998	0.188431829	1.170335329	1.00696568	1.006930716
1.007017544	0.1611672871	0.1886188722	1.170329759	1.007970022	1.007930227
1.007894737	0.1613282462	0.1888063583	1.170324247	1.00897669	1.008932104
1.00877193	0.1614895779	0.1889942881	1.170318794	1.009985689	1.009936352
1.009649123	0.161651283	0.1891826627	1.1703134	1.010997022	1.010942977
1.010526316	0.1618133622	0.1893714829	1.170308065	1.012010696	1.011951983
1.011403509	0.1619758164	0.1895607496	1.170302789	1.013026714	1.012963375
1.012280702	0.1621386461	0.1897504638	1.170297571	1.014045081	1.013977158
1.013157895	0.1623018523	0.1899406263	1.170292413	1.015065803	1.014993337
1.014035088	0.1624654357	0.1901312382	1.170287313	1.016088883	1.016011917
1.014912281	0.162629397	0.1903223002	1.170282272	1.017114328	1.017032903
1.015789474	0.162793737	0.1905138134	1.17027729	1.018142141	1.0180563
1.016666667	0.1629584565	0.1907057786	1.170272367	1.019172327	1.019082112
1.01754386	0.1631235563	0.1908981968	1.170267502	1.020204891	1.020110345
1.018421053	0.1632890371	0.1910910689	1.170262697	1.021239839	1.021141003
1.019298246	0.1634548996	0.1912843958	1.17025795	1.022277174	1.022174092
1.020175439	0.1636211447	0.1914781785	1.170253263	1.023316902	1.023209617
1.021052632	0.1637877732	0.1916724179	1.170248634	1.024359027	1.024247581
1.021929825	0.1639547857	0.1918671148	1.170244064	1.025403554	1.025287991
1.022807018	0.1641221831	0.1920622703	1.170239554	1.026450488	1.026330851
1.023684211	0.1642899661	0.1922578852	1.170235102	1.027499834	1.027376167
1.024561404	0.1644581356	0.1924539606	1.170230709	1.028551597	1.028423942
1.025438596	0.1646266922	0.1926504972	1.170226375	1.029605782	1.029474183
1.026315789	0.1647956368	0.1928474961	1.170222099	1.030662392	1.030526894
1.027192982	0.1649649701	0.1930449582	1.170217883	1.031721434	1.03158208
1.028070175	0.165134693	0.1932428843	1.170213726	1.032782912	1.032639746
1.028947368	0.1653048061	0.1934412756	1.170209627	1.033846831	1.033699897
1.029824561	0.1654753103	0.1936401328	1.170205588	1.034913196	1.034762538
1.030701754	0.1656462063	0.1938394569	1.170201607	1.035982011	1.035827675
1.031578947	0.165817495	0.1940392489	1.170197686	1.037053282	1.036895311
1.03245614	0.1659891771	0.1942395097	1.170193823	1.038127014	1.037965453
1.033333333	0.1661612533	0.1944402402	1.170190019	1.03920321	1.039038104
1.034210526	0.1663337245	0.1946414413	1.170186274	1.040281877	1.040113271
1.035087719	0.1665065914	0.1948431141	1.170182588	1.041363019	1.041190958
1.035964912	0.1666798549	0.1950452594	1.170178961	1.042446641	1.04227117
1.036842105	0.1668535157	0.1952478783	1.170175393	1.043532747	1.043353912
1.037719298	0.1670275745	0.1954509715	1.170171883	1.044621344	1.04443919
1.038596491	0.1672020323	0.1956545401	1.170168433	1.045712435	1.045527007
1.039473684	0.1673768897	0.195858585	1.170165041	1.046806025	1.046617371
1.040350877	0.1675521475	0.1960631072	1.170161709	1.04790212	1.047710284
1.04122807	0.1677278066	0.1962681076	1.170158435	1.049000725	1.048805753
1.042105263	0.1679038677	0.1964735872	1.17015522	1.050101843	1.049903782
1.042982456	0.1680803316	0.1966795469	1.170152063	1.051205481	1.051004377
1.043859649	0.1682571991	0.1968859876	1.170148966	1.052311643	1.052107543
1.044736842	0.168434471	0.1970929103	1.170145927	1.053420335	1.053213284
1.045614035	0.1686121481	0.1973003159	1.170142947	1.05453156	1.054321606
1.046491228	0.1687902311	0.1975082055	1.170140026	1.055645324	1.055432513
1.047368421	0.1689687209	0.1977165799	1.170137164	1.056761632	1.056546012
1.048245614	0.1691476183	0.1979254401	1.17013436	1.057880489	1.057662107
1.049122807	0.169326924	0.1981347871	1.170131615	1.0590019	1.058780802
1.05	0.1695066388	0.1983446217	1.170128929	1.06012587	1.059902104
1.050877193	0.1696867635	0.1985549451	1.170126302	1.061252403	1.061026018
1.051754386	0.169867299	0.198765758	1.170123733	1.062381506	1.062152547
1.052631579	0.170048246	0.1989770616	1.170121223	1.063513182	1.063281698
1.053508772	0.1702296053	0.1991888566	1.170118771	1.064647436	1.064413476
1.054385965	0.1704113777	0.1994011442	1.170116379	1.065784275	1.065547886
1.055263158	0.1705935641	0.1996139252	1.170114044	1.066923702	1.066684932
1.056140351	0.1707761651	0.1998272007	1.170111769	1.068065722	1.067824621
1.057017544	0.1709591817	0.2000409715	1.170109552	1.069210342	1.068966956
1.057894737	0.1711426145	0.2002552386	1.170107393	1.070357565	1.070111944
1.05877193	0.1713264645	0.200470003	1.170105293	1.071507397	1.07125959
1.059649123	0.1715107324	0.2006852657	1.170103252	1.072659842	1.072409898
1.060526316	0.171695419	0.2009010277	1.170101269	1.073814906	1.073562873
1.061403509	0.1718805251	0.2011172898	1.170099345	1.074972594	1.074718522
1.062280702	0.1720660516	0.2013340531	1.170097478	1.076132911	1.075876848
1.063157895	0.1722519991	0.2015513185	1.170095671	1.077295861	1.077037858
1.064035088	0.1724383686	0.2017690869	1.170093922	1.07846145	1.078201556
1.064912281	0.1726251608	0.2019873595	1.170092231	1.079629683	1.079367948
1.065789474	0.1728123766	0.2022061371	1.170090598	1.080800565	1.080537039
1.066666667	0.1730000167	0.2024254206	1.170089024	1.081974101	1.081708833
1.06754386	0.1731880819	0.2026452112	1.170087508	1.083150296	1.082883337
1.068421053	0.1733765731	0.2028655097	1.17008605	1.084329155	1.084060554
1.069298246	0.1735654911	0.2030863171	1.170084651	1.085510683	1.085240492
1.070175439	0.1737548367	0.2033076344	1.17008331	1.086694885	1.086423154
1.071052632	0.1739446106	0.2035294625	1.170082027	1.087881767	1.087608546
1.071929825	0.1741348138	0.2037518025	1.170080802	1.089071333	1.088796673
1.072807018	0.174325447	0.2039746553	1.170079635	1.090263588	1.089987541
1.073684211	0.174516511	0.2041980219	1.170078526	1.091458537	1.091181154
1.074561404	0.1747080066	0.2044219033	1.170077475	1.092656186	1.092377518
1.075438596	0.1748999347	0.2046463004	1.170076483	1.09385654	1.093576637
1.076315789	0.1750922961	0.2048712143	1.170075548	1.095059604	1.094778519
1.077192982	0.1752850915	0.2050966458	1.170074671	1.096265382	1.095983166
1.078070175	0.1754783219	0.2053225961	1.170073852	1.09747388	1.097190586
1.078947368	0.1756719879	0.205549066	1.170073091	1.098685104	1.098400782
1.079824561	0.1758660905	0.2057760566	1.170072388	1.099899057	1.099613761
1.080701754	0.1760606305	0.2060035688	1.170071743	1.101115746	1.100829527
1.081578947	0.1762556086	0.2062316036	1.170071156	1.102335175	1.102048086
1.08245614	0.1764510257	0.2064601621	1.170070626	1.10355735	1.103269443
1.083333333	0.1766468826	0.2066892451	1.170070154	1.104782276	1.104493603
1.084210526	0.1768431802	0.2069188537	1.170069739	1.106009957	1.105720572
1.085087719	0.1770399192	0.2071489889	1.170069383	1.107240399	1.106950354
1.085964912	0.1772371005	0.2073796517	1.170069083	1.108473607	1.108182956
1.086842105	0.1774347249	0.207610843	1.170068842	1.109709587	1.109418382
1.087719298	0.1776327932	0.2078425638	1.170068658	1.110948342	1.110656638
1.088596491	0.1778313062	0.2080748152	1.170068531	1.11218988	1.111897729
1.089473684	0.1780302649	0.2083075981	1.170068462	1.113434204	1.113141661
1.090350877	0.1782296699	0.2085409135	1.17006845	1.11468132	1.114388438
1.09122807	0.1784295221	0.2087747625	1.170068495	1.115931233	1.115638065
1.092105263	0.1786298224	0.2090091459	1.170068598	1.117183948	1.11689055
1.092982456	0.1788305716	0.2092440648	1.170068758	1.11843947	1.118145895
1.093859649	0.1790317705	0.2094795203	1.170068975	1.119697806	1.119404108
1.094736842	0.17923342	0.2097155132	1.17006925	1.120958958	1.120665193
1.095614035	0.1794355208	0.2099520446	1.170069581	1.122222934	1.121929155
1.096491228	0.1796380738	0.2101891156	1.17006997	1.123489738	1.123196001
1.097368421	0.1798410798	0.210426727	1.170070415	1.124759375	1.124465734
1.098245614	0.1800445397	0.2106648799	1.170070918	1.126031851	1.125738362
1.099122807	0.1802484543	0.2109035753	1.170071478	1.127307171	1.127013888
1.1	0.1804528244	0.2111428142	1.170072094	1.12858534	1.128292318
1.100877193	0.1806576509	0.2113825976	1.170072767	1.129866362	1.129573658
1.101754386	0.1808629346	0.2116229265	1.170073498	1.131150245	1.130857914
1.102631579	0.1810686764	0.2118638019	1.170074284	1.132436991	1.132145089
1.103508772	0.181274877	0.2121052248	1.170075128	1.133726608	1.133435191
1.104385965	0.1814815373	0.2123471963	1.170076028	1.1350191	1.134728223
1.105263158	0.1816886581	0.2125897173	1.170076985	1.136314472	1.136024192
1.106140351	0.1818962404	0.2128327888	1.170077998	1.13761273	1.137323104
1.107017544	0.1821042849	0.2130764119	1.170079068	1.138913879	1.138624962
1.107894737	0.1823127924	0.2133205876	1.170080194	1.140217923	1.139929773
1.10877193	0.1825217639	0.2135653168	1.170081377	1.141524869	1.141237542
1.109649123	0.1827312001	0.2138106006	1.170082616	1.142834722	1.142548275
1.110526316	0.1829411018	0.2140564399	1.170083911	1.144147487	1.143861977
1.111403509	0.1831514701	0.2143028359	1.170085263	1.145463168	1.145178653
1.112280702	0.1833623056	0.2145497896	1.17008667	1.146781773	1.146498309
1.113157895	0.1835736092	0.2147973018	1.170088134	1.148103305	1.14782095
1.114035088	0.1837853818	0.2150453737	1.170089654	1.14942777	1.149146582
1.114912281	0.1839976242	0.2152940063	1.17009123	1.150755173	1.15047521
1.115789474	0.1842103372	0.2155432006	1.170092861	1.15208552	1.15180684
1.116666667	0.1844235218	0.2157929576	1.170094549	1.153418815	1.153141476
1.11754386	0.1846371787	0.2160432783	1.170096293	1.154755065	1.154479125
1.118421053	0.1848513088	0.2162941638	1.170098092	1.156094275	1.155819792
1.119298246	0.185065913	0.216545615	1.170099947	1.157436449	1.157163482
1.120175439	0.1852809921	0.216797633	1.170101858	1.158781593	1.1585102
1.121052632	0.1854965469	0.2170502189	1.170103824	1.160129713	1.159859953
1.121929825	0.1857125784	0.2173033735	1.170105846	1.161480813	1.161212746
1.122807018	0.1859290872	0.2175570981	1.170107923	1.1628349	1.162568584
1.123684211	0.1861460744	0.2178113935	1.170110056	1.164191978	1.163927473
1.124561404	0.1863635408	0.2180662608	1.170112244	1.165552053	1.165289418
1.125438596	0.1865814872	0.2183217011	1.170114487	1.16691513	1.166654424
1.126315789	0.1867999144	0.2185777154	1.170116786	1.168281214	1.168022498
1.127192982	0.1870188234	0.2188343046	1.170119139	1.169650311	1.169393644
1.128070175	0.1872382149	0.2190914699	1.170121548	1.171022427	1.170767869
1.128947368	0.1874580899	0.2193492123	1.170124012	1.172397566	1.172145177
1.129824561	0.1876784492	0.2196075327	1.170126531	1.173775733	1.173525574
1.130701754	0.1878992937	0.2198664322	1.170129105	1.175156935	1.174909066
1.131578947	0.1881206241	0.220125912	1.170131733	1.176541177	1.176295658
1.13245614	0.1883424415	0.2203859729	1.170134417	1.177928464	1.177685356
1.133333333	0.1885647465	0.220646616	1.170137155	1.179318801	1.179078165
1.134210526	0.1887875402	0.2209078424	1.170139947	1.180712193	1.180474091
1.135087719	0.1890108233	0.2211696531	1.170142795	1.182108647	1.181873139
1.135964912	0.1892345968	0.2214320491	1.170145697	1.183508168	1.183275315
1.136842105	0.1894588614	0.2216950315	1.170148653	1.184910761	1.184680625
1.137719298	0.1896836181	0.2219586013	1.170151664	1.18631643	1.186089073
1.138596491	0.1899088677	0.2222227595	1.170154729	1.187725183	1.187500666
1.139473684	0.1901346111	0.2224875073	1.170157848	1.189137024	1.18891541
1.140350877	0.1903608491	0.2227528456	1.170161021	1.190551958	1.190333308
1.14122807	0.1905875826	0.2230187754	1.170164249	1.191969992	1.191754368
1.142105263	0.1908148126	0.2232852979	1.17016753	1.19339113	1.193178595
1.142982456	0.1910425397	0.2235524141	1.170170866	1.194815378	1.194605995
1.143859649	0.191270765	0.2238201249	1.170174255	1.196242741	1.196036572
1.144736842	0.1914994893	0.2240884315	1.170177698	1.197673225	1.197470333
1.145614035	0.1917287134	0.2243573349	1.170181195	1.199106835	1.198907283
1.146491228	0.1919584383	0.2246268362	1.170184745	1.200543576	1.200347427
1.147368421	0.1921886647	0.2248969364	1.17018835	1.201983455	1.201790772
1.148245614	0.1924193937	0.2251676365	1.170192007	1.203426477	1.203237323
1.149122807	0.1926506259	0.2254389376	1.170195718	1.204872646	1.204687086
1.15	0.1928823624	0.2257108408	1.170199483	1.206321969	1.206140066
1.150877193	0.193114604	0.225983347	1.170203301	1.207774451	1.207596268
1.151754386	0.1933473516	0.2262564574	1.170207172	1.209230097	1.209055699
1.152631579	0.193580606	0.226530173	1.170211096	1.210688913	1.210518365
1.153508772	0.1938143681	0.2268044949	1.170215073	1.212150905	1.211984269
1.154385965	0.1940486389	0.2270794241	1.170219103	1.213616078	1.21345342
1.155263158	0.1942834191	0.2273549617	1.170223186	1.215084436	1.214925821
1.156140351	0.1945187096	0.2276311087	1.170227322	1.216555987	1.216401478
1.157017544	0.1947545115	0.2279078662	1.170231511	1.218030735	1.217880399
1.157894737	0.1949908254	0.2281852352	1.170235752	1.219508686	1.219362587
1.15877193	0.1952276523	0.2284632168	1.170240046	1.220989846	1.220848048
1.159649123	0.1954649931	0.2287418122	1.170244393	1.222474219	1.222336789
1.160526316	0.1957028487	0.2290210222	1.170248792	1.223961812	1.223828815
1.161403509	0.1959412199	0.229300848	1.170253243	1.225452629	1.225324131
1.162280702	0.1961801076	0.2295812907	1.170257746	1.226946678	1.226822744
1.163157895	0.1964195128	0.2298623513	1.170262302	1.228443962	1.228324659
1.164035088	0.1966594363	0.2301440308	1.17026691	1.229944487	1.229829881
1.164912281	0.1968998789	0.2304263305	1.17027157	1.23144826	1.231338417
1.165789474	0.1971408416	0.2307092512	1.170276282	1.232955286	1.232850272
1.166666667	0.1973823253	0.2309927941	1.170281046	1.234465569	1.234365451
1.16754386	0.1976243308	0.2312769602	1.170285861	1.235979117	1.235883962
1.168421053	0.1978668591	0.2315617507	1.170290729	1.237495933	1.237405808
1.169298246	0.198109911	0.2318471666	1.170295648	1.239016025	1.238930996
1.170175439	0.1983534874	0.2321332089	1.170300618	1.240539397	1.240459532
1.171052632	0.1985975892	0.2324198787	1.17030564	1.242066054	1.241991421
1.171929825	0.1988422173	0.2327071772	1.170310713	1.243596004	1.243526669
1.172807018	0.1990873727	0.2329951053	1.170315838	1.245129251	1.245065282
1.173684211	0.199333056	0.2332836642	1.170321013	1.2466658	1.246607266
1.174561404	0.1995792684	0.2335728548	1.17032624	1.248205658	1.248152626
1.175438596	0.1998260107	0.2338626784	1.170331518	1.249748829	1.249701367
1.176315789	0.2000732837	0.234153136	1.170336847	1.25129532	1.251253497
1.177192982	0.2003210883	0.2344442286	1.170342227	1.252845137	1.25280902
1.178070175	0.2005694256	0.2347359573	1.170347657	1.254398284	1.254367943
1.178947368	0.2008182963	0.2350283233	1.170353138	1.255954767	1.255930271
1.179824561	0.2010677013	0.2353213275	1.17035867	1.257514592	1.257496009
1.180701754	0.2013176416	0.2356149711	1.170364252	1.259077765	1.259065164
1.181578947	0.2015681181	0.2359092552	1.170369885	1.260644291	1.260637742
1.18245614	0.2018191316	0.2362041808	1.170375568	1.262214176	1.262213747
1.183333333	0.2020706831	0.236499749	1.170381301	1.263787426	1.263793187
1.184210526	0.2023227734	0.2367959609	1.170387085	1.265364045	1.265376067
1.185087719	0.2025754035	0.2370928176	1.170392918	1.26694404	1.266962392
1.185964912	0.2028285742	0.2373903202	1.170398802	1.268527417	1.268552168
1.186842105	0.2030822865	0.2376884697	1.170404735	1.270114181	1.270145402
1.187719298	0.2033365413	0.2379872673	1.170410718	1.271704337	1.271742098
1.188596491	0.2035913394	0.238286714	1.170416751	1.273297892	1.273342264
1.189473684	0.2038466819	0.2385868109	1.170422833	1.274894851	1.274945904
1.190350877	0.2041025695	0.2388875592	1.170428965	1.276495219	1.276553024
1.19122807	0.2043590032	0.2391889598	1.170435146	1.278099003	1.278163631
1.192105263	0.2046159839	0.239491014	1.170441377	1.279706208	1.27977773
1.192982456	0.2048735125	0.2397937227	1.170447657	1.28131684	1.281395327
1.193859649	0.20513159	0.2400970871	1.170453986	1.282930904	1.283016427
1.194736842	0.2053902172	0.2404011083	1.170460364	1.284548406	1.284641037
1.195614035	0.205649395	0.2407057874	1.170466791	1.286169352	1.286269163
1.196491228	0.2059091243	0.2410111255	1.170473267	1.287793747	1.28790081
1.197368421	0.2061694062	0.2413171236	1.170479792	1.289421598	1.289535985
1.198245614	0.2064302414	0.2416237828	1.170486365	1.29105291	1.291174692
1.199122807	0.2066916309	0.2419311044	1.170492987	1.292687688	1.292816939
1.2	0.2069535756	0.2422390893	1.170499657	1.294325939	1.29446273
