# VHH-NNLO scan points
# process: WminusHH
# energy_tev: 13.6
# scan_axis: kappa_lambda
# scan_x_key: kappa_lambda
# vmin: -0.7
# vmax: 6.1
# n_points: 400
# fixed_kappa: 1,1,1
#
kappa_lambda	sigma_lo	sigma_nnlo	k	sigma_heft_over_sm_lo	sigma_heft_over_sm_nnlo
-0.7	0.06257272985	0.07387579758	1.180638878	0.3913414256	0.3947730603
-0.6829573935	0.06304480554	0.07442237765	1.180468034	0.3942938743	0.3976938422
-0.665914787	0.06352708003	0.07498088379	1.180297973	0.3973101081	0.4006783538
-0.6488721805	0.06401955332	0.07555131598	1.180128759	0.4003901272	0.4037265952
-0.6318295739	0.0645222254	0.07613367423	1.179960452	0.4035339313	0.4068385663
-0.6147869674	0.06503509627	0.07672795853	1.179793111	0.4067415206	0.4100142671
-0.5977443609	0.06555816594	0.0773341689	1.179626791	0.4100128951	0.4132536977
-0.5807017544	0.0660914344	0.07795230531	1.179461545	0.4133480547	0.4165568581
-0.5636591479	0.06663490166	0.07858236778	1.179297423	0.4167469994	0.4199237481
-0.5466165414	0.06718856771	0.07922435631	1.179134472	0.4202097293	0.423354368
-0.5295739348	0.06775243256	0.0798782709	1.178972738	0.4237362443	0.4268487175
-0.5125313283	0.0683264962	0.08054411154	1.178812262	0.4273265445	0.4304067969
-0.4954887218	0.06891075864	0.08122187824	1.178653085	0.4309806298	0.4340286059
-0.4784461153	0.06950521987	0.08191157099	1.178495243	0.4346985003	0.4377141447
-0.4614035088	0.07010987989	0.0826131898	1.178338772	0.4384801559	0.4414634133
-0.4443609023	0.07072473871	0.08332673466	1.178183705	0.4423255967	0.4452764116
-0.4273182957	0.07134979632	0.08405220559	1.17803007	0.4462348226	0.4491531396
-0.4102756892	0.07198505273	0.08478960256	1.177877898	0.4502078337	0.4530935974
-0.3932330827	0.07263050793	0.0855389256	1.177727212	0.4542446299	0.4570977849
-0.3761904762	0.07328616193	0.08630017469	1.177578037	0.4583452113	0.4611657022
-0.3591478697	0.07395201472	0.08707334983	1.177430394	0.4625095778	0.4652973492
-0.3421052632	0.0746280663	0.08785845103	1.177284303	0.4667377294	0.469492726
-0.3250626566	0.07531431668	0.08865547829	1.177139782	0.4710296662	0.4737518325
-0.3080200501	0.07601076586	0.08946443161	1.176996845	0.4753853882	0.4780746687
-0.2909774436	0.07671741383	0.09028531098	1.176855507	0.4798048953	0.4824612347
-0.2739348371	0.07743426059	0.0911181164	1.176715781	0.4842881875	0.4869115305
-0.2568922306	0.07816130615	0.09196284789	1.176577675	0.4888352649	0.4914255559
-0.2398496241	0.0788985505	0.09281950543	1.1764412	0.4934461275	0.4960033112
-0.2228070175	0.07964599365	0.09368808902	1.176306362	0.4981207751	0.5006447961
-0.205764411	0.08040363559	0.09456859867	1.176173167	0.502859208	0.5053500108
-0.1887218045	0.08117147632	0.09546103438	1.176041618	0.5076614259	0.5101189553
-0.171679198	0.08194951585	0.09636539614	1.17591172	0.5125274291	0.5149516295
-0.1546365915	0.08273775418	0.09728168396	1.175783473	0.5174572173	0.5198480334
-0.137593985	0.0835361913	0.09820989784	1.175656878	0.5224507907	0.5248081671
-0.1205513784	0.08434482721	0.09915003777	1.175531933	0.5275081493	0.5298320306
-0.1035087719	0.08516366192	0.1001021038	1.175408637	0.532629293	0.5349196237
-0.08646616541	0.08599269542	0.1010660958	1.175286986	0.5378142219	0.5400709467
-0.0694235589	0.08683192772	0.1020420139	1.175166976	0.5430629359	0.5452859993
-0.05238095238	0.08768135881	0.1030298581	1.175048602	0.548375435	0.5505647817
-0.03533834586	0.0885409887	0.1040296283	1.174931857	0.5537517193	0.5559072939
-0.01829573935	0.08941081738	0.1050413245	1.174816735	0.5591917888	0.5613135358
-0.001253132832	0.09029084485	0.1060649469	1.174703228	0.5646956434	0.5667835074
0.01578947368	0.09118107112	0.1071004952	1.174591326	0.5702632831	0.5723172088
0.0328320802	0.09208149618	0.1081479697	1.174481021	0.575894708	0.5779146399
0.04987468672	0.09299212004	0.1092073702	1.174372303	0.581589918	0.5835758008
0.06691729323	0.0939129427	0.1102786967	1.17426516	0.5873489132	0.5893006914
0.08395989975	0.09484396414	0.1113619493	1.174159582	0.5931716935	0.5950893118
0.1010025063	0.09578518438	0.112457128	1.174055557	0.599058259	0.6009416619
0.1180451128	0.09673660342	0.1135642327	1.173953071	0.6050086096	0.6068577417
0.1350877193	0.09769822125	0.1146832635	1.173852113	0.6110227454	0.6128375513
0.1521303258	0.09867003788	0.1158142203	1.173752669	0.6171006663	0.6188810907
0.1691729323	0.0996520533	0.1169571032	1.173654725	0.6232423724	0.6249883598
0.1862155388	0.1006442675	0.1181119121	1.173558267	0.6294478636	0.6311593586
0.2032581454	0.1016466805	0.1192786471	1.17346328	0.6357171399	0.6373940872
0.2203007519	0.1026592923	0.1204573082	1.17336975	0.6420502015	0.6436925455
0.2373433584	0.1036821029	0.1216478953	1.173277662	0.6484470481	0.6500547335
0.2543859649	0.1047151123	0.1228504085	1.173187	0.6549076799	0.6564806513
0.2714285714	0.1057583205	0.1240648477	1.173097749	0.6614320968	0.6629702989
0.2884711779	0.1068117275	0.125291213	1.173009893	0.6680202989	0.6695236762
0.3055137845	0.1078753333	0.1265295043	1.172923415	0.6746722862	0.6761407832
0.322556391	0.1089491378	0.1277797217	1.172838301	0.6813880586	0.68282162
0.3395989975	0.1100331412	0.1290418651	1.172754533	0.6881676161	0.6895661865
0.356641604	0.1111273433	0.1303159346	1.172672096	0.6950109588	0.6963744828
0.3736842105	0.1122317443	0.1316019302	1.172590973	0.7019180866	0.7032465088
0.390726817	0.113346344	0.1328998518	1.172511147	0.7088889996	0.7101822645
0.4077694236	0.1144711426	0.1342096995	1.172432601	0.7159236977	0.71718175
0.4248120301	0.1156061399	0.1355314732	1.17235532	0.7230221809	0.7242449653
0.4418546366	0.1167513361	0.136865173	1.172279287	0.7301844494	0.7313719103
0.4588972431	0.117906731	0.1382107988	1.172204485	0.7374105029	0.738562585
0.4759398496	0.1190723247	0.1395683507	1.172130897	0.7447003416	0.7458169895
0.4929824561	0.1202481172	0.1409378287	1.172058507	0.7520539655	0.7531351237
0.5100250627	0.1214341085	0.1423192327	1.171987298	0.7594713745	0.7605169877
0.5270676692	0.1226302986	0.1437125628	1.171917254	0.7669525686	0.7679625814
0.5441102757	0.1238366875	0.1451178189	1.171848358	0.7744975479	0.7754719048
0.5611528822	0.1250532752	0.1465350011	1.171780594	0.7821063124	0.783044958
0.5781954887	0.1262800617	0.1479641093	1.171713945	0.789778862	0.790681741
0.5952380952	0.127517047	0.1494051436	1.171648396	0.7975151967	0.7983822536
0.6122807018	0.1287642311	0.1508581039	1.17158393	0.8053153166	0.8061464961
0.6293233083	0.1300216139	0.1523229903	1.171520532	0.8131792216	0.8139744682
0.6463659148	0.1312891956	0.1537998028	1.171458185	0.8211069118	0.8218661702
0.6634085213	0.1325669761	0.1552885413	1.171396874	0.8290983871	0.8298216018
0.6804511278	0.1338549553	0.1567892059	1.171336582	0.8371536476	0.8378407632
0.6974937343	0.1351531334	0.1583017965	1.171277295	0.8452726932	0.8459236544
0.7145363409	0.1364615102	0.1598263132	1.171218998	0.853455524	0.8540702753
0.7315789474	0.1377800858	0.1613627559	1.171161674	0.8617021399	0.8622806259
0.7486215539	0.1391088603	0.1629111247	1.171105308	0.8700125409	0.8705547063
0.7656641604	0.1404478335	0.1644714196	1.171049887	0.8783867271	0.8788925164
0.7827067669	0.1417970055	0.1660436405	1.170995395	0.8868246985	0.8872940563
0.7997493734	0.1431563763	0.1676277874	1.170941817	0.895326455	0.8957593259
0.8167919799	0.1445259459	0.1692238605	1.170889139	0.9038919966	0.9042883253
0.8338345865	0.1459057143	0.1708318595	1.170837347	0.9125213234	0.9128810544
0.850877193	0.1472956815	0.1724517847	1.170786427	0.9212144354	0.9215375132
0.8679197995	0.1486958475	0.1740836358	1.170736364	0.9299713324	0.9302577018
0.884962406	0.1501062123	0.1757274131	1.170687145	0.9387920147	0.9390416201
0.9020050125	0.1515267759	0.1773831164	1.170638756	0.9476764821	0.9478892682
0.919047619	0.1529575383	0.1790507457	1.170591183	0.9566247346	0.956800646
0.9360902256	0.1543984995	0.1807303012	1.170544415	0.9656367723	0.9657757536
0.9531328321	0.1558496594	0.1824217826	1.170498436	0.9747125951	0.9748145909
0.9701754386	0.1573110182	0.1841251902	1.170453235	0.983852203	0.983917158
0.9872180451	0.1587825757	0.1858405237	1.170408799	0.9930555962	0.9930834548
1.004260652	0.1602643321	0.1875677834	1.170365114	1.002322774	1.002313481
1.021303258	0.1617562872	0.1893069691	1.17032217	1.011653738	1.011607238
1.038345865	0.1632584412	0.1910580808	1.170279953	1.021048486	1.020964724
1.055388471	0.1647707939	0.1928211186	1.170238451	1.03050702	1.030385939
1.072431078	0.1662933454	0.1945960825	1.170197653	1.040029339	1.039870885
1.089473684	0.1678260957	0.1963829724	1.170157546	1.049615443	1.04941956
1.106516291	0.1693690449	0.1981817884	1.17011812	1.059265332	1.059031965
1.123558897	0.1709221928	0.1999925304	1.170079363	1.068979006	1.0687081
1.140601504	0.1724855395	0.2018151985	1.170041263	1.078756466	1.078447964
1.15764411	0.174059085	0.2036497926	1.17000381	1.08859771	1.088251559
1.174686717	0.1756428293	0.2054963128	1.169966993	1.09850274	1.098118883
1.191729323	0.1772367724	0.2073547591	1.169930801	1.108471555	1.108049936
1.20877193	0.1788409142	0.2092251314	1.169895224	1.118504155	1.11804472
1.225814536	0.1804552549	0.2111074297	1.169860251	1.12860054	1.128103233
1.242857143	0.1820797944	0.2130016542	1.169825872	1.138760711	1.138225476
1.259899749	0.1837145327	0.2149078046	1.169792077	1.148984666	1.148411449
1.276942356	0.1853594697	0.2168258812	1.169758856	1.159272407	1.158661151
1.293984962	0.1870146056	0.2187558838	1.169726199	1.169623932	1.168974583
1.311027569	0.1886799402	0.2206978124	1.169694098	1.180039243	1.179351745
1.328070175	0.1903554737	0.2226516671	1.169662542	1.190518339	1.189792637
1.345112782	0.1920412059	0.2246174479	1.169631522	1.201061221	1.200297258
1.362155388	0.1937371369	0.2265951547	1.169601029	1.211667887	1.21086561
1.379197995	0.1954432668	0.2285847876	1.169571054	1.222338338	1.22149769
1.396240602	0.1971595954	0.2305863465	1.169541589	1.233072575	1.232193501
1.413283208	0.1988861228	0.2325998315	1.169512625	1.243870597	1.242953042
1.430325815	0.200622849	0.2346252425	1.169484152	1.254732404	1.253776312
1.447368421	0.202369774	0.2366625796	1.169456164	1.265657996	1.264663312
1.464411028	0.2041268978	0.2387118428	1.169428651	1.276647373	1.275614041
1.481453634	0.2058942204	0.240773032	1.169401606	1.287700535	1.286628501
1.498496241	0.2076717418	0.2428461472	1.16937502	1.298817483	1.29770669
1.515538847	0.209459462	0.2449311886	1.169348886	1.309998216	1.308848609
1.532581454	0.211257381	0.2470281559	1.169323196	1.321242733	1.320054257
1.54962406	0.2130654987	0.2491370494	1.169297943	1.332551036	1.331323636
1.566666667	0.2148838153	0.2512578688	1.169273119	1.343923124	1.342656744
1.583709273	0.2167123307	0.2533906144	1.169248716	1.355358998	1.354053581
1.60075188	0.2185510448	0.255535286	1.169224728	1.366858656	1.365514149
1.617794486	0.2203999578	0.2576918836	1.169201148	1.3784221	1.377038446
1.634837093	0.2222590695	0.2598604074	1.169177969	1.390049328	1.388626473
1.651879699	0.22412838	0.2620408571	1.169155183	1.401740342	1.40027823
1.668922306	0.2260078894	0.264233233	1.169132784	1.413495141	1.411993717
1.685964912	0.2278975975	0.2664375348	1.169110766	1.425313725	1.423772933
1.703007519	0.2297975044	0.2686537628	1.169089122	1.437196095	1.435615879
1.720050125	0.2317076101	0.2708819168	1.169067846	1.449142249	1.447522555
1.737092732	0.2336279146	0.2731219968	1.169046932	1.461152189	1.459492961
1.754135338	0.235558418	0.2753740029	1.169026373	1.473225913	1.471527096
1.771177945	0.2374991201	0.2776379351	1.169006163	1.485363423	1.483624961
1.788220551	0.2394500209	0.2799137933	1.168986297	1.497564718	1.495786556
1.805263158	0.2414111206	0.2822015776	1.168966769	1.509829798	1.50801188
1.822305764	0.2433824191	0.2845012879	1.168947572	1.522158664	1.520300934
1.839348371	0.2453639164	0.2868129243	1.168928702	1.534551314	1.532653718
1.856390977	0.2473556125	0.2891364867	1.168910153	1.54700775	1.545070232
1.873433584	0.2493575073	0.2914719752	1.168891919	1.559527971	1.557550476
1.89047619	0.251369601	0.2938193898	1.168873995	1.572111977	1.570094449
1.907518797	0.2533918935	0.2961787304	1.168856376	1.584759768	1.582702152
1.924561404	0.2554243847	0.2985499971	1.168839057	1.597471344	1.595373585
1.94160401	0.2574670747	0.3009331898	1.168822033	1.610246705	1.608108747
1.958646617	0.2595199636	0.3033283086	1.168805299	1.623085852	1.620907639
1.975689223	0.2615830512	0.3057353534	1.168788849	1.635988783	1.633770261
1.99273183	0.2636563377	0.3081543243	1.16877268	1.6489555	1.646696613
2.009774436	0.2657398229	0.3105852212	1.168756786	1.661986002	1.659686694
2.026817043	0.2678335069	0.3130280442	1.168741163	1.675080289	1.672740506
2.043859649	0.2699373897	0.3154827933	1.168725806	1.688238361	1.685858046
2.060902256	0.2720514713	0.3179494684	1.168710711	1.701460219	1.699039317
2.077944862	0.2741757517	0.3204280696	1.168695873	1.714745861	1.712284318
2.094987469	0.2763102309	0.3229185968	1.168681289	1.728095289	1.725593048
2.112030075	0.2784549089	0.3254210501	1.168666954	1.741508502	1.738965508
2.129072682	0.2806097857	0.3279354294	1.168652863	1.7549855	1.752401697
2.146115288	0.2827748613	0.3304617348	1.168639013	1.768526283	1.765901617
2.163157895	0.2849501356	0.3329999663	1.1686254	1.782130851	1.779465266
2.180200501	0.2871356088	0.3355501238	1.16861202	1.795799204	1.793092645
2.197243108	0.2893312808	0.3381122074	1.168598869	1.809531343	1.806783753
2.214285714	0.2915371515	0.340686217	1.168585943	1.823327267	1.820538592
2.231328321	0.2937532211	0.3432721527	1.168573238	1.837186975	1.83435716
2.248370927	0.2959794894	0.3458700144	1.168560751	1.851110469	1.848239458
2.265413534	0.2982159565	0.3484798022	1.168548478	1.865097749	1.862185485
2.28245614	0.3004626225	0.351101516	1.168536416	1.879148813	1.876195243
2.299498747	0.3027194872	0.3537351559	1.168524561	1.893263662	1.89026873
2.316541353	0.3049865507	0.3563807219	1.16851291	1.907442297	1.904405947
2.33358396	0.3072638131	0.3590382139	1.168501459	1.921684717	1.918606893
2.350626566	0.3095512742	0.361707632	1.168490206	1.935990921	1.93287157
2.367669173	0.3118489341	0.3643889761	1.168479146	1.950360911	1.947199976
2.384711779	0.3141567928	0.3670822463	1.168468277	1.964794687	1.961592111
2.401754386	0.3164748503	0.3697874425	1.168457595	1.979292247	1.976047977
2.418796992	0.3188031066	0.3725045648	1.168447098	1.993853592	1.990567572
2.435839599	0.3211415616	0.3752336132	1.168436783	2.008478723	2.005150897
2.452882206	0.3234902155	0.3779745876	1.168426646	2.023167639	2.019797952
2.469924812	0.3258490682	0.380727488	1.168416685	2.03792034	2.034508737
2.486967419	0.3282181197	0.3834923146	1.168406896	2.052736826	2.049283251
2.504010025	0.3305973699	0.3862690671	1.168397278	2.067617097	2.064121495
2.521052632	0.332986819	0.3890577458	1.168387827	2.082561153	2.079023469
2.538095238	0.3353864668	0.3918583505	1.16837854	2.097568995	2.093989172
2.555137845	0.3377963135	0.3946708812	1.168369415	2.112640621	2.109018605
2.572180451	0.3402163589	0.397495338	1.168360449	2.127776033	2.124111768
2.589223058	0.3426466032	0.4003317209	1.16835164	2.14297523	2.139268661
2.606265664	0.3450870462	0.4031800298	1.168342985	2.158238212	2.154489284
2.623308271	0.347537688	0.4060402647	1.168334482	2.173564979	2.169773636
2.640350877	0.3499985286	0.4089124258	1.168326128	2.188955532	2.185121718
2.657393484	0.352469568	0.4117965128	1.168317921	2.204409869	2.20053353
2.67443609	0.3549508062	0.414692526	1.168309858	2.219927992	2.216009071
2.691478697	0.3574422432	0.4176004652	1.168301937	2.2355099	2.231548342
2.708521303	0.359943879	0.4205203304	1.168294156	2.251155593	2.247151343
2.72556391	0.3624557136	0.4234521217	1.168286513	2.266865071	2.262818074
2.742606516	0.364977747	0.4263958391	1.168279005	2.282638334	2.278548534
2.759649123	0.3675099792	0.4293514825	1.16827163	2.298475382	2.294342725
2.776691729	0.3700524102	0.432319052	1.168264387	2.314376216	2.310200644
2.793734336	0.3726050399	0.4352985475	1.168257272	2.330340835	2.326122294
2.810776942	0.3751678685	0.4382899691	1.168250284	2.346369238	2.342107674
2.827819549	0.3777408959	0.4412933167	1.168243422	2.362461427	2.358156783
2.844862155	0.380324122	0.4443085904	1.168236682	2.378617402	2.374269622
2.861904762	0.382917547	0.4473357902	1.168230063	2.394837161	2.39044619
2.878947368	0.3855211707	0.450374916	1.168223564	2.411120705	2.406686489
2.895989975	0.3881349932	0.4534259679	1.168217182	2.427468035	2.422990517
2.913032581	0.3907590146	0.4564889458	1.168210915	2.44387915	2.439358275
2.930075188	0.3933932347	0.4595638498	1.168204761	2.460354049	2.455789762
2.947117794	0.3960376536	0.4626506798	1.168198719	2.476892734	2.47228498
2.964160401	0.3986922713	0.4657494359	1.168192788	2.493495205	2.488843927
2.981203008	0.4013570878	0.468860118	1.168186964	2.51016146	2.505466604
2.998245614	0.4040321031	0.4719827262	1.168181247	2.5268915	2.52215301
3.015288221	0.4067173172	0.4751172605	1.168175635	2.543685326	2.538903147
3.032330827	0.4094127301	0.4782637208	1.168170127	2.560542937	2.555717013
3.049373434	0.4121183418	0.4814221072	1.16816472	2.577464333	2.572594609
3.06641604	0.4148341523	0.4845924196	1.168159413	2.594449514	2.589535934
3.083458647	0.4175601615	0.4877746581	1.168154204	2.61149848	2.606540989
3.100501253	0.4202963696	0.4909688226	1.168149092	2.628611231	2.623609775
3.11754386	0.4230427765	0.4941749132	1.168144076	2.645787768	2.640742289
3.134586466	0.4257993821	0.4973929299	1.168139154	2.663028089	2.657938534
3.151629073	0.4285661866	0.5006228726	1.168134324	2.680332196	2.675198508
3.168671679	0.4313431898	0.5038647414	1.168129585	2.697700088	2.692522212
3.185714286	0.4341303919	0.5071185362	1.168124936	2.715131765	2.709909646
3.202756892	0.4369277927	0.5103842571	1.168120375	2.732627227	2.72736081
3.219799499	0.4397353923	0.513661904	1.168115901	2.750186475	2.744875703
3.236842105	0.4425531908	0.516951477	1.168111512	2.767809507	2.762454326
3.253884712	0.445381188	0.520252976	1.168107208	2.785496325	2.780096679
3.270927318	0.448219384	0.5235664011	1.168102987	2.803246928	2.797802761
3.287969925	0.4510677788	0.5268917523	1.168098847	2.821061316	2.815572573
3.305012531	0.4539263724	0.5302290295	1.168094787	2.838939489	2.833406115
3.322055138	0.4567951648	0.5335782328	1.168090807	2.856881447	2.851303387
3.339097744	0.459674156	0.5369393621	1.168086905	2.87488719	2.869264389
3.356140351	0.462563346	0.5403124175	1.168083079	2.892956719	2.88728912
3.373182957	0.4654627348	0.5436973989	1.168079329	2.911090033	2.905377581
3.390225564	0.4683723223	0.5470943064	1.168075653	2.929287131	2.923529771
3.40726817	0.4712921087	0.5505031399	1.168072051	2.947548015	2.941745692
3.424310777	0.4742220939	0.5539238996	1.16806852	2.965872684	2.960025342
3.441353383	0.4771622778	0.5573565852	1.168065061	2.984261139	2.978368722
3.45839599	0.4801126606	0.5608011969	1.168061672	3.002713378	2.996775832
3.475438596	0.4830732421	0.5642577347	1.168058351	3.021229403	3.015246671
3.492481203	0.4860440225	0.5677261985	1.168055098	3.039809212	3.03378124
3.50952381	0.4890250016	0.5712065884	1.168051913	3.058452807	3.052379539
3.526566416	0.4920161795	0.5746989044	1.168048792	3.077160187	3.071041568
3.543609023	0.4950175563	0.5782031464	1.168045737	3.095931352	3.089767326
3.560651629	0.4980291318	0.5817193144	1.168042745	3.114766303	3.108556815
3.577694236	0.5010509061	0.5852474085	1.168039817	3.133665038	3.127410032
3.594736842	0.5040828792	0.5887874287	1.16803695	3.152627559	3.14632698
3.611779449	0.5071250511	0.5923393749	1.168034144	3.171653865	3.165307657
3.628822055	0.5101774218	0.5959032472	1.168031398	3.190743955	3.184352065
3.645864662	0.5132399913	0.5994790455	1.168028711	3.209897831	3.203460202
3.662907268	0.5163127596	0.6030667699	1.168026083	3.229115493	3.222632068
3.679949875	0.5193957267	0.6066664204	1.168023511	3.248396939	3.241867664
3.696992481	0.5224888925	0.6102779969	1.168020996	3.26774217	3.261166991
3.714035088	0.5255922572	0.6139014994	1.168018537	3.287151187	3.280530046
3.731077694	0.5287058207	0.6175369281	1.168016133	3.306623989	3.299956832
3.748120301	0.5318295829	0.6211842827	1.168013782	3.326160576	3.319447347
3.765162907	0.534963544	0.6248435635	1.168011485	3.345760948	3.339001592
3.782205514	0.5381077038	0.6285147702	1.16800924	3.365425105	3.358619567
3.79924812	0.5412620625	0.6321979031	1.168007047	3.385153047	3.378301272
3.816290727	0.5444266199	0.635892962	1.168004904	3.404944775	3.398046706
3.833333333	0.5476013761	0.6395999469	1.168002812	3.424800288	3.41785587
3.85037594	0.5507863312	0.6433188579	1.168000768	3.444719585	3.437728764
3.867418546	0.553981485	0.647049695	1.167998774	3.464702668	3.457665388
3.884461153	0.5571868376	0.6507924581	1.167996827	3.484749536	3.477665741
3.901503759	0.560402389	0.6545471473	1.167994927	3.50486019	3.497729824
3.918546366	0.5636281392	0.6583137625	1.167993073	3.525034628	3.517857637
3.935588972	0.5668640882	0.6620923038	1.167991266	3.545272852	3.538049179
3.952631579	0.570110236	0.6658827712	1.167989503	3.56557486	3.558304452
3.969674185	0.5733665826	0.6696851646	1.167987785	3.585940654	3.578623454
3.986716792	0.576633128	0.673499484	1.16798611	3.606370233	3.599006185
4.003759398	0.5799098721	0.6773257296	1.167984478	3.626863597	3.619452647
4.020802005	0.5831968151	0.6811639011	1.167982889	3.647420746	3.639962838
4.037844612	0.5864939569	0.6850139988	1.167981342	3.668041681	3.660536759
4.054887218	0.5898012974	0.6888760224	1.167979836	3.6887264	3.68117441
4.071929825	0.5931188368	0.6927499722	1.16797837	3.709474905	3.70187579
4.088972431	0.5964465749	0.696635848	1.167976944	3.730287195	3.7226409
4.106015038	0.5997845119	0.7005336498	1.167975558	3.75116327	3.74346974
4.123057644	0.6031326476	0.7044433777	1.16797421	3.77210313	3.76436231
4.140100251	0.6064909822	0.7083650317	1.167972901	3.793106775	3.78531861
4.157142857	0.6098595155	0.7122986117	1.167971629	3.814174206	3.806338639
4.174185464	0.6132382476	0.7162441178	1.167970394	3.835305422	3.827422398
4.19122807	0.6166271785	0.7202015499	1.167969196	3.856500422	3.848569886
4.208270677	0.6200263082	0.7241709081	1.167968034	3.877759208	3.869781105
4.225313283	0.6234356367	0.7281521923	1.167966907	3.899081779	3.891056053
4.24235589	0.626855164	0.7321454026	1.167965815	3.920468135	3.912394731
4.259398496	0.6302848901	0.736150539	1.167964758	3.941918277	3.933797139
4.276441103	0.633724815	0.7401676014	1.167963734	3.963432203	3.955263276
4.293483709	0.6371749387	0.7441965899	1.167962744	3.985009915	3.976793143
4.310526316	0.6406352612	0.7482375044	1.167961787	4.006651412	3.99838674
4.327568922	0.6441057824	0.752290345	1.167960862	4.028356693	4.020044067
4.344611529	0.6475865025	0.7563551116	1.167959969	4.050125761	4.041765123
4.361654135	0.6510774214	0.7604318043	1.167959108	4.071958613	4.063549909
4.378696742	0.654578539	0.7645204231	1.167958278	4.09385525	4.085398425
4.395739348	0.6580898555	0.7686209679	1.167957478	4.115815673	4.107310671
4.412781955	0.6616113707	0.7727334387	1.167956708	4.13783988	4.129286646
4.429824561	0.6651430847	0.7768578357	1.167955968	4.159927873	4.151326351
4.446867168	0.6686849976	0.7809941586	1.167955258	4.182079651	4.173429786
4.463909774	0.6722371092	0.7851424077	1.167954576	4.204295214	4.195596951
4.480952381	0.6757994196	0.7893025827	1.167953922	4.226574562	4.217827845
4.497994987	0.6793719288	0.7934746839	1.167953297	4.248917696	4.240122469
4.515037594	0.6829546369	0.7976587111	1.167952699	4.271324614	4.262480823
4.532080201	0.6865475437	0.8018546643	1.167952128	4.293795318	4.284902906
4.549122807	0.6901506493	0.8060625436	1.167951583	4.316329807	4.30738872
4.566165414	0.6937639536	0.810282349	1.167951066	4.338928081	4.329938263
4.58320802	0.6973874568	0.8145140804	1.167950574	4.36159014	4.352551536
4.600250627	0.7010211588	0.8187577379	1.167950108	4.384315984	4.375228538
4.617293233	0.7046650596	0.8230133215	1.167949667	4.407105614	4.39796927
4.63433584	0.7083191592	0.827280831	1.16794925	4.429959028	4.420773733
4.651378446	0.7119834575	0.8315602667	1.167948859	4.452876228	4.443641924
4.668421053	0.7156579547	0.8358516284	1.167948491	4.475857213	4.466573846
4.685463659	0.7193426506	0.8401549162	1.167948147	4.498901983	4.489569497
4.702506266	0.7230375454	0.84447013	1.167947827	4.522010538	4.512628878
4.719548872	0.7267426389	0.8487972698	1.16794753	4.545182878	4.535751989
4.736591479	0.7304579313	0.8531363358	1.167947255	4.568419004	4.558938829
4.753634085	0.7341834224	0.8574873278	1.167947003	4.591718914	4.5821894
4.770676692	0.7379191123	0.8618502458	1.167946773	4.61508261	4.6055037
4.787719298	0.7416650011	0.8662250899	1.167946564	4.638510091	4.628881729
4.804761905	0.7454210886	0.87061186	1.167946377	4.662001357	4.652323489
4.821804511	0.7491873749	0.8750105562	1.167946212	4.685556408	4.675828978
4.838847118	0.75296386	0.8794211785	1.167946067	4.709175244	4.699398197
4.855889724	0.7567505439	0.8838437268	1.167945942	4.732857866	4.723031146
4.872932331	0.7605474266	0.8882782012	1.167945838	4.756604272	4.746727824
4.889974937	0.7643545081	0.8927246016	1.167945753	4.780414464	4.770488232
4.907017544	0.7681717884	0.8971829281	1.167945688	4.804288441	4.79431237
4.92406015	0.7719992674	0.9016531807	1.167945643	4.828226203	4.818200238
4.941102757	0.7758369453	0.9061353593	1.167945616	4.85222775	4.842151835
4.958145363	0.779684822	0.9106294639	1.167945609	4.876293083	4.866167163
4.97518797	0.7835428974	0.9151354946	1.167945619	4.9004222	4.890246219
4.992230576	0.7874111717	0.9196534514	1.167945648	4.924615103	4.914389006
5.009273183	0.7912896447	0.9241833342	1.167945695	4.948871791	4.938595523
5.026315789	0.7951783166	0.9287251431	1.16794576	4.973192263	4.962865769
5.043358396	0.7990771872	0.9332788781	1.167945842	4.997576522	4.987199745
5.060401003	0.8029862566	0.9378445391	1.167945941	5.022024565	5.01159745
5.077443609	0.8069055249	0.9424221261	1.167946057	5.046536393	5.036058886
5.094486216	0.8108349919	0.9470116392	1.16794619	5.071112007	5.060584051
5.111528822	0.8147746577	0.9516130784	1.167946339	5.095751405	5.085172946
5.128571429	0.8187245223	0.9562264436	1.167946504	5.120454589	5.10982557
5.145614035	0.8226845857	0.9608517349	1.167946685	5.145221558	5.134541925
5.162656642	0.8266548479	0.9654889522	1.167946882	5.170052312	5.159322009
5.179699248	0.8306353089	0.9701380956	1.167947094	5.194946852	5.184165823
5.196741855	0.8346259687	0.974799165	1.167947322	5.219905176	5.209073366
5.213784461	0.8386268273	0.9794721605	1.167947565	5.244927286	5.234044639
5.230827068	0.8426378847	0.9841570821	1.167947822	5.27001318	5.259079643
5.247869674	0.8466591408	0.9888539297	1.167948094	5.29516286	5.284178375
5.264912281	0.8506905958	0.9935627034	1.16794838	5.320376325	5.309340838
5.281954887	0.8547322496	0.9982834031	1.167948681	5.345653575	5.33456703
5.298997494	0.8587841021	1.003016029	1.167948995	5.37099461	5.359856952
5.3160401	0.8628461535	1.007760581	1.167949323	5.396399431	5.385210604
5.333082707	0.8669184036	1.012517059	1.167949664	5.421868037	5.410627986
5.350125313	0.8710008526	1.017285463	1.167950019	5.447400427	5.436109097
5.36716792	0.8750935003	1.022065793	1.167950387	5.472996603	5.461653938
5.384210526	0.8791963468	1.026858049	1.167950768	5.498656564	5.487262509
5.401253133	0.8833093921	1.031662231	1.167951162	5.52438031	5.512934809
5.418295739	0.8874326363	1.036478339	1.167951568	5.550167842	5.538670839
5.435338346	0.8915660792	1.041306373	1.167951986	5.576019158	5.564470599
5.452380952	0.8957097209	1.046146333	1.167952417	5.60193426	5.590334089
5.469423559	0.8998635614	1.05099822	1.16795286	5.627913146	5.616261309
5.486466165	0.9040276007	1.055862032	1.167953314	5.653955818	5.642252258
5.503508772	0.9082018388	1.060737771	1.16795378	5.680062275	5.668306937
5.520551378	0.9123862757	1.065625435	1.167954257	5.706232518	5.694425346
5.537593985	0.9165809113	1.070525026	1.167954746	5.732466545	5.720607484
5.554636591	0.9207857458	1.075436542	1.167955246	5.758764357	5.746853352
5.571679198	0.9250007791	1.080359985	1.167955757	5.785125955	5.77316295
5.588721805	0.9292260111	1.085295354	1.167956278	5.811551338	5.799536278
5.605764411	0.933461442	1.090242649	1.167956811	5.838040506	5.825973335
5.622807018	0.9377070716	1.095201869	1.167957353	5.864593459	5.852474123
5.639849624	0.9419629001	1.100173016	1.167957906	5.891210197	5.87903864
5.656892231	0.9462289273	1.105156089	1.167958469	5.917890721	5.905666886
5.673934837	0.9505051534	1.110151088	1.167959042	5.944635029	5.932358863
5.690977444	0.9547915782	1.115158013	1.167959625	5.971443123	5.959114569
5.70802005	0.9590882018	1.120176864	1.167960217	5.998315002	5.985934005
5.725062657	0.9633950242	1.125207642	1.167960819	6.025250665	6.01281717
5.742105263	0.9677120454	1.130250345	1.16796143	6.052250115	6.039764066
5.75914787	0.9720392654	1.135304974	1.167962051	6.079313349	6.066774691
5.776190476	0.9763766842	1.140371529	1.167962681	6.106440368	6.093849046
5.793233083	0.9807243018	1.145450011	1.167963319	6.133631173	6.120987131
5.810275689	0.9850821182	1.150540418	1.167963967	6.160885763	6.148188945
5.827318296	0.9894501334	1.155642752	1.167964623	6.188204137	6.175454489
5.844360902	0.9938283474	1.160757011	1.167965287	6.215586297	6.202783763
5.861403509	0.9982167602	1.165883197	1.167965961	6.243032242	6.230176766
5.878446115	1.002615372	1.171021309	1.167966642	6.270541973	6.2576335
5.895488722	1.007024182	1.176171347	1.167967331	6.298115488	6.285153963
5.912531328	1.011443191	1.18133331	1.167968029	6.325752789	6.312738156
5.929573935	1.015872399	1.1865072	1.167968734	6.353453875	6.340386078
5.946616541	1.020311806	1.191693016	1.167969447	6.381218745	6.368097731
5.963659148	1.024761411	1.196890758	1.167970168	6.409047401	6.395873113
5.980701754	1.029221216	1.202100426	1.167970896	6.436939843	6.423712225
5.997744361	1.033691219	1.20732202	1.167971632	6.464896069	6.451615066
6.014786967	1.038171421	1.21255554	1.167972375	6.49291608	6.479581637
6.031829574	1.042661822	1.217800987	1.167973125	6.520999877	6.507611938
6.04887218	1.047162421	1.223058359	1.167973883	6.549147459	6.535705969
6.065914787	1.051673219	1.228327657	1.167974647	6.577358826	6.56386373
6.082957393	1.056194217	1.233608881	1.167975418	6.605633978	6.59208522
6.1	1.060725412	1.238902032	1.167976196	6.633972915	6.62037044
