# VHH-NNLO scan points
# process: WplusHH
# energy_tev: 13.6
# scan_axis: kappa_w
# scan_x_key: kappa_w
# vmin: 0.85
# vmax: 1.2
# n_points: 400
# fixed_kappa: 1,1,1
#
kappa_w	sigma_lo	sigma_nnlo	k	sigma_heft_over_sm_lo	sigma_heft_over_sm_nnlo
0.85	0.2574249256	0.3109051668	1.207750827	0.8675816863	0.868566157
0.850877193	0.2576063987	0.311121292	1.207738991	0.8681932928	0.8691699393
0.851754386	0.2577883612	0.3113380144	1.207727195	0.8688065486	0.8697753898
0.8526315789	0.2579708144	0.3115553355	1.20771544	0.8694214583	0.8703825132
0.8535087719	0.2581537597	0.3117732571	1.207703725	0.8700380264	0.870991314
0.8543859649	0.2583371984	0.3119917808	1.20769205	0.8706562573	0.8716017969
0.8552631579	0.2585211319	0.3122109082	1.207680416	0.8712761557	0.8722139664
0.8561403509	0.2587055614	0.312430641	1.207668824	0.8718977261	0.8728278272
0.8570175439	0.2588904884	0.3126509809	1.207657272	0.8725209729	0.8734433839
0.8578947368	0.2590759142	0.3128719295	1.207645761	0.8731459007	0.8740606411
0.8587719298	0.25926184	0.3130934884	1.207634291	0.873772514	0.8746796034
0.8596491228	0.2594482674	0.3133156594	1.207622863	0.8744008174	0.8753002756
0.8605263158	0.2596351976	0.313538444	1.207611475	0.8750308155	0.8759226622
0.8614035088	0.2598226319	0.313761844	1.20760013	0.8756625127	0.8765467678
0.8622807018	0.2600105718	0.313985861	1.207588825	0.8762959136	0.8771725972
0.8631578947	0.2601990185	0.3142104967	1.207577563	0.8769310229	0.8778001549
0.8640350877	0.2603879735	0.3144357527	1.207566342	0.877567845	0.8784294457
0.8649122807	0.2605774381	0.3146616307	1.207555163	0.8782063846	0.8790604742
0.8657894737	0.2607674136	0.3148881325	1.207544026	0.8788466462	0.8796932451
0.8666666667	0.2609579015	0.3151152595	1.207532931	0.8794886343	0.880327763
0.8675438596	0.261148903	0.3153430137	1.207521878	0.8801323537	0.8809640326
0.8684210526	0.2613404195	0.3155713965	1.207510867	0.8807778089	0.8816020587
0.8692982456	0.2615324525	0.3158004098	1.207499898	0.8814250044	0.8822418459
0.8701754386	0.2617250032	0.3160300551	1.207488972	0.8820739449	0.882883399
0.8710526316	0.261918073	0.3162603341	1.207478088	0.882724635	0.8835267225
0.8719298246	0.2621116633	0.3164912487	1.207467247	0.8833770793	0.8841718213
0.8728070175	0.2623057756	0.3167228003	1.207456449	0.8840312825	0.8848187
0.8736842105	0.262500411	0.3169549908	1.207445693	0.884687249	0.8854673633
0.8745614035	0.2626955711	0.3171878218	1.207434981	0.8853449837	0.8861178161
0.8754385965	0.2628912571	0.317421295	1.207424311	0.8860044911	0.8867700629
0.8763157895	0.2630874705	0.3176554121	1.207413684	0.8866657758	0.8874241086
0.8771929825	0.2632842127	0.3178901748	1.207403101	0.8873288425	0.8880799579
0.8780701754	0.263481485	0.3181255847	1.20739256	0.8879936958	0.8887376154
0.8789473684	0.2636792888	0.3183616437	1.207382063	0.8886603404	0.8893970861
0.8798245614	0.2638776254	0.3185983534	1.20737161	0.889328781	0.8900583746
0.8807017544	0.2640764964	0.3188357154	1.2073612	0.8899990222	0.8907214857
0.8815789474	0.264275903	0.3190737316	1.207350833	0.8906710687	0.8913864241
0.8824561404	0.2644758466	0.3193124036	1.20734051	0.8913449251	0.8920531946
0.8833333333	0.2646763287	0.3195517331	1.207330231	0.8920205962	0.8927218021
0.8842105263	0.2648773506	0.3197917218	1.207319996	0.8926980865	0.8933922512
0.8850877193	0.2650789137	0.3200323715	1.207309805	0.8933774009	0.8940645467
0.8859649123	0.2652810194	0.3202736838	1.207299658	0.894058544	0.8947386935
0.8868421053	0.2654836691	0.3205156606	1.207289554	0.8947415205	0.8954146964
0.8877192982	0.2656868642	0.3207583034	1.207279496	0.8954263351	0.8960925601
0.8885964912	0.2658906061	0.321001614	1.207269481	0.8961129925	0.8967722895
0.8894736842	0.2660948962	0.3212455941	1.207259511	0.8968014975	0.8974538893
0.8903508772	0.2662997358	0.3214902455	1.207249585	0.8974918546	0.8981373644
0.8912280702	0.2665051265	0.3217355699	1.207239704	0.8981840688	0.8988227196
0.8921052632	0.2667110695	0.321981569	1.207229867	0.8988781447	0.8995099597
0.8929824561	0.2669175664	0.3222282446	1.207220075	0.8995740869	0.9001990895
0.8938596491	0.2671246185	0.3224755983	1.207210328	0.9002719004	0.900890114
0.8947368421	0.2673322271	0.322723632	1.207200626	0.9009715898	0.9015830379
0.8956140351	0.2675403938	0.3229723472	1.207190969	0.9016731598	0.9022778661
0.8964912281	0.26774912	0.3232217459	1.207181357	0.9023766153	0.9029746034
0.8973684211	0.267958407	0.3234718297	1.20717179	0.903081961	0.9036732547
0.898245614	0.2681682562	0.3237226003	1.207162268	0.9037892016	0.9043738248
0.899122807	0.2683786691	0.3239740595	1.207152791	0.9044983419	0.9050763187
0.9	0.2685896471	0.3242262091	1.20714336	0.9052093867	0.9057807412
0.900877193	0.2688011916	0.3244790507	1.207133974	0.9059223407	0.9064870971
0.901754386	0.2690133041	0.3247325862	1.207124634	0.9066372089	0.9071953914
0.9026315789	0.2692259859	0.3249868173	1.207115339	0.9073539958	0.9079056289
0.9035087719	0.2694392385	0.3252417457	1.20710609	0.9080727064	0.9086178145
0.9043859649	0.2696530632	0.3254973733	1.207096887	0.9087933455	0.9093319532
0.9052631579	0.2698674616	0.3257537016	1.20708773	0.9095159178	0.9100480498
0.9061403509	0.2700824351	0.3260107326	1.207078618	0.9102404281	0.9107661093
0.9070175439	0.270297985	0.3262684679	1.207069553	0.9109668814	0.9114861365
0.9078947368	0.2705141128	0.3265269094	1.207060534	0.9116952823	0.9122081364
0.9087719298	0.27073082	0.3267860587	1.20705156	0.9124256357	0.9129321139
0.9096491228	0.2709481079	0.3270459177	1.207042633	0.9131579464	0.913658074
0.9105263158	0.2711659781	0.3273064881	1.207033753	0.9138922194	0.9143860214
0.9114035088	0.2713844319	0.3275677717	1.207024918	0.9146284593	0.9151159613
0.9122807018	0.2716034708	0.3278297702	1.20701613	0.9153666712	0.9158478986
0.9131578947	0.2718230962	0.3280924855	1.207007389	0.9161068597	0.9165818381
0.9140350877	0.2720433095	0.3283559193	1.206998694	0.9168490298	0.9173177849
0.9149122807	0.2722641123	0.3286200733	1.206990046	0.9175931863	0.9180557439
0.9157894737	0.2724855059	0.3288849494	1.206981444	0.9183393342	0.9187957201
0.9166666667	0.2727074919	0.3291505494	1.206972889	0.9190874782	0.9195377184
0.9175438596	0.2729300715	0.3294168749	1.206964381	0.9198376232	0.9202817439
0.9184210526	0.2731532463	0.3296839279	1.20695592	0.9205897742	0.9210278015
0.9192982456	0.2733770178	0.32995171	1.206947506	0.9213439359	0.9217758961
0.9201754386	0.2736013874	0.3302202231	1.20693914	0.9221001134	0.9225260328
0.9210526316	0.2738263565	0.3304894689	1.20693082	0.9228583115	0.9232782167
0.9219298246	0.2740519266	0.3307594493	1.206922547	0.923618535	0.9240324525
0.9228070175	0.2742780992	0.3310301661	1.206914322	0.924380789	0.9247887455
0.9236842105	0.2745048756	0.3313016209	1.206906144	0.9251450783	0.9255471006
0.9245614035	0.2747322575	0.3315738157	1.206898013	0.9259114078	0.9263075228
0.9254385965	0.2749602461	0.3318467522	1.20688993	0.9266797824	0.9270700171
0.9263157895	0.2751888431	0.3321204323	1.206881895	0.9274502071	0.9278345886
0.9271929825	0.2754180498	0.3323948577	1.206873907	0.9282226869	0.9286012423
0.9280701754	0.2756478677	0.3326700302	1.206865966	0.9289972265	0.9293699832
0.9289473684	0.2758782983	0.3329459516	1.206858073	0.9297738311	0.9301408164
0.9298245614	0.276109343	0.3332226238	1.206850229	0.9305525055	0.9309137469
0.9307017544	0.2763410034	0.3335000485	1.206842432	0.9313332546	0.9316887798
0.9315789474	0.2765732809	0.3337782276	1.206834682	0.9321160835	0.9324659201
0.9324561404	0.2768061769	0.3340571629	1.206826981	0.9329009971	0.9332451729
0.9333333333	0.277039693	0.3343368561	1.206819328	0.9336880004	0.9340265433
0.9342105263	0.2772738305	0.3346173091	1.206811723	0.9344770983	0.9348100363
0.9350877193	0.2775085911	0.3348985238	1.206804166	0.9352682958	0.9355956571
0.9359649123	0.2777439761	0.3351805019	1.206796657	0.9360615979	0.9363834106
0.9368421053	0.2779799871	0.3354632453	1.206789197	0.9368570095	0.937173302
0.9377192982	0.2782166255	0.3357467558	1.206781785	0.9376545358	0.9379653364
0.9385964912	0.2784538928	0.3360310351	1.206774421	0.9384541816	0.9387595189
0.9394736842	0.2786917904	0.3363160852	1.206767105	0.939255952	0.9395558546
0.9403508772	0.27893032	0.3366019079	1.206759838	0.9400598519	0.9403543486
0.9412280702	0.279169483	0.336888505	1.20675262	0.9408658865	0.941155006
0.9421052632	0.2794092807	0.3371758783	1.20674545	0.9416740606	0.9419578319
0.9429824561	0.2796497149	0.3374640297	1.206738329	0.9424843794	0.9427628315
0.9438596491	0.2798907868	0.3377529609	1.206731257	0.9432968478	0.9435700098
0.9447368421	0.2801324981	0.338042674	1.206724233	0.9441114709	0.9443793721
0.9456140351	0.2803748503	0.3383331705	1.206717258	0.9449282538	0.9451909235
0.9464912281	0.2806178447	0.3386244526	1.206710332	0.9457472014	0.946004669
0.9473684211	0.2808614829	0.3389165218	1.206703455	0.9465683188	0.9468206139
0.948245614	0.2811057665	0.3392093802	1.206696627	0.947391611	0.9476387634
0.949122807	0.2813506969	0.3395030296	1.206689848	0.9482170832	0.9484591225
0.95	0.2815962756	0.3397974717	1.206683117	0.9490447404	0.9492816964
0.950877193	0.2818425041	0.3400927085	1.206676436	0.9498745876	0.9501064903
0.951754386	0.282089384	0.3403887418	1.206669805	0.95070663	0.9509335095
0.9526315789	0.2823369167	0.3406855735	1.206663222	0.9515408725	0.951762759
0.9535087719	0.2825851037	0.3409832054	1.206656688	0.9523773203	0.9525942441
0.9543859649	0.2828339466	0.3412816394	1.206650204	0.9532159785	0.9534279699
0.9552631579	0.2830834468	0.3415808774	1.20664377	0.9540568522	0.9542639416
0.9561403509	0.2833336059	0.3418809211	1.206637384	0.9548999464	0.9551021645
0.9570175439	0.2835844254	0.3421817725	1.206631048	0.9557452663	0.9559426438
0.9578947368	0.2838359068	0.3424834334	1.206624762	0.9565928169	0.9567853846
0.9587719298	0.2840880516	0.3427859058	1.206618525	0.9574426034	0.9576303922
0.9596491228	0.2843408614	0.3430891914	1.206612337	0.9582946309	0.9584776719
0.9605263158	0.2845943376	0.3433932921	1.206606199	0.9591489046	0.9593272287
0.9614035088	0.2848484818	0.3436982099	1.206600111	0.9600054295	0.9601790681
0.9622807018	0.2851032955	0.3440039465	1.206594073	0.9608642107	0.9610331951
0.9631578947	0.2853587803	0.3443105039	1.206588084	0.9617252535	0.9618896151
0.9640350877	0.2856149376	0.344617884	1.206582145	0.962588563	0.9627483333
0.9649122807	0.2858717689	0.3449260886	1.206576256	0.9634541442	0.9636093549
0.9657894737	0.2861292759	0.3452351196	1.206570416	0.9643220025	0.9644726853
0.9666666667	0.28638746	0.3455449789	1.206564627	0.9651921428	0.9653383296
0.9675438596	0.2866463228	0.3458556684	1.206558887	0.9660645704	0.9662062932
0.9684210526	0.2869058658	0.3461671899	1.206553198	0.9669392905	0.9670765812
0.9692982456	0.2871660906	0.3464795454	1.206547558	0.9678163082	0.9679491991
0.9701754386	0.2874269986	0.3467927367	1.206541969	0.9686956288	0.9688241521
0.9710526316	0.2876885914	0.3471067658	1.206536429	0.9695772573	0.9697014455
0.9719298246	0.2879508706	0.3474216345	1.20653094	0.9704611989	0.9705810845
0.9728070175	0.2882138377	0.3477373448	1.206525501	0.971347459	0.9714630744
0.9736842105	0.2884774942	0.3480538985	1.206520111	0.9722360426	0.9723474207
0.9745614035	0.2887418417	0.3483712975	1.206514773	0.973126955	0.9732341285
0.9754385965	0.2890068818	0.3486895438	1.206509484	0.9740202013	0.9741232033
0.9763157895	0.2892726159	0.3490086392	1.206504246	0.9749157869	0.9750146502
0.9771929825	0.2895390456	0.3493285856	1.206499057	0.9758137169	0.9759084747
0.9780701754	0.2898061725	0.349649385	1.20649392	0.9767139965	0.9768046821
0.9789473684	0.2900739981	0.3499710393	1.206488832	0.9776166309	0.9777032777
0.9798245614	0.290342524	0.3502935503	1.206483795	0.9785216255	0.9786042669
0.9807017544	0.2906117518	0.3506169201	1.206478809	0.9794289854	0.9795076549
0.9815789474	0.2908816829	0.3509411504	1.206473873	0.9803387159	0.9804134472
0.9824561404	0.291152319	0.3512662433	1.206468987	0.9812508222	0.9813216491
0.9833333333	0.2914236615	0.3515922006	1.206464152	0.9821653096	0.982232266
0.9842105263	0.2916957122	0.3519190243	1.206459367	0.9830821833	0.9831453032
0.9850877193	0.2919684724	0.3522467162	1.206454633	0.9840014486	0.9840607661
0.9859649123	0.2922419439	0.3525752784	1.206449949	0.9849231108	0.9849786601
0.9868421053	0.2925161281	0.3529047127	1.206445317	0.9858471752	0.9858989906
0.9877192982	0.2927910266	0.3532350211	1.206440734	0.986773647	0.986821763
0.9885964912	0.293066641	0.3535662055	1.206436203	0.9877025314	0.9877469826
0.9894736842	0.2933429729	0.3538982678	1.206431722	0.9886338339	0.9886746548
0.9903508772	0.2936200238	0.35423121	1.206427291	0.9895675597	0.9896047851
0.9912280702	0.2938977953	0.354565034	1.206422912	0.9905037141	0.9905373788
0.9921052632	0.294176289	0.3548997417	1.206418583	0.9914423024	0.9914724414
0.9929824561	0.2944555064	0.3552353351	1.206414305	0.9923833299	0.9924099783
0.9938596491	0.2947354492	0.3555718161	1.206410078	0.9933268019	0.993349995
0.9947368421	0.2950161189	0.3559091867	1.206405901	0.9942727237	0.9942924967
0.9956140351	0.295297517	0.3562474488	1.206401775	0.9952211007	0.9952374891
0.9964912281	0.2955796452	0.3565866043	1.206397701	0.9961719382	0.9961849774
0.9973684211	0.2958625051	0.3569266553	1.206393677	0.9971252416	0.9971349673
0.998245614	0.2961460982	0.3572676036	1.206389703	0.9980810161	0.998087464
0.999122807	0.2964304261	0.3576094512	1.206385781	0.9990392671	0.9990424731
1	0.2967154905	0.3579522001	1.20638191	1	1
1.000877193	0.2970012928	0.3582958522	1.206378089	1.00096322	1.00096005
1.001754386	0.2972878347	0.3586404094	1.20637432	1.001928933	1.001922629
1.002631579	0.2975751178	0.3589858738	1.206370601	1.002897143	1.002887742
1.003508772	0.2978631436	0.3593322473	1.206366934	1.003867857	1.003855395
1.004385965	0.2981519139	0.3596795318	1.206363317	1.00484108	1.004825593
1.005263158	0.2984414301	0.3600277294	1.206359752	1.005816817	1.005798342
1.006140351	0.2987316938	0.360376842	1.206356237	1.006795073	1.006773647
1.007017544	0.2990227067	0.3607268715	1.206352773	1.007775854	1.007751514
1.007894737	0.2993144704	0.36107782	1.206349361	1.008759165	1.008731948
1.00877193	0.2996069864	0.3614296894	1.206345999	1.009745012	1.009714954
1.009649123	0.2999002564	0.3617824816	1.206342688	1.0107334	1.010700539
1.010526316	0.300194282	0.3621361987	1.206339429	1.011724334	1.011688708
1.011403509	0.3004890648	0.3624908426	1.20633622	1.01271782	1.012679466
1.012280702	0.3007846063	0.3628464154	1.206333063	1.013713864	1.013672818
1.013157895	0.3010809083	0.363202919	1.206329956	1.01471247	1.014668771
1.014035088	0.3013779722	0.3635603553	1.206326901	1.015713645	1.01566733
1.014912281	0.3016757998	0.3639187264	1.206323897	1.016717393	1.0166685
1.015789474	0.3019743926	0.3642780342	1.206320944	1.017723719	1.017672287
1.016666667	0.3022737522	0.3646382808	1.206318042	1.018732631	1.018678697
1.01754386	0.3025738803	0.3649994682	1.206315191	1.019744132	1.019687735
1.018421053	0.3028747786	0.3653615982	1.206312391	1.020758229	1.020699407
1.019298246	0.3031764485	0.365724673	1.206309642	1.021774927	1.021713717
1.020175439	0.3034788917	0.3660886945	1.206306944	1.02279423	1.022730673
1.021052632	0.3037821099	0.3664536647	1.206304297	1.023816146	1.023750279
1.021929825	0.3040861047	0.3668195856	1.206301702	1.024840679	1.024772541
1.022807018	0.3043908777	0.3671864593	1.206299157	1.025867835	1.025797465
1.023684211	0.3046964305	0.3675542877	1.206296664	1.026897618	1.026825055
1.024561404	0.3050027648	0.3679230728	1.206294222	1.027930036	1.027855319
1.025438596	0.3053098821	0.3682928166	1.206291831	1.028965093	1.028888261
1.026315789	0.3056177842	0.3686635212	1.20628949	1.030002794	1.029923887
1.027192982	0.3059264727	0.3690351886	1.206287201	1.031043146	1.030962202
1.028070175	0.3062359491	0.3694078207	1.206284964	1.032086153	1.032003213
1.028947368	0.3065462152	0.3697814196	1.206282777	1.033131822	1.033046925
1.029824561	0.3068572725	0.3701559873	1.206280641	1.034180157	1.034093343
1.030701754	0.3071691228	0.3705315259	1.206278556	1.035231165	1.035142474
1.031578947	0.3074817675	0.3709080373	1.206276522	1.03628485	1.036194322
1.03245614	0.3077952085	0.3712855235	1.20627454	1.037341219	1.037248894
1.033333333	0.3081094473	0.3716639866	1.206272608	1.038400277	1.038306194
1.034210526	0.3084244856	0.3720434287	1.206270728	1.039462029	1.03936623
1.035087719	0.3087403251	0.3724238517	1.206268898	1.040526481	1.040429006
1.035964912	0.3090569673	0.3728052577	1.20626712	1.041593638	1.041494528
1.036842105	0.3093744139	0.3731876487	1.206265392	1.042663507	1.042562802
1.037719298	0.3096926666	0.3735710267	1.206263716	1.043736093	1.043633833
1.038596491	0.3100117271	0.3739553938	1.20626209	1.0448114	1.044707628
1.039473684	0.3103315969	0.374340752	1.206260516	1.045889436	1.045784191
1.040350877	0.3106522778	0.3747271034	1.206258992	1.046970205	1.046863529
1.04122807	0.3109737713	0.37511445	1.206257519	1.048053713	1.047945647
1.042105263	0.3112960793	0.3755027938	1.206256098	1.049139965	1.049030551
1.042982456	0.3116192032	0.3758921369	1.206254727	1.050228968	1.050118247
1.043859649	0.3119431449	0.3762824813	1.206253407	1.051320726	1.05120874
1.044736842	0.3122679058	0.376673829	1.206252138	1.052415246	1.052302036
1.045614035	0.3125934878	0.3770661823	1.20625092	1.053512533	1.053398141
1.046491228	0.3129198925	0.3774595429	1.206249753	1.054612592	1.054497061
1.047368421	0.3132471215	0.3778539132	1.206248636	1.05571543	1.055598801
1.048245614	0.3135751766	0.378249295	1.206247571	1.056821051	1.056703367
1.049122807	0.3139040593	0.3786456904	1.206246556	1.057929462	1.057810765
1.05	0.3142337714	0.3790431016	1.206245592	1.059040668	1.058921
1.050877193	0.3145643145	0.3794415305	1.206244679	1.060154675	1.060034078
1.051754386	0.3148956903	0.3798409793	1.206243816	1.061271489	1.061150006
1.052631579	0.3152279005	0.3802414499	1.206243005	1.062391114	1.062268789
1.053508772	0.3155609468	0.3806429445	1.206242244	1.063513557	1.063390432
1.054385965	0.3158948308	0.3810454652	1.206241534	1.064638824	1.064514941
1.055263158	0.3162295543	0.3814490139	1.206240874	1.06576692	1.065642323
1.056140351	0.3165651188	0.3818535928	1.206240265	1.06689785	1.066772582
1.057017544	0.3169015262	0.382259204	1.206239707	1.068031621	1.067905726
1.057894737	0.317238778	0.3826658494	1.206239199	1.069168238	1.069041759
1.05877193	0.317576876	0.3830735313	1.206238742	1.070307706	1.070180687
1.059649123	0.3179158219	0.3834822517	1.206238335	1.071450033	1.071322516
1.060526316	0.3182556173	0.3838920126	1.206237979	1.072595222	1.072467253
1.061403509	0.318596264	0.3843028162	1.206237673	1.07374328	1.073614902
1.062280702	0.3189377636	0.3847146644	1.206237418	1.074894213	1.07476547
1.063157895	0.3192801178	0.3851275596	1.206237213	1.076048026	1.075918962
1.064035088	0.3196233283	0.3855415036	1.206237059	1.077204725	1.077075385
1.064912281	0.3199673969	0.3859564986	1.206236955	1.078364316	1.078234743
1.065789474	0.3203123252	0.3863725467	1.206236902	1.079526804	1.079397044
1.066666667	0.3206581149	0.38678965	1.206236898	1.080692196	1.080562293
1.06754386	0.3210047677	0.3872078105	1.206236946	1.081860496	1.081730495
1.068421053	0.3213522854	0.3876270305	1.206237043	1.083031711	1.082901657
1.069298246	0.3217006696	0.3880473119	1.20623719	1.084205847	1.084075784
1.070175439	0.3220499221	0.3884686569	1.206237388	1.085382909	1.085252882
1.071052632	0.3224000445	0.3888910676	1.206237636	1.086562902	1.086432958
1.071929825	0.3227510386	0.3893145461	1.206237934	1.087745834	1.087616017
1.072807018	0.323102906	0.3897390944	1.206238283	1.088931709	1.088802065
1.073684211	0.3234556485	0.3901647148	1.206238681	1.090120533	1.089991107
1.074561404	0.3238092679	0.3905914093	1.206239129	1.091312312	1.09118315
1.075438596	0.3241637657	0.39101918	1.206239628	1.092507052	1.0923782
1.076315789	0.3245191438	0.3914480291	1.206240176	1.093704758	1.093576262
1.077192982	0.3248754039	0.3918779586	1.206240774	1.094905437	1.094777343
1.078070175	0.3252325476	0.3923089707	1.206241422	1.096109095	1.095981449
1.078947368	0.3255905767	0.3927410675	1.20624212	1.097315736	1.097188584
1.079824561	0.3259494929	0.3931742512	1.206242868	1.098525367	1.098398756
1.080701754	0.326309298	0.3936085237	1.206243666	1.099737993	1.09961197
1.081578947	0.3266699937	0.3940438874	1.206244513	1.100953621	1.100828232
1.08245614	0.3270315816	0.3944803442	1.20624541	1.102172256	1.102047548
1.083333333	0.3273940636	0.3949178964	1.206246357	1.103393905	1.103269924
1.084210526	0.3277574414	0.395356546	1.206247353	1.104618572	1.104495365
1.085087719	0.3281217166	0.3957962953	1.206248399	1.105846264	1.105723879
1.085964912	0.3284868911	0.3962371462	1.206249494	1.107076987	1.106955471
1.086842105	0.3288529665	0.396679101	1.206250639	1.108310746	1.108190146
1.087719298	0.3292199446	0.3971221619	1.206251833	1.109547547	1.109427912
1.088596491	0.3295878272	0.3975663308	1.206253077	1.110787397	1.110668773
1.089473684	0.329956616	0.3980116101	1.20625437	1.1120303	1.111912736
1.090350877	0.3303263126	0.3984580017	1.206255713	1.113276264	1.113159806
1.09122807	0.330696919	0.398905508	1.206257105	1.114525293	1.114409991
1.092105263	0.3310684367	0.399354131	1.206258546	1.115777394	1.115663295
1.092982456	0.3314408676	0.3998038728	1.206260036	1.117032573	1.116919725
1.093859649	0.3318142134	0.4002547357	1.206261575	1.118290834	1.118179287
1.094736842	0.3321884758	0.4007067218	1.206263164	1.119552186	1.119441986
1.095614035	0.3325636567	0.4011598332	1.206264801	1.120816632	1.120707829
1.096491228	0.3329397577	0.4016140721	1.206266488	1.12208418	1.121976823
1.097368421	0.3333167806	0.4020694406	1.206268223	1.123354834	1.123248972
1.098245614	0.3336947272	0.402525941	1.206270007	1.124628602	1.124524283
1.099122807	0.3340735991	0.4029835753	1.20627184	1.125905488	1.125802761
1.1	0.3344533983	0.4034423458	1.206273722	1.127185499	1.127084414
1.100877193	0.3348341264	0.4039022545	1.206275653	1.128468641	1.128369247
1.101754386	0.3352157852	0.4043633038	1.206277633	1.12975492	1.129657266
1.102631579	0.3355983764	0.4048254956	1.206279661	1.131044341	1.130948477
1.103508772	0.3359819019	0.4052888323	1.206281737	1.132336911	1.132242887
1.104385965	0.3363663634	0.405753316	1.206283863	1.133632635	1.133540501
1.105263158	0.3367517626	0.4062189489	1.206286036	1.13493152	1.134841325
1.106140351	0.3371381013	0.4066857331	1.206288258	1.136233571	1.136145365
1.107017544	0.3375253814	0.4071536708	1.206290529	1.137538795	1.137452628
1.107894737	0.3379136045	0.4076227642	1.206292848	1.138847196	1.13876312
1.10877193	0.3383027724	0.4080930155	1.206295215	1.140158783	1.140076847
1.109649123	0.3386928869	0.4085644269	1.20629763	1.141473559	1.141393814
1.110526316	0.3390839499	0.4090370005	1.206300094	1.142791532	1.142714028
1.111403509	0.339475963	0.4095107386	1.206302605	1.144112707	1.144037496
1.112280702	0.339868928	0.4099856433	1.206305165	1.14543709	1.145364222
1.113157895	0.3402628468	0.4104617168	1.206307773	1.146764688	1.146694214
1.114035088	0.3406577211	0.4109389614	1.206310428	1.148095506	1.148027478
1.114912281	0.3410535526	0.4114173792	1.206313132	1.14942955	1.149364019
1.115789474	0.3414503433	0.4118969724	1.206315883	1.150766826	1.150703843
1.116666667	0.3418480948	0.4123777432	1.206318682	1.152107341	1.152046958
1.11754386	0.3422468089	0.4128596938	1.206321529	1.1534511	1.153393368
1.118421053	0.3426464875	0.4133428264	1.206324423	1.15479811	1.154743081
1.119298246	0.3430471323	0.4138271433	1.206327365	1.156148376	1.156096102
1.120175439	0.3434487452	0.4143126466	1.206330355	1.157501904	1.157452438
1.121052632	0.3438513278	0.4147993385	1.206333392	1.158858701	1.158812094
1.121929825	0.3442548821	0.4152872213	1.206336476	1.160218772	1.160175077
1.122807018	0.3446594098	0.4157762972	1.206339608	1.161582124	1.161541393
1.123684211	0.3450649126	0.4162665683	1.206342787	1.162948763	1.162911048
1.124561404	0.3454713925	0.4167580369	1.206346013	1.164318695	1.164284049
1.125438596	0.3458788512	0.4172507052	1.206349286	1.165691925	1.165660401
1.126315789	0.3462872905	0.4177445755	1.206352606	1.16706846	1.167040112
1.127192982	0.3466967123	0.4182396499	1.206355974	1.168448306	1.168423186
1.128070175	0.3471071182	0.4187359307	1.206359388	1.16983147	1.16980963
1.128947368	0.3475185102	0.4192334201	1.206362849	1.171217956	1.171199451
1.129824561	0.34793089	0.4197321203	1.206366357	1.172607771	1.172592654
1.130701754	0.3483442595	0.4202320336	1.206369912	1.174000922	1.173989246
1.131578947	0.3487586204	0.4207331621	1.206373513	1.175397415	1.175389234
1.13245614	0.3491739746	0.4212355082	1.206377161	1.176797255	1.176792622
1.133333333	0.3495903239	0.4217390741	1.206380856	1.178200448	1.178199419
1.134210526	0.35000767	0.4222438619	1.206384597	1.179607002	1.179609629
1.135087719	0.3504260149	0.422749874	1.206388384	1.181016921	1.181023259
1.135964912	0.3508453604	0.4232571125	1.206392218	1.182430212	1.182440316
1.136842105	0.3512657082	0.4237655797	1.206396098	1.183846882	1.183860805
1.137719298	0.3516870602	0.424275278	1.206400024	1.185266936	1.185284733
1.138596491	0.3521094182	0.4247862094	1.206403997	1.18669038	1.186712106
1.139473684	0.352532784	0.4252983762	1.206408015	1.188117221	1.188142931
1.140350877	0.3529571595	0.4258117808	1.206412079	1.189547465	1.189577214
1.14122807	0.3533825465	0.4263264253	1.20641619	1.190981118	1.19101496
1.142105263	0.3538089468	0.426842312	1.206420346	1.192418186	1.192456177
1.142982456	0.3542363623	0.4273594431	1.206424548	1.193858675	1.19390087
1.143859649	0.3546647947	0.427877821	1.206428795	1.195302592	1.195349046
1.144736842	0.355094246	0.4283974479	1.206433089	1.196749942	1.196800712
1.145614035	0.3555247179	0.428918326	1.206437427	1.198200732	1.198255873
1.146491228	0.3559562123	0.4294404575	1.206441812	1.199654968	1.199714536
1.147368421	0.356388731	0.4299638449	1.206446241	1.201112657	1.201176707
1.148245614	0.3568222759	0.4304884903	1.206450716	1.202573803	1.202642392
1.149122807	0.3572568488	0.4310143959	1.206455236	1.204038415	1.204111599
1.15	0.3576924515	0.4315415641	1.206459802	1.205506497	1.205584332
1.150877193	0.358129086	0.4320699972	1.206464412	1.206978057	1.207060599
1.151754386	0.358566754	0.4325996974	1.206469068	1.208453099	1.208540406
1.152631579	0.3590054574	0.4331306669	1.206473768	1.209931631	1.21002376
1.153508772	0.359445198	0.4336629081	1.206478513	1.211413659	1.211510665
1.154385965	0.3598859778	0.4341964232	1.206483303	1.212899189	1.21300113
1.155263158	0.3603277985	0.4347312146	1.206488138	1.214388227	1.21449516
1.156140351	0.3607706619	0.4352672845	1.206493017	1.21588078	1.215992762
1.157017544	0.3612145701	0.4358046351	1.206497941	1.217376853	1.217493942
1.157894737	0.3616595247	0.4363432689	1.20650291	1.218876454	1.218998706
1.15877193	0.3621055277	0.4368831879	1.206507922	1.220379587	1.220507062
1.159649123	0.362552581	0.4374243947	1.206512979	1.22188626	1.222019014
1.160526316	0.3630006863	0.4379668913	1.206518081	1.223396479	1.22353457
1.161403509	0.3634498456	0.4385106803	1.206523226	1.22491025	1.225053737
1.162280702	0.3639000607	0.4390557637	1.206528416	1.226427579	1.226576519
1.163157895	0.3643513335	0.439602144	1.206533649	1.227948473	1.228102925
1.164035088	0.3648036658	0.4401498234	1.206538927	1.229472938	1.22963296
1.164912281	0.3652570596	0.4406988042	1.206544248	1.23100098	1.231166631
1.165789474	0.3657115166	0.4412490887	1.206549613	1.232532606	1.232703944
1.166666667	0.3661670388	0.4418006793	1.206555021	1.234067821	1.234244905
1.16754386	0.3666236281	0.4423535783	1.206560473	1.235606633	1.235789522
1.168421053	0.3670812862	0.4429077878	1.206565969	1.237149047	1.2373378
1.169298246	0.3675400152	0.4434633104	1.206571508	1.23869507	1.238889746
1.170175439	0.3679998168	0.4440201482	1.20657709	1.240244708	1.240445367
1.171052632	0.3684606929	0.4445783036	1.206582716	1.241797967	1.242004669
1.171929825	0.3689226455	0.4451377789	1.206588385	1.243354855	1.243567657
1.172807018	0.3693856763	0.4456985764	1.206594097	1.244915376	1.24513434
1.173684211	0.3698497874	0.4462606985	1.206599851	1.246479538	1.246704723
1.174561404	0.3703149805	0.4468241474	1.206605649	1.248047347	1.248278813
1.175438596	0.3707812576	0.4473889255	1.206611489	1.249618808	1.249856616
1.176315789	0.3712486206	0.4479550351	1.206617373	1.25119393	1.251438139
1.177192982	0.3717170713	0.4485224786	1.206623298	1.252772717	1.253023388
1.178070175	0.3721866116	0.4490912582	1.206629267	1.254355177	1.25461237
1.178947368	0.3726572434	0.4496613763	1.206635277	1.255941316	1.256205092
1.179824561	0.3731289687	0.4502328352	1.206641331	1.257531139	1.257801559
1.180701754	0.3736017892	0.4508056373	1.206647426	1.259124654	1.259401778
1.181578947	0.374075707	0.4513797849	1.206653564	1.260721867	1.261005757
1.18245614	0.3745507239	0.4519552803	1.206659743	1.262322784	1.2626135
1.183333333	0.3750268418	0.4525321259	1.206665965	1.263927411	1.264225016
1.184210526	0.3755040626	0.453110324	1.206672228	1.265535756	1.26584031
1.185087719	0.3759823882	0.453689877	1.206678534	1.267147824	1.26745939
1.185964912	0.3764618205	0.4542707871	1.206684881	1.268763623	1.26908226
1.186842105	0.3769423615	0.4548530569	1.20669127	1.270383157	1.270708929
1.187719298	0.377424013	0.4554366885	1.2066977	1.272006434	1.272339403
1.188596491	0.3779067769	0.4560216844	1.206704172	1.273633461	1.273973688
1.189473684	0.3783906552	0.4566080468	1.206710685	1.275264243	1.27561179
1.190350877	0.3788756498	0.4571957783	1.20671724	1.276898787	1.277253718
1.19122807	0.3793617625	0.457784881	1.206723835	1.278537099	1.278899476
1.192105263	0.3798489953	0.4583753574	1.206730472	1.280179187	1.280549071
1.192982456	0.3803373501	0.4589672099	1.20673715	1.281825056	1.282202511
1.193859649	0.3808268289	0.4595604407	1.206743868	1.283474713	1.283859802
1.194736842	0.3813174335	0.4601550523	1.206750628	1.285128164	1.28552095
1.195614035	0.3818091659	0.460751047	1.206757428	1.286785416	1.287185962
1.196491228	0.3823020279	0.4613484272	1.206764269	1.288446476	1.288854845
1.197368421	0.3827960216	0.4619471953	1.20677115	1.290111349	1.290527604
1.198245614	0.3832911488	0.4625473536	1.206778072	1.291780042	1.292204248
1.199122807	0.3837874115	0.4631489045	1.206785034	1.293452563	1.293884782
1.2	0.3842848116	0.4637518503	1.206792036	1.295128916	1.295569214
