# VHH-NNLO scan points
# process: WplusHH
# energy_tev: 13.6
# scan_axis: kappa_2w
# scan_x_key: kappa_2w
# vmin: 0.7
# vmax: 1.3
# n_points: 400
# fixed_kappa: 1,1,1
#
kappa_2w	sigma_lo	sigma_nnlo	k	sigma_heft_over_sm_lo	sigma_heft_over_sm_nnlo
0.7	0.2060075797	0.2484823524	1.20618063	0.6942933092	0.6941774694
0.7015037594	0.2063887764	0.2489412507	1.2061763	0.6955780302	0.6954594794
0.7030075188	0.2067707134	0.249401054	1.206172044	0.6968652464	0.6967440178
0.7045112782	0.2071533907	0.2498617624	1.206167862	0.6981549578	0.6980310844
0.7060150376	0.2075368084	0.2503233757	1.206163753	0.6994471643	0.6993206793
0.707518797	0.2079209664	0.2507858941	1.206159717	0.7007418659	0.7006128026
0.7090225564	0.2083058648	0.2512493175	1.206155754	0.7020390627	0.7019074542
0.7105263158	0.2086915035	0.2517136459	1.206151863	0.7033387547	0.7032046341
0.7120300752	0.2090778826	0.2521788793	1.206148045	0.7046409417	0.7045043423
0.7135338346	0.209465002	0.2526450177	1.206144297	0.705945624	0.7058065788
0.715037594	0.2098528618	0.2531120611	1.206140621	0.7072528013	0.7071113436
0.7165413534	0.2102414619	0.2535800096	1.206137016	0.7085624739	0.7084186367
0.7180451128	0.2106308024	0.2540488631	1.206133482	0.7098746415	0.7097284582
0.7195488722	0.2110208832	0.2545186215	1.206130017	0.7111893044	0.7110408079
0.7210526316	0.2114117044	0.254989285	1.206126623	0.7125064623	0.712355686
0.722556391	0.2118032659	0.2554608536	1.206123298	0.7138261154	0.7136730924
0.7240601504	0.2121955678	0.2559333271	1.206120042	0.7151482637	0.7149930271
0.7255639098	0.21258861	0.2564067056	1.206116855	0.7164729071	0.7163154901
0.7270676692	0.2129823926	0.2568809892	1.206113736	0.7178000456	0.7176404814
0.7285714286	0.2133769155	0.2573561778	1.206110685	0.7191296793	0.7189680011
0.730075188	0.2137721788	0.2578322714	1.206107702	0.7204618082	0.720298049
0.7315789474	0.2141681824	0.25830927	1.206104787	0.7217964322	0.7216306253
0.7330827068	0.2145649263	0.2587871736	1.206101938	0.7231335513	0.7229657299
0.7345864662	0.2149624107	0.2592659822	1.206099157	0.7244731656	0.7243033627
0.7360902256	0.2153606353	0.2597456959	1.206096441	0.725815275	0.7256435239
0.737593985	0.2157596003	0.2602263145	1.206093792	0.7271598796	0.7269862134
0.7390977444	0.2161593057	0.2607078382	1.206091208	0.7285069793	0.7283314313
0.7406015038	0.2165597514	0.2611902669	1.20608869	0.7298565742	0.7296791774
0.7421052632	0.2169609374	0.2616736006	1.206086237	0.7312086642	0.7310294518
0.7436090226	0.2173628638	0.2621578393	1.206083848	0.7325632494	0.7323822546
0.745112782	0.2177655306	0.2626429831	1.206081524	0.7339203297	0.7337375857
0.7466165414	0.2181689377	0.2631290318	1.206079264	0.7352799052	0.7350954451
0.7481203008	0.2185730851	0.2636159856	1.206077068	0.7366419758	0.7364558328
0.7496240602	0.2189779729	0.2641038444	1.206074935	0.7380065415	0.7378187488
0.7511278195	0.2193836011	0.2645926082	1.206072865	0.7393736024	0.7391841931
0.7526315789	0.2197899696	0.265082277	1.206070857	0.7407431585	0.7405521657
0.7541353383	0.2201970784	0.2655728508	1.206068912	0.7421152097	0.7419226667
0.7556390977	0.2206049276	0.2660643297	1.206067029	0.743489756	0.7432956959
0.7571428571	0.2210135171	0.2665567135	1.206065208	0.7448667975	0.7446712535
0.7586466165	0.221422847	0.2670500024	1.206063448	0.7462463341	0.7460493394
0.7601503759	0.2218329173	0.2675441963	1.206061749	0.7476283659	0.7474299536
0.7616541353	0.2222437278	0.2680392952	1.206060111	0.7490128928	0.7488130961
0.7631578947	0.2226552788	0.2685352991	1.206058534	0.7503999149	0.7501987669
0.7646616541	0.2230675701	0.269032208	1.206057017	0.7517894321	0.751586966
0.7661654135	0.2234806017	0.269530022	1.206055559	0.7531814445	0.7529776935
0.7676691729	0.2238943737	0.2700287409	1.206054161	0.754575952	0.7543709492
0.7691729323	0.224308886	0.2705283649	1.206052822	0.7559729546	0.7557667333
0.7706766917	0.2247241387	0.2710288939	1.206051542	0.7573724524	0.7571650457
0.7721804511	0.2251401317	0.2715303279	1.20605032	0.7587744454	0.7585658864
0.7736842105	0.2255568651	0.2720326669	1.206049157	0.7601789335	0.7599692554
0.7751879699	0.2259743388	0.272535911	1.206048051	0.7615859167	0.7613751527
0.7766917293	0.2263925529	0.27304006	1.206047004	0.7629953951	0.7627835783
0.7781954887	0.2268115073	0.2735451141	1.206046013	0.7644073687	0.7641945323
0.7796992481	0.2272312021	0.2740510732	1.20604508	0.7658218374	0.7656080145
0.7812030075	0.2276516372	0.2745579373	1.206044203	0.7672388012	0.7670240251
0.7827067669	0.2280728127	0.2750657064	1.206043382	0.7686582602	0.768442564
0.7842105263	0.2284947285	0.2755743805	1.206042618	0.7700802143	0.7698636312
0.7857142857	0.2289173846	0.2760839597	1.206041909	0.7715046636	0.7712872267
0.7872180451	0.2293407811	0.2765944438	1.206041256	0.772931608	0.7727133505
0.7887218045	0.229764918	0.277105833	1.206040658	0.7743610475	0.7741420026
0.7902255639	0.2301897952	0.2776181272	1.206040115	0.7757929823	0.7755731831
0.7917293233	0.2306154128	0.2781313264	1.206039627	0.7772274121	0.7770068918
0.7932330827	0.2310417707	0.2786454306	1.206039193	0.7786643371	0.7784431289
0.7947368421	0.2314688689	0.2791604398	1.206038813	0.7801037573	0.7798818943
0.7962406015	0.2318967075	0.2796763541	1.206038486	0.7815456726	0.781323188
0.7977443609	0.2323252865	0.2801931734	1.206038213	0.782990083	0.78276701
0.7992481203	0.2327546058	0.2807108976	1.206037993	0.7844369886	0.7842133603
0.8007518797	0.2331846655	0.2812295269	1.206037826	0.7858863893	0.7856622389
0.8022556391	0.2336154655	0.2817490612	1.206037711	0.7873382852	0.7871136458
0.8037593985	0.2340470058	0.2822695006	1.206037649	0.7887926763	0.7885675811
0.8052631579	0.2344792865	0.2827908449	1.206037638	0.7902495624	0.7900240447
0.8067669173	0.2349123075	0.2833130942	1.206037679	0.7917089438	0.7914830365
0.8082706767	0.2353460689	0.2838362486	1.206037772	0.7931708202	0.7929445567
0.8097744361	0.2357805707	0.284360308	1.206037916	0.7946351918	0.7944086052
0.8112781955	0.2362158128	0.2848852724	1.20603811	0.7961020586	0.7958751821
0.8127819549	0.2366517952	0.2854111418	1.206038355	0.7975714205	0.7973442872
0.8142857143	0.237088518	0.2859379162	1.20603865	0.7990432776	0.7988159206
0.8157894737	0.2375259811	0.2864655957	1.206038995	0.8005176298	0.8002900824
0.8172932331	0.2379641846	0.2869941801	1.20603939	0.8019944771	0.8017667724
0.8187969925	0.2384031285	0.2875236696	1.206039835	0.8034738196	0.8032459908
0.8203007519	0.2388428126	0.2880540641	1.206040328	0.8049556573	0.8047277375
0.8218045113	0.2392832372	0.2885853636	1.20604087	0.8064399901	0.8062120125
0.8233082707	0.2397244021	0.2891175681	1.206041461	0.807926818	0.8076988158
0.8248120301	0.2401663073	0.2896506777	1.2060421	0.8094161411	0.8091881474
0.8263157895	0.2406089529	0.2901846922	1.206042787	0.8109079593	0.8106800074
0.8278195489	0.2410523388	0.2907196118	1.206043522	0.8124022727	0.8121743956
0.8293233083	0.2414964651	0.2912554363	1.206044305	0.8138990812	0.8136713122
0.8308270677	0.2419413317	0.2917921659	1.206045135	0.8153983849	0.8151707571
0.8323308271	0.2423869387	0.2923298005	1.206046011	0.8169001837	0.8166727303
0.8338345865	0.242833286	0.2928683402	1.206046935	0.8184044777	0.8181772318
0.8353383459	0.2432803737	0.2934077848	1.206047904	0.8199112668	0.8196842616
0.8368421053	0.2437282017	0.2939481344	1.20604892	0.8214205511	0.8211938197
0.8383458647	0.24417677	0.2944893891	1.206049982	0.8229323305	0.8227059061
0.8398496241	0.2446260788	0.2950315488	1.206051089	0.824446605	0.8242205209
0.8413533835	0.2450761278	0.2955746135	1.206052242	0.8259633747	0.825737664
0.8428571429	0.2455269172	0.2961185832	1.20605344	0.8274826396	0.8272573353
0.8443609023	0.245978447	0.2966634579	1.206054683	0.8290043996	0.828779535
0.8458646617	0.2464307171	0.2972092377	1.20605597	0.8305286547	0.830304263
0.8473684211	0.2468837276	0.2977559224	1.206057302	0.832055405	0.8318315193
0.8488721805	0.2473374784	0.2983035122	1.206058678	0.8335846504	0.833361304
0.8503759398	0.2477919695	0.298852007	1.206060098	0.835116391	0.8348936169
0.8518796992	0.248247201	0.2994014068	1.206061561	0.8366506267	0.8364284582
0.8533834586	0.2487031729	0.2999517116	1.206063068	0.8381873576	0.8379658277
0.854887218	0.2491598851	0.3005029214	1.206064617	0.8397265836	0.8395057256
0.8563909774	0.2496173376	0.3010550363	1.20606621	0.8412683048	0.8410481518
0.8578947368	0.2500755305	0.3016080562	1.206067845	0.8428125211	0.8425931063
0.8593984962	0.2505344638	0.302161981	1.206069522	0.8443592325	0.8441405891
0.8609022556	0.2509941374	0.3027168109	1.206071242	0.8459084391	0.8456906002
0.862406015	0.2514545513	0.3032725458	1.206073003	0.8474601409	0.8472431396
0.8639097744	0.2519157056	0.3038291858	1.206074806	0.8490143378	0.8487982074
0.8654135338	0.2523776003	0.3043867307	1.20607665	0.8505710298	0.8503558035
0.8669172932	0.2528402353	0.3049451806	1.206078535	0.852130217	0.8519159278
0.8684210526	0.2533036106	0.3055045356	1.206080462	0.8536918994	0.8534785805
0.869924812	0.2537677263	0.3060647956	1.206082428	0.8552560769	0.8550437615
0.8714285714	0.2542325823	0.3066259606	1.206084436	0.8568227495	0.8566114708
0.8729323308	0.2546981787	0.3071880306	1.206086483	0.8583919173	0.8581817084
0.8744360902	0.2551645155	0.3077510056	1.20608857	0.8599635802	0.8597544744
0.8759398496	0.2556315925	0.3083148857	1.206090697	0.8615377383	0.8613297686
0.877443609	0.25609941	0.3088796707	1.206092863	0.8631143915	0.8629075912
0.8789473684	0.2565679678	0.3094453608	1.206095069	0.8646935398	0.8644879421
0.8804511278	0.2570372659	0.3100119559	1.206097314	0.8662751834	0.8660708212
0.8819548872	0.2575073044	0.310579456	1.206099597	0.867859322	0.8676562287
0.8834586466	0.2579780832	0.3111478611	1.206101919	0.8694459558	0.8692441646
0.884962406	0.2584496024	0.3117171712	1.206104279	0.8710350848	0.8708346287
0.8864661654	0.2589218619	0.3122873864	1.206106677	0.8726267089	0.8724276211
0.8879699248	0.2593948618	0.3128585065	1.206109113	0.8742208281	0.8740231419
0.8894736842	0.259868602	0.3134305317	1.206111586	0.8758174425	0.8756211909
0.8909774436	0.2603430826	0.3140034619	1.206114097	0.877416552	0.8772217683
0.892481203	0.2608183035	0.3145772971	1.206116645	0.8790181567	0.878824874
0.8939849624	0.2612942648	0.3151520373	1.20611923	0.8806222566	0.880430508
0.8954887218	0.2617709664	0.3157276826	1.206121851	0.8822288515	0.8820386703
0.8969924812	0.2622484083	0.3163042328	1.206124509	0.8838379417	0.8836493609
0.8984962406	0.2627265907	0.3168816881	1.206127204	0.8854495269	0.8852625798
0.9	0.2632055133	0.3174600484	1.206129934	0.8870636074	0.8868783271
0.9015037594	0.2636851763	0.3180393137	1.2061327	0.8886801829	0.8884966026
0.9030075188	0.2641655797	0.318619484	1.206135502	0.8902992536	0.8901174065
0.9045112782	0.2646467234	0.3192005593	1.206138339	0.8919208195	0.8917407387
0.9060150376	0.2651286075	0.3197825396	1.206141211	0.8935448805	0.8933665992
0.907518797	0.2656112319	0.320365425	1.206144118	0.8951714366	0.894994988
0.9090225564	0.2660945966	0.3209492154	1.20614706	0.8968004879	0.8966259051
0.9105263158	0.2665787017	0.3215339108	1.206150036	0.8984320344	0.8982593505
0.9120300752	0.2670635472	0.3221195112	1.206153047	0.900066076	0.8998953243
0.9135338346	0.267549133	0.3227060166	1.206156092	0.9017026127	0.9015338263
0.915037594	0.2680354591	0.323293427	1.20615917	0.9033416446	0.9031748567
0.9165413534	0.2685225256	0.3238817425	1.206162283	0.9049831716	0.9048184154
0.9180451128	0.2690103325	0.3244709629	1.206165428	0.9066271938	0.9064645024
0.9195488722	0.2694988797	0.3250610884	1.206168607	0.9082737111	0.9081131177
0.9210526316	0.2699881672	0.3256521189	1.206171819	0.9099227236	0.9097642613
0.922556391	0.2704781951	0.3262440544	1.206175064	0.9115742312	0.9114179332
0.9240601504	0.2709689633	0.3268368949	1.206178342	0.913228234	0.9130741335
0.9255639098	0.2714604719	0.3274306404	1.206181652	0.9148847319	0.914732862
0.9270676692	0.2719527209	0.328025291	1.206184994	0.916543725	0.9163941189
0.9285714286	0.2724457102	0.3286208466	1.206188368	0.9182052132	0.9180579041
0.930075188	0.2729394398	0.3292173071	1.206191774	0.9198691965	0.9197242176
0.9315789474	0.2734339098	0.3298146727	1.206195212	0.921535675	0.9213930594
0.9330827068	0.2739291201	0.3304129433	1.206198681	0.9232046487	0.9230644295
0.9345864662	0.2744250708	0.331012119	1.206202181	0.9248761175	0.9247383279
0.9360902256	0.2749217618	0.3316121996	1.206205713	0.9265500814	0.9264147547
0.937593985	0.2754191932	0.3322131853	1.206209275	0.9282265405	0.9280937097
0.9390977444	0.2759173649	0.3328150759	1.206212867	0.9299054947	0.9297751931
0.9406015038	0.276416277	0.3334178716	1.206216491	0.9315869441	0.9314592048
0.9421052632	0.2769159294	0.3340215723	1.206220144	0.9332708886	0.9331457448
0.9436090226	0.2774163222	0.334626178	1.206223828	0.9349573283	0.9348348131
0.945112782	0.2779174553	0.3352316888	1.206227541	0.9366462631	0.9365264097
0.9466165414	0.2784193288	0.3358381045	1.206231284	0.9383376931	0.9382205346
0.9481203008	0.2789219426	0.3364454253	1.206235057	0.9400316182	0.9399171879
0.9496240602	0.2794252968	0.3370536511	1.206238859	0.9417280385	0.9416163694
0.9511278195	0.2799293913	0.3376627818	1.206242689	0.9434269539	0.9433180793
0.9526315789	0.2804342262	0.3382728177	1.206246549	0.9451283644	0.9450223175
0.9541353383	0.2809398014	0.3388837585	1.206250438	0.9468322701	0.946729084
0.9556390977	0.281446117	0.3394956043	1.206254355	0.948538671	0.9484383788
0.9571428571	0.2819531729	0.3401083552	1.206258301	0.9502475669	0.9501502019
0.9586466165	0.2824609691	0.340722011	1.206262274	0.9519589581	0.9518645533
0.9601503759	0.2829695057	0.3413365719	1.206266276	0.9536728444	0.9535814331
0.9616541353	0.2834787827	0.3419520378	1.206270305	0.9553892258	0.9553008411
0.9631578947	0.2839888	0.3425684087	1.206274363	0.9571081024	0.9570227775
0.9646616541	0.2844995577	0.3431856846	1.206278447	0.9588294741	0.9587472421
0.9661654135	0.2850110557	0.3438038656	1.206282559	0.960553341	0.9604742351
0.9676691729	0.285523294	0.3444229515	1.206286698	0.962279703	0.9622037564
0.9691729323	0.2860362727	0.3450429425	1.206290864	0.9640085602	0.9639358061
0.9706766917	0.2865499918	0.3456638385	1.206295056	0.9657399125	0.965670384
0.9721804511	0.2870644512	0.3462856395	1.206299276	0.9674737599	0.9674074902
0.9736842105	0.2875796509	0.3469083455	1.206303521	0.9692101025	0.9691471248
0.9751879699	0.288095591	0.3475319565	1.206307793	0.9709489403	0.9708892876
0.9766917293	0.2886122715	0.3481564726	1.206312091	0.9726902732	0.9726339788
0.9781954887	0.2891296923	0.3487818936	1.206316414	0.9744341012	0.9743811983
0.9796992481	0.2896478534	0.3494082197	1.206320764	0.9761804244	0.9761309461
0.9812030075	0.2901667549	0.3500354508	1.206325139	0.9779292428	0.9778832222
0.9827067669	0.2906863967	0.3506635869	1.206329539	0.9796805563	0.9796380266
0.9842105263	0.2912067789	0.351292628	1.206333964	0.9814343649	0.9813953594
0.9857142857	0.2917279015	0.3519225742	1.206338415	0.9831906687	0.9831552204
0.9872180451	0.2922497643	0.3525534253	1.20634289	0.9849494676	0.9849176098
0.9887218045	0.2927723676	0.3531851815	1.20634739	0.9867107617	0.9866825275
0.9902255639	0.2932957112	0.3538178427	1.206351914	0.9884745509	0.9884499735
0.9917293233	0.2938197951	0.3544514089	1.206356463	0.9902408352	0.9902199478
0.9932330827	0.2943446194	0.3550858801	1.206361036	0.9920096148	0.9919924504
0.9947368421	0.294870184	0.3557212563	1.206365633	0.9937808894	0.9937674813
0.9962406015	0.295396489	0.3563575375	1.206370254	0.9955546592	0.9955450405
0.9977443609	0.2959235343	0.3569947238	1.206374899	0.9973309242	0.9973251281
0.9992481203	0.29645132	0.3576328151	1.206379567	0.9991096843	0.999107744
1.00075188	0.296979846	0.3582718113	1.206384259	1.00089094	1.000892888
1.002255639	0.2975091124	0.3589117126	1.206388973	1.00267469	1.002680561
1.003759398	0.2980391191	0.359552519	1.206393711	1.004460935	1.004470761
1.005263158	0.2985698662	0.3601942303	1.206398472	1.006249676	1.006263491
1.006766917	0.2991013536	0.3608368466	1.206403255	1.008040912	1.008058748
1.008270677	0.2996335814	0.361480368	1.206408061	1.009834643	1.009856534
1.009774436	0.3001665495	0.3621247944	1.20641289	1.011630869	1.011656848
1.011278195	0.3007002579	0.3627701258	1.206417741	1.01342959	1.01345969
1.012781955	0.3012347067	0.3634163622	1.206422613	1.015230807	1.015265061
1.014285714	0.3017698959	0.3640635036	1.206427508	1.017034518	1.01707296
1.015789474	0.3023058254	0.36471155	1.206432425	1.018840725	1.018883387
1.017293233	0.3028424953	0.3653605015	1.206437363	1.020649427	1.020696343
1.018796992	0.3033799055	0.3660103579	1.206442323	1.022460624	1.022511827
1.020300752	0.303918056	0.3666611194	1.206447304	1.024274316	1.024329839
1.021804511	0.3044569469	0.3673127859	1.206452307	1.026090503	1.026150379
1.023308271	0.3049965782	0.3679653574	1.20645733	1.027909186	1.027973448
1.02481203	0.3055369498	0.3686188339	1.206462374	1.029730363	1.029799045
1.026315789	0.3060780618	0.3692732155	1.20646744	1.031554036	1.031627171
1.027819549	0.3066199141	0.369928502	1.206472525	1.033380204	1.033457825
1.029323308	0.3071625067	0.3705846936	1.206477632	1.035208867	1.035291007
1.030827068	0.3077058397	0.3712417902	1.206482758	1.037040025	1.037126717
1.032330827	0.308249913	0.3718997918	1.206487905	1.038873679	1.038964956
1.033834586	0.3087947267	0.3725586984	1.206493072	1.040709827	1.040805723
1.035338346	0.3093402808	0.37321851	1.206498258	1.042548471	1.042649018
1.036842105	0.3098865752	0.3738792267	1.206503465	1.044389609	1.044494842
1.038345865	0.3104336099	0.3745408483	1.206508691	1.046233243	1.046343194
1.039849624	0.310981385	0.375203375	1.206513936	1.048079372	1.048194074
1.041353383	0.3115299004	0.3758668067	1.206519201	1.049927997	1.050047483
1.042857143	0.3120791562	0.3765311434	1.206524485	1.051779116	1.05190342
1.044360902	0.3126291524	0.3771963851	1.206529789	1.05363273	1.053761885
1.045864662	0.3131798888	0.3778625318	1.206535111	1.05548884	1.055622879
1.047368421	0.3137313657	0.3785295836	1.206540451	1.057347445	1.0574864
1.04887218	0.3142835829	0.3791975404	1.206545811	1.059208545	1.059352451
1.05037594	0.3148365404	0.3798664021	1.206551189	1.06107214	1.061221029
1.051879699	0.3153902383	0.3805361689	1.206556585	1.06293823	1.063092136
1.053383459	0.3159446765	0.3812068407	1.206562	1.064806816	1.064965771
1.054887218	0.3164998551	0.3818784176	1.206567433	1.066677896	1.066841934
1.056390977	0.317055774	0.3825508994	1.206572883	1.068551472	1.068720626
1.057894737	0.3176124333	0.3832242863	1.206578352	1.070427543	1.070601846
1.059398496	0.3181698329	0.3838985781	1.206583838	1.072306108	1.072485595
1.060902256	0.3187279729	0.384573775	1.206589342	1.07418717	1.074371871
1.062406015	0.3192868532	0.3852498769	1.206594863	1.076070726	1.076260676
1.063909774	0.3198464739	0.3859268838	1.206600402	1.077956777	1.07815201
1.065413534	0.3204068349	0.3866047958	1.206605957	1.079845324	1.080045871
1.066917293	0.3209679362	0.3872836127	1.20661153	1.081736366	1.081942261
1.068421053	0.3215297779	0.3879633347	1.20661712	1.083629902	1.083841179
1.069924812	0.32209236	0.3886439616	1.206622727	1.085525934	1.085742626
1.071428571	0.3226556824	0.3893254936	1.20662835	1.087424462	1.087646601
1.072932331	0.3232197452	0.3900079306	1.20663399	1.089325484	1.089553104
1.07443609	0.3237845483	0.3906912726	1.206639646	1.091229001	1.091462135
1.07593985	0.3243500917	0.3913755197	1.206645318	1.093135014	1.093373695
1.077443609	0.3249163756	0.3920606717	1.206651007	1.095043522	1.095287783
1.078947368	0.3254833997	0.3927467288	1.206656712	1.096954524	1.0972044
1.080451128	0.3260511642	0.3934336909	1.206662432	1.098868022	1.099123544
1.081954887	0.3266196691	0.394121558	1.206668169	1.100784016	1.101045217
1.083458647	0.3271889143	0.3948103301	1.206673921	1.102702504	1.102969419
1.084962406	0.3277588998	0.3955000072	1.206679689	1.104623487	1.104896148
1.086466165	0.3283296257	0.3961905893	1.206685472	1.106546966	1.106825406
1.087969925	0.328901092	0.3968820765	1.20669127	1.10847294	1.108757193
1.089473684	0.3294732986	0.3975744687	1.206697084	1.110401409	1.110691507
1.090977444	0.3300462455	0.3982677658	1.206702913	1.112332373	1.11262835
1.092481203	0.3306199328	0.398961968	1.206708757	1.114265832	1.114567721
1.093984962	0.3311943604	0.3996570752	1.206714615	1.116201786	1.116509621
1.095488722	0.3317695284	0.4003530875	1.206720489	1.118140236	1.118454049
1.096992481	0.3323454368	0.4010500047	1.206726377	1.12008118	1.120401005
1.098496241	0.3329220854	0.401747827	1.206732279	1.12202462	1.12235049
1.1	0.3334994745	0.4024465543	1.206738196	1.123970555	1.124302502
1.101503759	0.3340776039	0.4031461865	1.206744127	1.125918985	1.126257043
1.103007519	0.3346564736	0.4038467238	1.206750073	1.12786991	1.128214113
1.104511278	0.3352360837	0.4045481662	1.206756032	1.129823331	1.130173711
1.106015038	0.3358164341	0.4052505135	1.206762005	1.131779246	1.132135837
1.107518797	0.3363975249	0.4059537658	1.206767993	1.133737657	1.134100491
1.109022556	0.336979356	0.4066579232	1.206773994	1.135698563	1.136067674
1.110526316	0.3375619275	0.4073629856	1.206780008	1.137661964	1.138037385
1.112030075	0.3381452393	0.408068953	1.206786036	1.13962786	1.140009624
1.113533835	0.3387292915	0.4087758254	1.206792077	1.141596251	1.141984392
1.115037594	0.339314084	0.4094836028	1.206798132	1.143567137	1.143961687
1.116541353	0.3398996169	0.4101922852	1.2068042	1.145540519	1.145941512
1.118045113	0.3404858901	0.4109018727	1.206810281	1.147516396	1.147923864
1.119548872	0.3410729037	0.4116123652	1.206816375	1.149494767	1.149908745
1.121052632	0.3416606576	0.4123237626	1.206822482	1.151475634	1.151896154
1.122556391	0.3422491519	0.4130360651	1.206828601	1.153458996	1.153886092
1.12406015	0.3428383865	0.4137492727	1.206834733	1.155444854	1.155878557
1.12556391	0.3434283614	0.4144633852	1.206840878	1.157433206	1.157873552
1.127067669	0.3440190767	0.4151784027	1.206847035	1.159424054	1.159871074
1.128571429	0.3446105324	0.4158943253	1.206853204	1.161417396	1.161871125
1.130075188	0.3452027284	0.4166111529	1.206859386	1.163413234	1.163873704
1.131578947	0.3457956648	0.4173288854	1.20686558	1.165411567	1.165878811
1.133082707	0.3463893415	0.4180475231	1.206871786	1.167412395	1.167886447
1.134586466	0.3469837585	0.4187670657	1.206878003	1.169415719	1.169896611
1.136090226	0.3475789159	0.4194875133	1.206884233	1.171421537	1.171909303
1.137593985	0.3481748137	0.420208866	1.206890474	1.173429851	1.173924524
1.139097744	0.3487714518	0.4209311236	1.206896727	1.17544066	1.175942273
1.140601504	0.3493688302	0.4216542863	1.206902991	1.177453963	1.17796255
1.142105263	0.349966949	0.422378354	1.206909267	1.179469762	1.179985355
1.143609023	0.3505658082	0.4231033267	1.206915554	1.181488057	1.182010689
1.145112782	0.3511654077	0.4238292044	1.206921853	1.183508846	1.184038551
1.146616541	0.3517657475	0.4245559872	1.206928162	1.18553213	1.186068942
1.148120301	0.3523668277	0.4252836749	1.206934483	1.18755791	1.188101861
1.14962406	0.3529686483	0.4260122677	1.206940814	1.189586185	1.190137308
1.15112782	0.3535712092	0.4267417655	1.206947156	1.191616955	1.192175283
1.152631579	0.3541745104	0.4274721683	1.206953509	1.19365022	1.194215787
1.154135338	0.354778552	0.4282034761	1.206959873	1.19568598	1.196258819
1.155639098	0.3553833339	0.4289356889	1.206966247	1.197724235	1.198304379
1.157142857	0.3559888562	0.4296688067	1.206972632	1.199764986	1.200352468
1.158646617	0.3565951188	0.4304028296	1.206979027	1.201808232	1.202403085
1.160150376	0.3572021218	0.4311377575	1.206985432	1.203853972	1.20445623
1.161654135	0.3578098652	0.4318735904	1.206991848	1.205902208	1.206511904
1.163157895	0.3584183488	0.4326103283	1.206998274	1.207952939	1.208570106
1.164661654	0.3590275729	0.4333479712	1.207004709	1.210006166	1.210630836
1.166165414	0.3596375372	0.4340865191	1.207011155	1.212061887	1.212694094
1.167669173	0.360248242	0.4348259721	1.20701761	1.214120103	1.214759881
1.169172932	0.360859687	0.43556633	1.207024075	1.216180815	1.216828196
1.170676692	0.3614718725	0.436307593	1.20703055	1.218244022	1.21889904
1.172180451	0.3620847982	0.437049761	1.207037034	1.220309724	1.220972412
1.173684211	0.3626984644	0.437792834	1.207043528	1.222377921	1.223048312
1.17518797	0.3633128708	0.438536812	1.207050031	1.224448613	1.22512674
1.176691729	0.3639280176	0.439281695	1.207056543	1.226521801	1.227207697
1.178195489	0.3645439048	0.4400274831	1.207063065	1.228597483	1.229291182
1.179699248	0.3651605323	0.4407741762	1.207069596	1.230675661	1.231377195
1.181203008	0.3657779002	0.4415217742	1.207076136	1.232756334	1.233465737
1.182706767	0.3663960084	0.4422702773	1.207082684	1.234839502	1.235556807
1.184210526	0.367014857	0.4430196855	1.207089242	1.236925165	1.237650405
1.185714286	0.3676344459	0.4437699986	1.207095808	1.239013323	1.239746532
1.187218045	0.3682547751	0.4445212167	1.207102383	1.241103977	1.241845187
1.188721805	0.3688758447	0.4452733399	1.207108967	1.243197125	1.24394637
1.190225564	0.3694976547	0.4460263681	1.207115559	1.245292769	1.246050081
1.191729323	0.370120205	0.4467803012	1.20712216	1.247390908	1.248156321
1.193233083	0.3707434957	0.4475351394	1.207128769	1.249491542	1.250265089
1.194736842	0.3713675267	0.4482908827	1.207135386	1.251594671	1.252376386
1.196240602	0.371992298	0.4490475309	1.207142012	1.253700295	1.254490211
1.197744361	0.3726178097	0.4498050841	1.207148645	1.255808415	1.256606564
1.19924812	0.3732440618	0.4505635424	1.207155287	1.257919029	1.258725445
1.20075188	0.3738710542	0.4513229057	1.207161936	1.260032139	1.260846855
1.202255639	0.3744987869	0.452083174	1.207168594	1.262147744	1.262970793
1.203759398	0.37512726	0.4528443473	1.207175259	1.264265844	1.265097259
1.205263158	0.3757564734	0.4536064256	1.207181932	1.266386439	1.267226254
1.206766917	0.3763864272	0.4543694089	1.207188613	1.26850953	1.269357777
1.208270677	0.3770171214	0.4551332973	1.207195301	1.270635115	1.271491828
1.209774436	0.3776485559	0.4558980907	1.207201997	1.272763196	1.273628408
1.211278195	0.3782807307	0.456663789	1.2072087	1.274893772	1.275767516
1.212781955	0.3789136459	0.4574303924	1.20721541	1.277026842	1.277909152
1.214285714	0.3795473014	0.4581979008	1.207222128	1.279162409	1.280053316
1.215789474	0.3801816973	0.4589663143	1.207228853	1.28130047	1.282200009
1.217293233	0.3808168335	0.4597356327	1.207235585	1.283441026	1.28434923
1.218796992	0.3814527101	0.4605058562	1.207242324	1.285584078	1.28650098
1.220300752	0.382089327	0.4612769846	1.20724907	1.287729624	1.288655258
1.221804511	0.3827266843	0.4620490181	1.207255823	1.289877666	1.290812064
1.223308271	0.3833647819	0.4628219566	1.207262582	1.292028203	1.292971398
1.22481203	0.3840036199	0.4635958001	1.207269349	1.294181235	1.295133261
1.226315789	0.3846431982	0.4643705487	1.207276122	1.296336762	1.297297652
1.227819549	0.3852835169	0.4651462022	1.207282902	1.298494785	1.299464571
1.229323308	0.3859245759	0.4659227608	1.207289688	1.300655302	1.301634019
1.230827068	0.3865663753	0.4667002244	1.20729648	1.302818315	1.303805995
1.232330827	0.387208915	0.467478593	1.207303279	1.304983823	1.305980499
1.233834586	0.3878521951	0.4682578666	1.207310085	1.307151826	1.308157532
1.235338346	0.3884962155	0.4690380452	1.207316896	1.309322324	1.310337093
1.236842105	0.3891409763	0.4698191288	1.207323714	1.311495317	1.312519182
1.238345865	0.3897864774	0.4706011175	1.207330538	1.313670806	1.314703799
1.239849624	0.3904327188	0.4713840111	1.207337368	1.315848789	1.316890945
1.241353383	0.3910797007	0.4721678098	1.207344204	1.318029268	1.319080619
1.242857143	0.3917274228	0.4729525135	1.207351046	1.320212242	1.321272822
1.244360902	0.3923758853	0.4737381222	1.207357893	1.322397711	1.323467553
1.245864662	0.3930250882	0.4745246359	1.207364746	1.324585675	1.325664812
1.247368421	0.3936750314	0.4753120547	1.207371605	1.326776134	1.327864599
1.24887218	0.3943257149	0.4761003784	1.20737847	1.328969089	1.330066915
1.25037594	0.3949771388	0.4768896072	1.20738534	1.331164538	1.332271759
1.251879699	0.3956293031	0.477679741	1.207392216	1.333362483	1.334479131
1.253383459	0.3962822077	0.4784707798	1.207399097	1.335562923	1.336689032
1.254887218	0.3969358526	0.4792627236	1.207405984	1.337765858	1.338901461
1.256390977	0.3975902379	0.4800555724	1.207412875	1.339971288	1.341116418
1.257894737	0.3982453636	0.4808493263	1.207419772	1.342179213	1.343333904
1.259398496	0.3989012296	0.4816439852	1.207426675	1.344389634	1.345553918
1.260902256	0.3995578359	0.482439549	1.207433582	1.34660255	1.34777646
1.262406015	0.4002151826	0.4832360179	1.207440494	1.34881796	1.35000153
1.263909774	0.4008732697	0.4840333918	1.207447412	1.351035866	1.352229129
1.265413534	0.401532097	0.4848316707	1.207454334	1.353256267	1.354459256
1.266917293	0.4021916648	0.4856308547	1.207461261	1.355479163	1.356691912
1.268421053	0.4028519729	0.4864309436	1.207468193	1.357704555	1.358927096
1.269924812	0.4035130213	0.4872319376	1.207475129	1.359932441	1.361164808
1.271428571	0.4041748101	0.4880338366	1.207482071	1.362162823	1.363405048
1.272932331	0.4048373392	0.4888366406	1.207489016	1.3643957	1.365647817
1.27443609	0.4055006087	0.4896403496	1.207495967	1.366631072	1.367893114
1.27593985	0.4061646185	0.4904449636	1.207502922	1.368868939	1.370140939
1.277443609	0.4068293687	0.4912504827	1.207509881	1.371109301	1.372391293
1.278947368	0.4074948592	0.4920569067	1.207516845	1.373352158	1.374644175
1.280451128	0.4081610901	0.4928642358	1.207523813	1.375597511	1.376899585
1.281954887	0.4088280613	0.4936724699	1.207530785	1.377845359	1.379157524
1.283458647	0.4094957729	0.494481609	1.207537761	1.380095701	1.381417991
1.284962406	0.4101642248	0.4952916531	1.207544742	1.382348539	1.383680986
1.286466165	0.4108334171	0.4961026022	1.207551727	1.384603873	1.385946509
1.287969925	0.4115033497	0.4969144564	1.207558715	1.386861701	1.388214561
1.289473684	0.4121740227	0.4977272155	1.207565708	1.389122024	1.390485141
1.290977444	0.412845436	0.4985408797	1.207572704	1.391384843	1.39275825
1.292481203	0.4135175897	0.4993554489	1.207579705	1.393650156	1.395033887
1.293984962	0.4141904837	0.5001709231	1.207586709	1.395917965	1.397312052
1.295488722	0.4148641181	0.5009873023	1.207593717	1.398188269	1.399592745
1.296992481	0.4155384928	0.5018045865	1.207600728	1.400461068	1.401875967
1.298496241	0.4162136078	0.5026227758	1.207607744	1.402736363	1.404161717
1.3	0.4168894632	0.5034418701	1.207614762	1.405014152	1.406449995
