# VHH-NNLO scan points
# process: WplusHH
# energy_tev: 13.6
# scan_axis: kappa_lambda
# scan_x_key: kappa_lambda
# vmin: -0.7
# vmax: 6.1
# n_points: 400
# fixed_kappa: 1,1,1
#
kappa_lambda	sigma_lo	sigma_nnlo	k	sigma_heft_over_sm_lo	sigma_heft_over_sm_nnlo
-0.7	0.1209826759	0.1468260941	1.213612552	0.4077396691	0.4101835219
-0.6829573935	0.121813823	0.1478206118	1.213496204	0.4105408274	0.4129618752
-0.665914787	0.1226638173	0.1488378542	1.213380257	0.4134055054	0.415803714
-0.6488721805	0.123532659	0.1498778214	1.213264757	0.4163337033	0.4187090382
-0.6318295739	0.1244203479	0.1509405134	1.213149745	0.4193254208	0.4216778478
-0.6147869674	0.1253268841	0.15202593	1.213035264	0.4223806582	0.4247101429
-0.5977443609	0.1262522677	0.1531340715	1.212921354	0.4254994153	0.4278059234
-0.5807017544	0.1271964985	0.1542649377	1.212808053	0.4286816922	0.4309651894
-0.5636591479	0.1281595767	0.1554185287	1.212695396	0.4319274889	0.4341879408
-0.5466165414	0.1291415021	0.1565948444	1.21258342	0.4352368053	0.4374741777
-0.5295739348	0.1301422749	0.1577938849	1.212472158	0.4386096415	0.4408239
-0.5125313283	0.1311618949	0.1590156501	1.21236164	0.4420459975	0.4442371078
-0.4954887218	0.1322003623	0.1602601401	1.212251898	0.4455458732	0.447713801
-0.4784461153	0.1332576769	0.1615273548	1.212142959	0.4491092687	0.4512539796
-0.4614035088	0.1343338389	0.1628172943	1.21203485	0.452736184	0.4548576437
-0.4443609023	0.1354288481	0.1641299585	1.211927597	0.4564266191	0.4585247933
-0.4273182957	0.1365427047	0.1654653475	1.211821224	0.4601805739	0.4622554282
-0.4102756892	0.1376754085	0.1668234613	1.211715753	0.4639980485	0.4660495487
-0.3932330827	0.1388269597	0.1682042998	1.211611204	0.4678790428	0.4699071545
-0.3761904762	0.1399973581	0.1696078631	1.211507598	0.471823557	0.4738282459
-0.3591478697	0.1411866039	0.1710341511	1.211404952	0.4758315909	0.4778128226
-0.3421052632	0.1423946969	0.1724831639	1.211303283	0.4799031445	0.4818608848
-0.3250626566	0.1436216372	0.1739549014	1.211202606	0.484038218	0.4859724325
-0.3080200501	0.1448674249	0.1754493637	1.211102936	0.4882368112	0.4901474656
-0.2909774436	0.1461320598	0.1769665507	1.211004285	0.4924989242	0.4943859841
-0.2739348371	0.1474155421	0.1785064625	1.210906665	0.4968245569	0.4986879881
-0.2568922306	0.1487178716	0.180069099	1.210810087	0.5012137095	0.5030534775
-0.2398496241	0.1500390485	0.1816544603	1.210714559	0.5056663818	0.5074824524
-0.2228070175	0.1513790726	0.1832625464	1.210620089	0.5101825738	0.5119749127
-0.205764411	0.1527379441	0.1848933572	1.210526686	0.5147622857	0.5165308585
-0.1887218045	0.1541156628	0.1865468928	1.210434354	0.5194055173	0.5211502897
-0.171679198	0.1555122288	0.1882231531	1.2103431	0.5241122687	0.5258332064
-0.1546365915	0.1569276422	0.1899221382	1.210252926	0.5288825398	0.5305796085
-0.137593985	0.1583619028	0.191643848	1.210163837	0.5337163307	0.535389496
-0.1205513784	0.1598150108	0.1933882826	1.210075835	0.5386136414	0.540262869
-0.1035087719	0.161286966	0.1951554419	1.209988921	0.5435744719	0.5451997274
-0.08646616541	0.1627777686	0.196945326	1.209903095	0.5485988221	0.5502000713
-0.0694235589	0.1642874184	0.1987579349	1.209818358	0.5536866921	0.5552639006
-0.05238095238	0.1658159155	0.2005932685	1.20973471	0.5588380819	0.5603912154
-0.03533834586	0.16736326	0.2024513268	1.209652147	0.5640529914	0.5655820156
-0.01829573935	0.1689294517	0.2043321099	1.209570669	0.5693314207	0.5708363013
-0.001253132832	0.1705144908	0.2062356178	1.209490272	0.5746733698	0.5761540724
0.01578947368	0.1721183771	0.2081618504	1.209410953	0.5800788386	0.5815353289
0.0328320802	0.1737411107	0.2101108078	1.209332707	0.5855478273	0.5869800709
0.04987468672	0.1753826917	0.2120824899	1.209255531	0.5910803357	0.5924882984
0.06691729323	0.1770431199	0.2140768968	1.209179418	0.5966763638	0.5980600112
0.08395989975	0.1787223955	0.2160940284	1.209104365	0.6023359117	0.6036952096
0.1010025063	0.1804205183	0.2181338848	1.209030363	0.6080589794	0.6093938933
0.1180451128	0.1821374884	0.220196466	1.208957408	0.6138455669	0.6151560626
0.1350877193	0.1838733059	0.2222817719	1.208885492	0.6196956742	0.6209817172
0.1521303258	0.1856279706	0.2243898025	1.208814608	0.6256093012	0.6268708573
0.1691729323	0.1874014827	0.226520558	1.208744748	0.631586448	0.6328234829
0.1862155388	0.189193842	0.2286740381	1.208675905	0.6376271145	0.6388395939
0.2032581454	0.1910050486	0.230850243	1.208608069	0.6437313008	0.6449191903
0.2203007519	0.1928351026	0.2330491727	1.208541233	0.6498990069	0.6510622722
0.2373433584	0.1946840038	0.2352708271	1.208475388	0.6561302328	0.6572688395
0.2543859649	0.1965517524	0.2375152063	1.208410525	0.6624249784	0.6635388923
0.2714285714	0.1984383482	0.2397823103	1.208346635	0.6687832438	0.6698724305
0.2884711779	0.2003437913	0.242072139	1.208283708	0.675205029	0.6762694542
0.3055137845	0.2022680818	0.2443846924	1.208221734	0.6816903339	0.6827299633
0.322556391	0.2042112195	0.2467199706	1.208160703	0.6882391587	0.6892539579
0.3395989975	0.2061732045	0.2490779736	1.208100607	0.6948515031	0.6958414379
0.356641604	0.2081540369	0.2514587013	1.208041434	0.7015273674	0.7024924033
0.3736842105	0.2101537165	0.2538621538	1.207983175	0.7082667514	0.7092068542
0.390726817	0.2121722435	0.256288331	1.207925819	0.7150696552	0.7159847905
0.4077694236	0.2142096177	0.258737233	1.207869356	0.7219360788	0.7228262123
0.4248120301	0.2162658392	0.2612088597	1.207813775	0.7288660221	0.7297311195
0.4418546366	0.2183409081	0.2637032112	1.207759066	0.7358594852	0.7366995122
0.4588972431	0.2204348242	0.2662202874	1.207705218	0.7429164681	0.7437313903
0.4759398496	0.2225475876	0.2687600884	1.207652221	0.7500369708	0.7508267539
0.4929824561	0.2246791984	0.2713226142	1.207600063	0.7572209932	0.7579856029
0.5100250627	0.2268296564	0.2739078647	1.207548735	0.7644685354	0.7652079373
0.5270676692	0.2289989617	0.2765158399	1.207498225	0.7717795973	0.7724937572
0.5441102757	0.2311871144	0.27914654	1.207448524	0.779154179	0.7798430626
0.5611528822	0.2333941143	0.2817999647	1.207399619	0.7865922805	0.7872558533
0.5781954887	0.2356199615	0.2844761142	1.207351501	0.7940939018	0.7947321296
0.5952380952	0.2378646561	0.2871749885	1.207304159	0.8016590428	0.8022718912
0.6122807018	0.2401281979	0.2898965876	1.207257582	0.8092877037	0.8098751384
0.6293233083	0.242410587	0.2926409113	1.20721176	0.8169798842	0.8175418709
0.6463659148	0.2447118235	0.2954079599	1.207166682	0.8247355846	0.8252720889
0.6634085213	0.2470319072	0.2981977332	1.207122337	0.8325548047	0.8330657924
0.6804511278	0.2493708382	0.3010102312	1.207078716	0.8404375446	0.8409229813
0.6974937343	0.2517286166	0.303845454	1.207035808	0.8483838043	0.8488436556
0.7145363409	0.2541052422	0.3067034016	1.206993602	0.8563935837	0.8568278154
0.7315789474	0.2565007151	0.3095840739	1.206952089	0.8644668829	0.8648754606
0.7486215539	0.2589150354	0.312487471	1.206911258	0.8726037019	0.8729865913
0.7656641604	0.2613482029	0.3154135928	1.206871099	0.8808040406	0.8811612074
0.7827067669	0.2638002177	0.3183624394	1.206831602	0.8890678991	0.889399309
0.7997493734	0.2662710799	0.3213340107	1.206792758	0.8973952774	0.897700896
0.8167919799	0.2687607893	0.3243283068	1.206754556	0.9057861754	0.9060659685
0.8338345865	0.271269346	0.3273453277	1.206716986	0.9142405933	0.9144945264
0.850877193	0.2737967501	0.3303850733	1.20668004	0.9227585309	0.9229865697
0.8679197995	0.2763430014	0.3334475436	1.206643707	0.9313399882	0.9315420985
0.884962406	0.2789081	0.3365327387	1.206607978	0.9399849654	0.9401611127
0.9020050125	0.2814920459	0.3396406586	1.206572845	0.9486934623	0.9488436124
0.919047619	0.2840948392	0.3427713032	1.206538296	0.9574654789	0.9575895975
0.9360902256	0.2867164797	0.3459246726	1.206504324	0.9663010154	0.9663990681
0.9531328321	0.2893569675	0.3491007667	1.20647092	0.9752000716	0.9752720241
0.9701754386	0.2920163027	0.3522995856	1.206438073	0.9841626476	0.9842084656
0.9872180451	0.2946944851	0.3555211292	1.206405777	0.9931887433	0.9932083925
1.004260652	0.2973915148	0.3587653976	1.206374021	1.002278359	1.002271805
1.021303258	0.3001073918	0.3620323908	1.206342798	1.011431494	1.011398703
1.038345865	0.3028421162	0.3653221087	1.206312098	1.020648149	1.020589086
1.055388471	0.3055956878	0.3686345513	1.206281914	1.029928324	1.029842955
1.072431078	0.3083681067	0.3719697187	1.206252238	1.039272019	1.039160309
1.089473684	0.311159373	0.3753276109	1.20622306	1.048679233	1.048541148
1.106516291	0.3139694865	0.3787082278	1.206194373	1.058149967	1.057985473
1.123558897	0.3167984473	0.3821115695	1.206166169	1.067684221	1.067493284
1.140601504	0.3196462554	0.3855376359	1.20613844	1.077281995	1.07706458
1.15764411	0.3225129109	0.3889864271	1.206111179	1.086943288	1.086699361
1.174686717	0.3253984136	0.392457943	1.206084377	1.096668101	1.096397628
1.191729323	0.3283027636	0.3959521837	1.206058028	1.106456434	1.10615938
1.20877193	0.3312259609	0.3994691492	1.206032124	1.116308287	1.115984618
1.225814536	0.3341680056	0.4030088394	1.206006657	1.12622366	1.125873341
1.242857143	0.3371288975	0.4065712543	1.205981621	1.136202552	1.135825549
1.259899749	0.3401086367	0.410156394	1.205957008	1.146244964	1.145841243
1.276942356	0.3431072232	0.4137642585	1.205932812	1.156350896	1.155920423
1.293984962	0.3461246571	0.4173948477	1.205909025	1.166520348	1.166063088
1.311027569	0.3491609382	0.4210481617	1.205885641	1.176753319	1.176269238
1.328070175	0.3522160666	0.4247242004	1.205862653	1.18704981	1.186538874
1.345112782	0.3552900423	0.4284229639	1.205840054	1.197409821	1.196871995
1.362155388	0.3583828654	0.4321444521	1.205817839	1.207833352	1.207268602
1.379197995	0.3614945357	0.4358886651	1.205796	1.218320402	1.217728694
1.396240602	0.3646250533	0.4396556029	1.205774532	1.228870973	1.228252272
1.413283208	0.3677744182	0.4434452654	1.205753428	1.239485063	1.238839335
1.430325815	0.3709426305	0.4472576526	1.205732682	1.250162672	1.249489883
1.447368421	0.37412969	0.4510927647	1.205712288	1.260903802	1.260203917
1.464411028	0.3773355968	0.4549506014	1.205692241	1.271708451	1.270981436
1.481453634	0.3805603509	0.4588311629	1.205672535	1.28257662	1.281822441
1.498496241	0.3838039524	0.4627344492	1.205653163	1.293508309	1.292726931
1.515538847	0.3870664011	0.4666604602	1.205634121	1.304503518	1.303694907
1.532581454	0.3903476971	0.470609196	1.205615403	1.315562246	1.314726368
1.54962406	0.3936478404	0.4745806566	1.205597003	1.326684494	1.325821315
1.566666667	0.396966831	0.4785748419	1.205578916	1.337870262	1.336979747
1.583709273	0.400304669	0.4825917519	1.205561137	1.34911955	1.348201664
1.60075188	0.4036613542	0.4866313867	1.205543661	1.360432358	1.359487067
1.617794486	0.4070368867	0.4906937463	1.205526483	1.371808685	1.370835956
1.634837093	0.4104312665	0.4947788306	1.205509597	1.383248532	1.38224833
1.651879699	0.4138444936	0.4988866397	1.205492999	1.394751899	1.393724189
1.668922306	0.4172765681	0.5030171735	1.205476684	1.406318785	1.405263533
1.685964912	0.4207274898	0.5071704321	1.205460647	1.417949191	1.416866364
1.703007519	0.4241972588	0.5113464154	1.205444884	1.429643118	1.428532679
1.720050125	0.4276858751	0.5155451235	1.20542939	1.441400563	1.44026248
1.737092732	0.4311933387	0.5197665563	1.20541416	1.453221529	1.452055767
1.754135338	0.4347196497	0.5240107139	1.205399191	1.465106015	1.463912539
1.771177945	0.4382648079	0.5282775963	1.205384477	1.47705402	1.475832796
1.788220551	0.4418288134	0.5325672034	1.205370015	1.489065545	1.487816539
1.805263158	0.4454116662	0.5368795352	1.2053558	1.501140589	1.499863767
1.822305764	0.4490133663	0.5412145918	1.205341828	1.513279154	1.511974481
1.839348371	0.4526339138	0.5455723732	1.205328095	1.525481238	1.52414868
1.856390977	0.4562733085	0.5499528793	1.205314598	1.537746842	1.536386364
1.873433584	0.4599315505	0.5543561102	1.205301332	1.550075966	1.548687535
1.89047619	0.4636086398	0.5587820658	1.205288292	1.56246861	1.56105219
1.907518797	0.4673045764	0.5632307462	1.205275477	1.574924773	1.573480331
1.924561404	0.4710193603	0.5677021514	1.205262881	1.587444456	1.585971957
1.94160401	0.4747529916	0.5721962813	1.205250502	1.600027659	1.598527069
1.958646617	0.4785054701	0.5767131359	1.205238335	1.612674382	1.611145666
1.975689223	0.4822767959	0.5812527153	1.205226377	1.625384624	1.623827749
1.99273183	0.486066969	0.5858150195	1.205214624	1.638158386	1.636573317
2.009774436	0.4898759894	0.5904000484	1.205203074	1.650995668	1.649382371
2.026817043	0.4937038571	0.5950078021	1.205191723	1.66389647	1.66225491
2.043859649	0.4975505722	0.5996382805	1.205180567	1.676860791	1.675190934
2.060902256	0.5014161345	0.6042914837	1.205169603	1.689888633	1.688190444
2.077944862	0.5053005441	0.6089674116	1.205158828	1.702979994	1.70125344
2.094987469	0.509203801	0.6136660643	1.205148239	1.716134875	1.71437992
2.112030075	0.5131259052	0.6183874417	1.205137834	1.729353275	1.727569887
2.129072682	0.5170668567	0.6231315439	1.205127607	1.742635196	1.740823338
2.146115288	0.5210266555	0.6278983709	1.205117558	1.755980636	1.754140276
2.163157895	0.5250053017	0.6326879226	1.205107683	1.769389596	1.767520698
2.180200501	0.5290027951	0.6375001991	1.205097979	1.782862075	1.780964606
2.197243108	0.5330191358	0.6423352003	1.205088443	1.796398075	1.794472
2.214285714	0.5370543238	0.6471929262	1.205079072	1.809997594	1.808042879
2.231328321	0.5411083591	0.652073377	1.205069864	1.823660633	1.821677243
2.248370927	0.5451812417	0.6569765525	1.205060817	1.837387192	1.835375093
2.265413534	0.5492729716	0.6619024527	1.205051927	1.85117727	1.849136428
2.28245614	0.5533835488	0.6668510777	1.205043191	1.865030868	1.862961249
2.299498747	0.5575129734	0.6718224274	1.205034608	1.878947987	1.876849555
2.316541353	0.5616612452	0.6768165019	1.205026175	1.892928624	1.890801347
2.33358396	0.5658283643	0.6818333012	1.205017889	1.906972782	1.904816624
2.350626566	0.5700143307	0.6868728252	1.205009748	1.921080459	1.918895386
2.367669173	0.5742191444	0.6919350739	1.20500175	1.935251657	1.933037634
2.384711779	0.5784428054	0.6970200475	1.204993892	1.949486373	1.947243367
2.401754386	0.5826853137	0.7021277457	1.204986172	1.96378461	1.961512586
2.418796992	0.5869466693	0.7072581688	1.204978588	1.978146367	1.975845291
2.435839599	0.5912268722	0.7124113165	1.204971137	1.992571643	1.99024148
2.452882206	0.5955259225	0.7175871891	1.204963818	2.007060439	2.004701155
2.469924812	0.59984382	0.7227857864	1.204956628	2.021612755	2.019224316
2.486967419	0.6041805648	0.7280071084	1.204949565	2.03622859	2.033810962
2.504010025	0.6085361569	0.7332511552	1.204942627	2.050907945	2.048461094
2.521052632	0.6129105963	0.7385179268	1.204935812	2.06565082	2.063174711
2.538095238	0.617303883	0.7438074231	1.204929118	2.080457215	2.077951813
2.555137845	0.621716017	0.7491196441	1.204922543	2.09532713	2.092792401
2.572180451	0.6261469983	0.75445459	1.204916085	2.110260564	2.107696474
2.589223058	0.6305968269	0.7598122605	1.204909743	2.125257519	2.122664033
2.606265664	0.6350655028	0.7651926559	1.204903514	2.140317992	2.137695077
2.623308271	0.6395530261	0.770595776	1.204897396	2.155441986	2.152789607
2.640350877	0.6440593966	0.7760216208	1.204891389	2.1706295	2.167947622
2.657393484	0.6485846144	0.7814701904	1.204885489	2.185880533	2.183169122
2.67443609	0.6531286795	0.7869414847	1.204879696	2.201195086	2.198454108
2.691478697	0.6576915919	0.7924355038	1.204874007	2.216573159	2.213802579
2.708521303	0.6622733516	0.7979522477	1.204868421	2.232014751	2.229214536
2.72556391	0.6668739586	0.8034917163	1.204862937	2.247519864	2.244689979
2.742606516	0.6714934129	0.8090539097	1.204857552	2.263088496	2.260228906
2.759649123	0.6761317145	0.8146388278	1.204852265	2.278720647	2.275831319
2.776691729	0.6807888634	0.8202464707	1.204847075	2.294416319	2.291497218
2.793734336	0.6854648596	0.8258768383	1.204841979	2.31017551	2.307226602
2.810776942	0.6901597031	0.8315299307	1.204836977	2.325998222	2.323019472
2.827819549	0.6948733939	0.8372057478	1.204832067	2.341884453	2.338875827
2.844862155	0.699605932	0.8429042897	1.204827248	2.357834203	2.354795667
2.861904762	0.7043573174	0.8486255564	1.204822517	2.373847474	2.370778993
2.878947368	0.7091275501	0.8543695478	1.204817875	2.389924264	2.386825804
2.895989975	0.7139166302	0.8601362639	1.204813318	2.406064574	2.402936101
2.913032581	0.7187245575	0.8659257048	1.204808846	2.422268404	2.419109883
2.930075188	0.7235513321	0.8717378705	1.204804458	2.438535753	2.435347151
2.947117794	0.728396954	0.8775727609	1.204800152	2.454866623	2.451647904
2.964160401	0.7332614232	0.8834303761	1.204795927	2.471261012	2.468012142
2.981203008	0.7381447397	0.889310716	1.204791782	2.487718921	2.484439866
2.998245614	0.7430469035	0.8952137807	1.204787715	2.504240349	2.500931076
3.015288221	0.7479679146	0.9011395701	1.204783725	2.520825298	2.51748577
3.032330827	0.752907773	0.9070880843	1.204779811	2.537473766	2.534103951
3.049373434	0.7578664787	0.9130593233	1.204775972	2.554185754	2.550785616
3.06641604	0.7628440317	0.919053287	1.204772206	2.570961262	2.567530768
3.083458647	0.767840432	0.9250699755	1.204768513	2.587800289	2.584339404
3.100501253	0.7728556796	0.9311093887	1.204764891	2.604702836	2.601211526
3.11754386	0.7778897745	0.9371715266	1.204761339	2.621668903	2.618147134
3.134586466	0.7829427167	0.9432563894	1.204757857	2.63869849	2.635146227
3.151629073	0.7880145062	0.9493639768	1.204754442	2.655791597	2.652208805
3.168671679	0.793105143	0.9554942891	1.204751094	2.672948223	2.669334869
3.185714286	0.7982146271	0.9616473261	1.204747813	2.690168369	2.686524418
3.202756892	0.8033429585	0.9678230878	1.204744596	2.707452035	2.703777453
3.219799499	0.8084901372	0.9740215743	1.204741443	2.724799221	2.721093973
3.236842105	0.8136561632	0.9802427855	1.204738352	2.742209926	2.738473979
3.253884712	0.8188410365	0.9864867215	1.204735324	2.759684152	2.75591747
3.270927318	0.8240447571	0.9927533823	1.204732357	2.777221896	2.773424446
3.287969925	0.829267325	0.9990427678	1.204729449	2.794823161	2.790994908
3.305012531	0.8345087402	1.005354878	1.204726601	2.812487946	2.808628856
3.322055138	0.8397690027	1.011689713	1.204723811	2.83021625	2.826326289
3.339097744	0.8450481125	1.018047273	1.204721078	2.848008074	2.844087207
3.356140351	0.8503460696	1.024427557	1.204718401	2.865863418	2.861911611
3.373182957	0.855662874	1.030830567	1.20471578	2.883782281	2.8797995
3.390225564	0.8609985257	1.037256301	1.204713214	2.901764665	2.897750874
3.40726817	0.8663530247	1.04370476	1.204710701	2.919810568	2.915765734
3.424310777	0.871726371	1.050175943	1.204708241	2.937919991	2.93384408
3.441353383	0.8771185646	1.056669851	1.204705833	2.956092934	2.951985911
3.45839599	0.8825296055	1.063186484	1.204703477	2.974329396	2.970191227
3.475438596	0.8879594937	1.069725842	1.204701171	2.992629378	2.988460029
3.492481203	0.8934082292	1.076287925	1.204698916	3.01099288	3.006792317
3.50952381	0.898875812	1.082872732	1.204696709	3.029419902	3.025188089
3.526566416	0.9043622421	1.089480264	1.20469455	3.047910443	3.043647347
3.543609023	0.9098675195	1.096110521	1.204692439	3.066464505	3.062170091
3.560651629	0.9153916442	1.102763503	1.204690375	3.085082086	3.08075632
3.577694236	0.9209346162	1.109439209	1.204688356	3.103763187	3.099406035
3.594736842	0.9264964355	1.11613764	1.204686383	3.122507807	3.118119235
3.611779449	0.9320771021	1.122858796	1.204684455	3.141315948	3.13689592
3.628822055	0.937676616	1.129602677	1.204682571	3.160187608	3.155736091
3.645864662	0.9432949772	1.136369282	1.20468073	3.179122788	3.174639747
3.662907268	0.9489321856	1.143158612	1.204678932	3.198121487	3.193606889
3.679949875	0.9545882414	1.149970667	1.204677176	3.217183707	3.212637516
3.696992481	0.9602631445	1.156805447	1.204675461	3.236309446	3.231731629
3.714035088	0.9659568949	1.163662951	1.204673787	3.255498705	3.250889227
3.731077694	0.9716694926	1.17054318	1.204672153	3.274751484	3.27011031
3.748120301	0.9774009376	1.177446134	1.204670559	3.294067782	3.289394879
3.765162907	0.9831512299	1.184371813	1.204669004	3.313447601	3.308742934
3.782205514	0.9889203695	1.191320216	1.204667487	3.332890939	3.328154474
3.79924812	0.9947083564	1.198291344	1.204666007	3.352397797	3.347629499
3.816290727	1.000515191	1.205285197	1.204664565	3.371968174	3.36716801
3.833333333	1.006340872	1.212301775	1.20466316	3.391602072	3.386770006
3.85037594	1.012185401	1.219341077	1.20466179	3.411299489	3.406435488
3.867418546	1.018048777	1.226403104	1.204660456	3.431060426	3.426164455
3.884461153	1.023931	1.233487856	1.204659158	3.450884882	3.445956907
3.901503759	1.029832071	1.240595333	1.204657893	3.470772859	3.465812845
3.918546366	1.035751989	1.247725534	1.204656663	3.490724355	3.485732269
3.935588972	1.041690754	1.254878461	1.204655465	3.510739371	3.505715177
3.952631579	1.047648367	1.262054112	1.204654301	3.530817907	3.525761572
3.969674185	1.053624827	1.269252487	1.20465317	3.550959962	3.545871451
3.986716792	1.059620134	1.276473588	1.20465207	3.571165538	3.566044817
4.003759398	1.065634289	1.283717413	1.204651002	3.591434633	3.586281667
4.020802005	1.07166729	1.290983963	1.204649964	3.611767248	3.606582003
4.037844612	1.077719139	1.298273238	1.204648957	3.632163382	3.626945825
4.054887218	1.083789836	1.305585237	1.204647981	3.652623037	3.647373132
4.071929825	1.089879379	1.312919961	1.204647033	3.673146211	3.667863924
4.088972431	1.09598777	1.32027741	1.204646115	3.693732905	3.688418202
4.106015038	1.102115009	1.327657584	1.204645226	3.714383119	3.709035966
4.123057644	1.108261094	1.335060482	1.204644365	3.735096852	3.729717214
4.140100251	1.114426027	1.342486106	1.204643532	3.755874105	3.750461948
4.157142857	1.120609807	1.349934454	1.204642726	3.776714878	3.771270168
4.174185464	1.126812435	1.357405526	1.204641948	3.797619171	3.792141873
4.19122807	1.13303391	1.364899324	1.204641196	3.818586984	3.813077064
4.208270677	1.139274232	1.372415846	1.20464047	3.839618316	3.83407574
4.225313283	1.145533401	1.379955093	1.20463977	3.860713168	3.855137901
4.24235589	1.151811418	1.387517065	1.204639096	3.88187154	3.876263548
4.259398496	1.158108282	1.395101762	1.204638447	3.903093432	3.89745268
4.276441103	1.164423993	1.402709183	1.204637822	3.924378843	3.918705298
4.293483709	1.170758552	1.410339329	1.204637222	3.945727774	3.940021401
4.310526316	1.177111958	1.4179922	1.204636645	3.967140225	3.96140099
4.327568922	1.183484211	1.425667795	1.204636093	3.988616196	3.982844064
4.344611529	1.189875311	1.433366116	1.204635563	4.010155686	4.004350624
4.361654135	1.196285259	1.441087161	1.204635056	4.031758697	4.025920669
4.378696742	1.202714054	1.44883093	1.204634572	4.053425227	4.047554199
4.395739348	1.209161697	1.456597425	1.204634111	4.075155277	4.069251215
4.412781955	1.215628186	1.464386644	1.204633671	4.096948846	4.091011716
4.429824561	1.222113523	1.472198588	1.204633253	4.118805935	4.112835703
4.446867168	1.228617707	1.480033257	1.204632855	4.140726545	4.134723175
4.463909774	1.235140739	1.487890651	1.204632479	4.162710673	4.156674133
4.480952381	1.241682618	1.495770769	1.204632124	4.184758322	4.178688576
4.497994987	1.248243344	1.503673612	1.204631789	4.206869491	4.200766504
4.515037594	1.254822918	1.51159918	1.204631473	4.229044179	4.222907918
4.532080201	1.261421338	1.519547473	1.204631178	4.251282387	4.245112818
4.549122807	1.268038606	1.52751849	1.204630902	4.273584114	4.267381203
4.566165414	1.274674722	1.535512232	1.204630645	4.295949362	4.289713073
4.58320802	1.281329685	1.543528699	1.204630407	4.318378129	4.312108429
4.600250627	1.288003495	1.551567891	1.204630187	4.340870416	4.33456727
4.617293233	1.294696152	1.559629807	1.204629986	4.363426223	4.357089597
4.63433584	1.301407656	1.567714448	1.204629803	4.38604555	4.379675409
4.651378446	1.308138008	1.575821814	1.204629637	4.408728396	4.402324706
4.668421053	1.314887207	1.583951905	1.204629489	4.431474762	4.425037489
4.685463659	1.321655254	1.59210472	1.204629358	4.454284648	4.447813758
4.702506266	1.328442148	1.60028026	1.204629244	4.477158054	4.470653512
4.719548872	1.335247889	1.608478525	1.204629147	4.500094979	4.493556751
4.736591479	1.342072477	1.616699515	1.204629066	4.523095424	4.516523476
4.753634085	1.348915913	1.624943229	1.204629001	4.546159389	4.539553686
4.770676692	1.355778196	1.633209668	1.204628953	4.569286874	4.562647382
4.787719298	1.362659326	1.641498832	1.20462892	4.592477879	4.585804563
4.804761905	1.369559304	1.649810721	1.204628903	4.615732403	4.609025229
4.821804511	1.376478129	1.658145334	1.2046289	4.639050447	4.632309381
4.838847118	1.383415801	1.666502673	1.204628913	4.662432011	4.655657019
4.855889724	1.39037232	1.674882736	1.204628941	4.685877094	4.679068142
4.872932331	1.397347687	1.683285523	1.204628983	4.709385698	4.70254275
4.889974937	1.404341901	1.691711036	1.20462904	4.732957821	4.726080844
4.907017544	1.411354963	1.700159273	1.20462911	4.756593464	4.749682423
4.92406015	1.418386871	1.708630235	1.204629195	4.780292627	4.773347488
4.941102757	1.425437627	1.717123922	1.204629293	4.804055309	4.797076038
4.958145363	1.43250723	1.725640333	1.204629405	4.827881511	4.820868073
4.97518797	1.439595681	1.734179469	1.20462953	4.851771233	4.844723594
4.992230576	1.446702979	1.74274133	1.204629669	4.875724475	4.868642601
5.009273183	1.453829124	1.751325916	1.20462982	4.899741237	4.892625093
5.026315789	1.460974117	1.759933227	1.204629984	4.923821518	4.91667107
5.043358396	1.468137956	1.768563262	1.20463016	4.947965319	4.940780533
5.060401003	1.475320643	1.777216022	1.204630349	4.97217264	4.964953481
5.077443609	1.482522178	1.785891507	1.20463055	4.99644348	4.989189915
5.094486216	1.489742559	1.794589716	1.204630763	5.020777841	5.013489834
5.111528822	1.496981788	1.80331065	1.204630988	5.045175721	5.037853238
5.128571429	1.504239865	1.812054309	1.204631224	5.069637121	5.062280128
5.145614035	1.511516788	1.820820693	1.204631472	5.094162041	5.086770504
5.162656642	1.518812559	1.829609802	1.204631731	5.11875048	5.111324365
5.179699248	1.526127177	1.838421635	1.204632001	5.143402439	5.135941711
5.196741855	1.533460643	1.847256193	1.204632282	5.168117918	5.160622543
5.213784461	1.540812956	1.856113476	1.204632573	5.192896917	5.18536686
5.230827068	1.548184116	1.864993483	1.204632876	5.217739436	5.210174663
5.247869674	1.555574123	1.873896216	1.204633188	5.242645474	5.235045951
5.264912281	1.562982978	1.882821673	1.204633511	5.267615032	5.259980724
5.281954887	1.57041068	1.891769854	1.204633844	5.29264811	5.284978983
5.298997494	1.577857229	1.900740761	1.204634187	5.317744708	5.310040728
5.3160401	1.585322626	1.909734392	1.20463454	5.342904825	5.335165958
5.333082707	1.592806869	1.918750748	1.204634903	5.368128462	5.360354673
5.350125313	1.600309961	1.927789829	1.204635275	5.393415619	5.385606874
5.36716792	1.607831899	1.936851635	1.204635656	5.418766296	5.41092256
5.384210526	1.615372685	1.945936165	1.204636047	5.444180492	5.436301732
5.401253133	1.622932318	1.95504342	1.204636446	5.469658208	5.461744389
5.418295739	1.630510798	1.9641734	1.204636855	5.495199445	5.487250531
5.435338346	1.638108126	1.973326105	1.204637272	5.5208042	5.512820159
5.452380952	1.645724301	1.982501534	1.204637698	5.546472476	5.538453273
5.469423559	1.653359323	1.991699688	1.204638133	5.572204271	5.564149872
5.486466165	1.661013193	2.000920567	1.204638576	5.597999586	5.589909956
5.503508772	1.66868591	2.010164171	1.204639027	5.623858421	5.615733526
5.520551378	1.676377474	2.019430499	1.204639486	5.649780776	5.641620581
5.537593985	1.684087885	2.028719552	1.204639954	5.67576665	5.667571122
5.554636591	1.691817144	2.03803133	1.204640429	5.701816044	5.693585148
5.571679198	1.69956525	2.047365833	1.204640912	5.727928958	5.71966266
5.588721805	1.707332204	2.05672306	1.204641402	5.754105392	5.745803657
5.605764411	1.715118004	2.066103012	1.204641901	5.780345346	5.772008139
5.622807018	1.722922652	2.075505689	1.204642406	5.806648819	5.798276107
5.639849624	1.730746147	2.084931091	1.204642919	5.833015812	5.82460756
5.656892231	1.73858849	2.094379217	1.204643439	5.859446325	5.851002499
5.673934837	1.74644968	2.103850068	1.204643966	5.885940357	5.877460923
5.690977444	1.754329717	2.113343644	1.2046445	5.91249791	5.903982833
5.70802005	1.762228602	2.122859945	1.20464504	5.939118982	5.930568228
5.725062657	1.770146333	2.13239897	1.204645588	5.965803574	5.957217109
5.742105263	1.778082912	2.141960721	1.204646142	5.992551685	5.983929475
5.75914787	1.786038339	2.151545195	1.204646703	6.019363317	6.010705326
5.776190476	1.794012612	2.161152395	1.20464727	6.046238468	6.037544663
5.793233083	1.802005733	2.17078232	1.204647843	6.073177139	6.064447485
5.810275689	1.810017702	2.180434969	1.204648422	6.10017933	6.091413793
5.827318296	1.818048517	2.190110343	1.204649008	6.12724504	6.118443586
5.844360902	1.82609818	2.199808441	1.2046496	6.15437427	6.145536865
5.861403509	1.83416669	2.209529265	1.204650197	6.18156702	6.172693629
5.878446115	1.842254048	2.219272813	1.2046508	6.20882329	6.199913879
5.895488722	1.850360252	2.229039086	1.204651409	6.23614308	6.227197614
5.912531328	1.858485305	2.238828084	1.204652024	6.263526389	6.254544834
5.929573935	1.866629204	2.248639806	1.204652644	6.290973218	6.28195554
5.946616541	1.874791951	2.258474254	1.20465327	6.318483567	6.309429732
5.963659148	1.882973545	2.268331426	1.204653901	6.346057436	6.336967408
5.980701754	1.891173986	2.278211322	1.204654537	6.373694824	6.364568571
5.997744361	1.899393274	2.288113944	1.204655178	6.401395733	6.392233218
6.014786967	1.90763141	2.29803929	1.204655825	6.429160161	6.419961351
6.031829574	1.915888393	2.307987361	1.204656476	6.456988108	6.44775297
6.04887218	1.924164224	2.317958157	1.204657133	6.484879576	6.475608074
6.065914787	1.932458902	2.327951677	1.204657794	6.512834563	6.503526664
6.082957393	1.940772427	2.337967923	1.20465846	6.54085307	6.531508738
6.1	1.949104799	2.348006893	1.204659131	6.568935097	6.559554299
